52.340657653333334,10.678500200000000
52.340649066666668,10.678489000000000
52.340640633333334,10.678478000000000
52.340632046666667,10.678466800000000
52.340623613333334,10.678455800000000
52.340615026666667,10.678444600000000
52.340606440000000,10.678433400000000
52.340598006666666,10.678422400000000
52.340589419999999,10.678411200000000
52.340580986666666,10.678400200000000
52.340572399999999,10.678389000000000
52.340563966666666,10.678378000000000
52.340555379999999,10.678366800000000
52.340546946666666,10.678355800000000
52.340529773333333,10.678333400000000
52.340521340000000,10.678322400000000
52.340512753333333,10.678311200000000
52.340504320000000,10.678300200000000
52.340495733333334,10.678289000000000
52.340487300000000,10.678278000000000
52.340478713333334,10.678266800000000
52.340470280000001,10.678255800000000
52.340461693333334,10.678244600000000
52.340453106666668,10.678233400000000
52.340444673333335,10.678222400000000
52.340427653333335,10.678200200000000
52.340419066666669,10.678189000000000
52.340410633333335,10.678178000000000
52.340401978333336,10.678166800000000
52.340384773333336,10.678144600000000
52.340376093333336,10.678133400000000
52.340367568333336,10.678122400000000
52.340358888333336,10.678111200000000
52.340350363333336,10.678100200000000
52.340341683333336,10.678089000000000
52.340333158333336,10.678078000000000
52.340324478333336,10.678066800000000
52.340315953333336,10.678055800000000
52.340307273333336,10.678044600000000
52.340298593333336,10.678033400000000
52.340290068333336,10.678022400000000
52.340281388333336,10.678011200000000
52.340272863333336,10.678000200000000
52.340264183333336,10.677989000000000
52.340255658333336,10.677978000000000
52.340238453333336,10.677955800000000
52.340229773333335,10.677944600000000
52.340221093333335,10.677933400000000
52.340212568333335,10.677922400000000
52.340203888333334,10.677911200000000
52.340195363333334,10.677900200000000
52.340186683333333,10.677889000000000
52.340178158333333,10.677878000000000
52.340169478333333,10.677866800000000
52.340160953333332,10.677855800000000
52.340152273333332,10.677844600000000
52.340143593333332,10.677833400000000
52.340135068333331,10.677822400000000
52.340126388333331,10.677811200000000
52.340117863333330,10.677800200000000
52.340100658333330,10.677778000000000
52.340092046666663,10.677766731666666
52.340083613333330,10.677755639999999
52.340075026666663,10.677744346666666
52.340066439999997,10.677733053333333
52.340058006666664,10.677721961666666
52.340049419999997,10.677710668333333
52.340032399999998,10.677688283333333
52.340023966666664,10.677677191666666
52.340015379999998,10.677665898333333
52.340006946666665,10.677654806666666
52.339989773333332,10.677632219999999
52.339981339999999,10.677621128333333
52.339972753333332,10.677609834999999
52.339964319999999,10.677598743333333
52.339955733333333,10.677587449999999
52.339947299999999,10.677576358333333
52.339938645000000,10.677564996666666
52.339930120000000,10.677553813333333
52.339921440000000,10.677542426666666
52.339912760000000,10.677531039999999
52.339904235000000,10.677519856666666
52.339895555000000,10.677508469999999
52.339887030000000,10.677497286666666
52.339869825000000,10.677474716666666
52.339861145000000,10.677463329999999
52.339852620000000,10.677452146666666
52.339843940000000,10.677440759999999
52.339835260000000,10.677429373333333
52.339826735000000,10.677418189999999
52.339818055000000,10.677406803333333
52.339809530000000,10.677395619999999
52.339800850000000,10.677384233333333
52.339792325000000,10.677373049999999
52.339783576666667,10.677361663333333
52.339774960000000,10.677350479999999
52.339766186666667,10.677339093333333
52.339757413333333,10.677327706666666
52.339748796666667,10.677316523333333
52.339740023333333,10.677305136666666
52.339731406666666,10.677293953333333
52.339722633333333,10.677282566666666
52.339714016666666,10.677271383333333
52.339705243333333,10.677259996666666
52.339696626666666,10.677248813333332
52.339687853333332,10.677237426666666
52.339670463333332,10.677214856666666
52.339661689999999,10.677203469999999
52.339653073333332,10.677192286666666
52.339644299999998,10.677180899999999
52.339635683333332,10.677169716666666
52.339626909999998,10.677158261666666
52.339618293333332,10.677146986666666
52.339609519999999,10.677135506666666
52.339600746666666,10.677124026666666
52.339592129999999,10.677112751666666
52.339583356666666,10.677101271666666
52.339574740000000,10.677089996666666
52.339557350000000,10.677067241666666
52.339548576666667,10.677055761666666
52.339539803333334,10.677044281666666
52.339531186666668,10.677033006666666
52.339522413333335,10.677021526666666
52.339513796666668,10.677010251666666
52.339505023333335,10.676998771666666
52.339496406666669,10.676987496666666
52.339487633333336,10.676976016666666
52.339479016666669,10.676964741666666
52.339470243333336,10.676953330000000
52.339461470000003,10.676941943333333
52.339452853333336,10.676930760000000
52.339444080000002,10.676919373333333
52.339435463333336,10.676908190000000
52.339426690000002,10.676896803333333
52.339418073333335,10.676885620000000
52.339409300000002,10.676874233333333
52.339391910000002,10.676851663333333
52.339383136666668,10.676840276666667
52.339374520000001,10.676829093333333
52.339365746666668,10.676817706666667
52.339357130000001,10.676806523333333
52.339348356666668,10.676795136666667
52.339339740000001,10.676783953333333
52.339330966666667,10.676772566666667
52.339322193333334,10.676761180000000
52.339313645000001,10.676749996666667
52.339304965000001,10.676738610000000
52.339296440000001,10.676727426666667
52.339287760000001,10.676716040000000
52.339279235000001,10.676704856666667
52.339270555000001,10.676693470000000
52.339262030000001,10.676682286666667
52.339253350000001,10.676670900000000
52.339236145000001,10.676648330000000
52.339227465000001,10.676636943333333
52.339218940000001,10.676625760000000
52.339210260000001,10.676614373333333
52.339201735000001,10.676603190000000
52.339193055000001,10.676591803333333
52.339184375000001,10.676580416666666
52.339175850000001,10.676569233333333
52.339158781666667,10.676546799999999
52.339150288333334,10.676535599999999
52.339141946666667,10.676524599999999
52.339133453333334,10.676513399999999
52.339125111666667,10.676502399999999
52.339116618333334,10.676491199999999
52.339099783333334,10.676468999999999
52.339091290000000,10.676457799999999
52.339082948333334,10.676446799999999
52.339074455000000,10.676435599999999
52.339066113333334,10.676424599999999
52.339057620000000,10.676413399999999
52.339049278333334,10.676402399999999
52.339032291666667,10.676379999999999
52.339023950000000,10.676368999999999
52.339015456666667,10.676357799999999
52.339007046666667,10.676347141666665
52.338998460000000,10.676336408333332
52.338990026666666,10.676325866666665
52.338981439999999,10.676315133333332
52.338972853333333,10.676304399999999
52.338964419999999,10.676293858333332
52.338955833333332,10.676283124999999
52.338947399999999,10.676272583333332
52.338938813333332,10.676261849999999
52.338930379999998,10.676251308333332
52.338921793333331,10.676240574999999
52.338913359999998,10.676230033333332
52.338904773333331,10.676219299999999
52.338896186666664,10.676208566666666
52.338887753333330,10.676198024999999
52.338879166666664,10.676187291666666
52.338870733333330,10.676176749999999
52.338862146666663,10.676166016666666
52.338845126666663,10.676146034999999
52.338836693333330,10.676136226666666
52.338828106666664,10.676126239999999
52.338819519999997,10.676116253333333
52.338811086666664,10.676106445000000
52.338802499999998,10.676096458333333
52.338794066666665,10.676086650000000
52.338785479999998,10.676076663333333
52.338768459999998,10.676056868333333
52.338760026666665,10.676047060000000
52.338751439999999,10.676037073333333
52.338742853333332,10.676027086666667
52.338734419999999,10.676017278333334
52.338725833333333,10.676007291666667
52.338717400000000,10.675997483333334
52.338708813333333,10.675987496666667
52.338700311666667,10.675978098333334
52.338691631666667,10.675968671666667
52.338683106666667,10.675959413333334
52.338674426666667,10.675949986666667
52.338665746666667,10.675940560000000
52.338648541666667,10.675921875000000
52.338640016666667,10.675912616666666
52.338631336666667,10.675903190000000
52.338622811666667,10.675893931666666
52.338614131666667,10.675884505000000
52.338605451666667,10.675875078333333
52.338596926666667,10.675865819999999
52.338588246666667,10.675856393333333
52.338579721666667,10.675847134999999
52.338571041666667,10.675837708333332
52.338562516666667,10.675828449999999
52.338553836666667,10.675819023333332
52.338545311666667,10.675810243333332
52.338536631666667,10.675801469999999
52.338527951666667,10.675792696666666
52.338519426666667,10.675784079999999
52.338510746666667,10.675775306666666
52.338502221666667,10.675766689999999
52.338493541666667,10.675757916666666
52.338485016666667,10.675749300000000
52.338476336666667,10.675740526666666
52.338467811666667,10.675731910000000
52.338459131666667,10.675723136666666
52.338450451666667,10.675714363333333
52.338441926666667,10.675705746666667
52.338433246666667,10.675696973333333
52.338424721666667,10.675688356666667
52.338416041666667,10.675679583333334
52.338407516666667,10.675670966666667
52.338398836666667,10.675662193333334
52.338390311666668,10.675654055000001
52.338381631666668,10.675645935000001
52.338372951666668,10.675637815000001
52.338364426666668,10.675629840000001
52.338355746666668,10.675621720000001
52.338347221666668,10.675613745000001
52.338338541666668,10.675605625000001
52.338330016666668,10.675597650000001
52.338321336666668,10.675589530000001
52.338312811666668,10.675581555000001
52.338304131666668,10.675573435000001
52.338295451666668,10.675565315000001
52.338286926666668,10.675557340000001
52.338278246666668,10.675549220000001
52.338269721666668,10.675541245000001
52.338261041666668,10.675533125000001
52.338252516666668,10.675525150000001
52.338243836666668,10.675517030000001
52.338235175000002,10.675509601666667
52.338226308333335,10.675502228333334
52.338217441666668,10.675494855000000
52.338208733333334,10.675487613333334
52.338199866666667,10.675480240000000
52.338191158333333,10.675472998333333
52.338182291666666,10.675465625000000
52.338173583333333,10.675458383333333
52.338164716666666,10.675451010000000
52.338156008333332,10.675443768333333
52.338147141666665,10.675436395000000
52.338138274999998,10.675429021666666
52.338129566666664,10.675421780000000
52.338120699999998,10.675414406666666
52.338111991666664,10.675407164999999
52.338103124999997,10.675399791666666
52.338094416666663,10.675392549999999
52.338085549999996,10.675385176666666
52.338076753333330,10.675378433333333
52.338068136666663,10.675372016666666
52.338059363333330,10.675365483333333
52.338050746666664,10.675359066666666
52.338041973333331,10.675352533333333
52.338024583333331,10.675339583333333
52.338015966666665,10.675333166666666
52.338007193333332,10.675326633333333
52.337998419999999,10.675320100000000
52.337989803333332,10.675313683333333
52.337981029999999,10.675307150000000
52.337972413333333,10.675300733333333
52.337963640000000,10.675294200000000
52.337955023333333,10.675287783333333
52.337946250000000,10.675281250000000
52.337937633333334,10.675274833333333
52.337928860000001,10.675268300000000
52.337920156666668,10.675262466666666
52.337902951666668,10.675251366666666
52.337894426666668,10.675245866666666
52.337885746666668,10.675240266666666
52.337877221666668,10.675234766666666
52.337868541666668,10.675229166666666
52.337860016666668,10.675223666666666
52.337851336666668,10.675218066666666
52.337842656666668,10.675212466666666
52.337834131666668,10.675206966666666
52.337825451666668,10.675201366666666
52.337816926666668,10.675195866666666
52.337808246666668,10.675190266666666
52.337799721666668,10.675184766666666
52.337791041666668,10.675179166666666
52.337782516666668,10.675173666666666
52.337773836666668,10.675168066666666
52.337765646666668,10.675163166666666
52.337757763333335,10.675158583333332
52.337749736666668,10.675153916666666
52.337741853333335,10.675149333333332
52.337733826666668,10.675144666666666
52.337725943333335,10.675140083333332
52.337717916666668,10.675135416666666
52.337702006666668,10.675126166666666
52.337693980000001,10.675121499999999
52.337686096666668,10.675116916666666
52.337678070000001,10.675112249999999
52.337670186666668,10.675107666666666
52.337662160000001,10.675102999999999
52.337654276666668,10.675098416666666
52.337646250000001,10.675093749999999
52.337638366666668,10.675089166666666
52.337630340000001,10.675084499999999
52.337622873333335,10.675080463333333
52.337615723333335,10.675076704999999
52.337608443333335,10.675072878333333
52.337601293333335,10.675069119999999
52.337586863333335,10.675061534999999
52.337579583333335,10.675057708333333
52.337572303333335,10.675053881666666
52.337565153333335,10.675050123333333
52.337557873333335,10.675046296666666
52.337550723333335,10.675042538333333
52.337543443333335,10.675038711666666
52.337536293333335,10.675034953333333
52.337529013333335,10.675031126666666
52.337521863333335,10.675027368333333
52.337514583333335,10.675023541666666
52.337507303333335,10.675019714999999
52.337500153333335,10.675015956666666
52.337493083333335,10.675012409999999
52.337486208333335,10.675009018333333
52.337479208333335,10.675005564999999
52.337472333333335,10.675002173333333
52.337465333333334,10.674998719999999
52.337458458333334,10.674995328333333
52.337451458333334,10.674991874999999
52.337444458333334,10.674988421666666
52.337437583333334,10.674985029999999
52.337430583333333,10.674981576666666
52.337423708333333,10.674978184999999
52.337416708333333,10.674974731666666
52.337409833333333,10.674971339999999
52.337402833333332,10.674967886666666
52.337395958333332,10.674964494999999
52.337388958333332,10.674961041666666
52.337381958333332,10.674957588333333
52.337375083333332,10.674954196666666
52.337367943333332,10.674951023333333
52.337360884999999,10.674947998333333
52.337353698333332,10.674944918333333
52.337346639999999,10.674941893333333
52.337339453333333,10.674938813333333
52.337332395000000,10.674935788333333
52.337325208333333,10.674932708333333
52.337318021666667,10.674929628333333
52.337310963333334,10.674926603333333
52.337303776666667,10.674923523333333
52.337296718333334,10.674920498333333
52.337289531666668,10.674917418333333
52.337282473333335,10.674914393333333
52.337275286666668,10.674911313333333
52.337268228333335,10.674908288333333
52.337261041666669,10.674905208333333
52.337253855000002,10.674902128333333
52.337246796666669,10.674899103333333
52.337239610000002,10.674895953333333
52.337232551666669,10.674892836666666
52.337225365000002,10.674889663333333
52.337218306666669,10.674886546666666
52.337211120000002,10.674883373333333
52.337204061666668,10.674880256666666
52.337196875000002,10.674877083333333
52.337189688333335,10.674873909999999
52.337182630000001,10.674870793333333
52.337175443333334,10.674867620000000
52.337168385000001,10.674864503333333
52.337161198333334,10.674861330000000
52.337154140000001,10.674858213333333
52.337146953333334,10.674855040000000
52.337139895000000,10.674851923333333
52.337132708333334,10.674848750000000
52.337125521666667,10.674845576666666
52.337118463333333,10.674842460000000
52.337103571666667,10.674836655000000
52.337096011666667,10.674833761666666
52.337088586666667,10.674830920000000
52.337081026666667,10.674828026666666
52.337073466666667,10.674825133333333
52.337066041666667,10.674822291666666
52.337058481666667,10.674819398333333
52.337051056666667,10.674816556666666
52.337043496666667,10.674813663333333
52.337036071666667,10.674810821666666
52.337028511666667,10.674807928333333
52.337021086666667,10.674805086666666
52.337013526666667,10.674802193333333
52.337005966666667,10.674799300000000
52.336998541666667,10.674796458333333
52.336990981666667,10.674793565000000
52.336983556666667,10.674790723333333
52.336975926666666,10.674787830000000
52.336968410000000,10.674784988333333
52.336960756666666,10.674782095000000
52.336953239999999,10.674779253333333
52.336945586666666,10.674776360000000
52.336937933333332,10.674773466666666
52.336930416666665,10.674770625000000
52.336922763333332,10.674767731666666
52.336915246666665,10.674764890000000
52.336907593333331,10.674761996666667
52.336892423333331,10.674756261666667
52.336884906666664,10.674753420000000
52.336877253333331,10.674750526666667
52.336869599999997,10.674747633333333
52.336862083333330,10.674744791666667
52.336854429999997,10.674741898333333
52.336846913333330,10.674739056666667
52.336839049999997,10.674736303333333
52.336831258333330,10.674733645000000
52.336823324999997,10.674730938333333
52.336815533333330,10.674728280000000
52.336807599999997,10.674725573333333
52.336799666666664,10.674722866666667
52.336791874999997,10.674720208333333
52.336783941666664,10.674717501666667
52.336776149999997,10.674714843333333
52.336760424999997,10.674709478333333
52.336752491666664,10.674706771666666
52.336744699999998,10.674704113333333
52.336736766666664,10.674701406666666
52.336728833333331,10.674698700000000
52.336721041666665,10.674696041666666
52.336705316666665,10.674690676666666
52.336697313333332,10.674687900000000
52.336689429999998,10.674685150000000
52.336681403333332,10.674682350000000
52.336673376666665,10.674679550000000
52.336657466666665,10.674674000000000
52.336649583333332,10.674671250000000
52.336641556666665,10.674668450000000
52.336633673333332,10.674665700000000
52.336625646666665,10.674662900000000
52.336617763333332,10.674660150000000
52.336609736666665,10.674657350000000
52.336601709999998,10.674654550000000
52.336593826666665,10.674651800000000
52.336585799999998,10.674649000000000
52.336577916666665,10.674646250000000
52.336569889999998,10.674643450000000
52.336562006666665,10.674640700000000
52.336553909999999,10.674637829999999
52.336545789999999,10.674634936666666
52.336537814999999,10.674632094999999
52.336529694999999,10.674629201666666
52.336521719999999,10.674626359999999
52.336513599999999,10.674623466666666
52.336505625000000,10.674620624999999
52.336489530000000,10.674614889999999
52.336481410000000,10.674611996666665
52.336473290000000,10.674609103333332
52.336465315000000,10.674606261666665
52.336457195000001,10.674603368333332
52.336449220000001,10.674600526666665
52.336441100000001,10.674597633333332
52.336433125000001,10.674594791666665
52.336425005000001,10.674591898333332
52.336416885000001,10.674589004999998
52.336408910000001,10.674586093333332
52.336400790000001,10.674583106666665
52.336392815000001,10.674580173333332
52.336384695000001,10.674577186666665
52.336376720000001,10.674574253333332
52.336368600000001,10.674571266666666
52.336360625000000,10.674568333333332
52.336352505000000,10.674565346666666
52.336344385000000,10.674562359999999
52.336336410000000,10.674559426666666
52.336320315000000,10.674553506666666
52.336312194999999,10.674550520000000
52.336304219999999,10.674547586666667
52.336296099999999,10.674544600000000
52.336288124999999,10.674541666666667
52.336280004999999,10.674538680000000
52.336271884999999,10.674535693333334
52.336263909999999,10.674532830000000
52.336255789999999,10.674529936666667
52.336247814999999,10.674527095000000
52.336239694999999,10.674524201666667
52.336231720000000,10.674521360000000
52.336223600000000,10.674518466666667
52.336215480000000,10.674515573333333
52.336207505000000,10.674512731666667
52.336199385000000,10.674509838333333
52.336191410000001,10.674506996666666
52.336183290000001,10.674504103333333
52.336175315000001,10.674501261666666
52.336167195000001,10.674498368333333
52.336159220000002,10.674495526666666
52.336151100000002,10.674492633333333
52.336142980000002,10.674489739999999