42.302929735134342 -83.21474945946396 42.302926299792709 -83.214768978450536 18
42.302926299792709 -83.214768978450536 42.302922749705054 -83.214789149403103 19
42.302922749705054 -83.214789149403103 42.302919627587038 -83.214806888710029 17
42.302919627587038 -83.214806888710029 42.302916449599074 -83.21482494545981 17
42.302916449599074 -83.21482494545981 42.30291310704407 -83.214843937249626 18
42.30291310704407 -83.214843937249626 42.302909841365221 -83.214862492243057 17
42.302909841365221 -83.214862492243057 42.302906488618717 -83.214881541939121 18
42.302906488618717 -83.214881541939121 42.302902555989483 -83.214901224344615 18
42.302902555989483 -83.214901224344615 42.302898388566085 -83.214920363622426 18
42.302898388566085 -83.214920363622426 42.302894045268623 -83.214940310618175 19
42.302894045268623 -83.214940310618175 42.3028897049414 -83.214960243972854 19
42.3028897049414 -83.214960243972854 42.302885308899718 -83.214980433201319 19
42.302885308899718 -83.214980433201319 42.302881005790468 -83.215000195628988 19
42.302881005790468 -83.215000195628988 42.30287672923334 -83.215019836113555 19
42.30287672923334 -83.215019836113555 42.302872427249184 -83.215039593374129 19
42.302872427249184 -83.215039593374129 42.302868228818305 -83.21505887505667 18
42.302868228818305 -83.21505887505667 42.30286372071766 -83.215079578926321 20
42.30286372071766 -83.215079578926321 42.30285929100819 -83.21509978116643 19
42.30285929100819 -83.21509978116643 42.302854833394122 -83.215119362828233 19
42.302854833394122 -83.215119362828233 42.302850220905263 -83.215139624832844 19
42.302850220905263 -83.215139624832844 42.302845620755328 -83.215159832634328 19
42.302845620755328 -83.215159832634328 42.302841266154743 -83.215178961772637 18
42.302841266154743 -83.215178961772637 42.302836694701085 -83.215199043515483 19
42.302836694701085 -83.215199043515483 42.302832213827429 -83.215218727353303 19
42.302832213827429 -83.215218727353303 42.302827662891374 -83.215238718965267 19
42.302827662891374 -83.215238718965267 42.302823177384717 -83.215258423155234 19
42.302823177384717 -83.215258423155234 42.302818652024747 -83.215278302415101 19
42.302818652024747 -83.215278302415101 42.302814136687196 -83.215298137647906 19
42.302814136687196 -83.215298137647906 42.302809364446752 -83.215317806805416 19
42.302809364446752 -83.215317806805416 42.302804489260481 -83.215337632562907 19
42.302804489260481 -83.215337632562907 42.302799778342283 -83.215356790296923 18
42.302799778342283 -83.215356790296923 42.302794886754207 -83.215376682755092 19
42.302794886754207 -83.215376682755092 42.302790105378257 -83.2153961270173 19
42.302790105378257 -83.2153961270173 42.302785233892394 -83.215415937726476 19
42.302785233892394 -83.215415937726476 42.302780394360042 -83.215435618491355 19
42.302780394360042 -83.215435618491355 42.302775483919895 -83.215455587614628 19
42.302775483919895 -83.215455587614628 42.302770583330833 -83.215475516676833 19
42.302770583330833 -83.215475516676833 42.302765687692307 -83.215495425606804 19
42.302765687692307 -83.215495425606804 42.302760945694544 -83.215515126881741 19
42.302760945694544 -83.215515126881741 42.302756178055894 -83.21553534824568 19
42.302756178055894 -83.21553534824568 42.30275138730952 -83.215555667618233 19
42.30275138730952 -83.215555667618233 42.302746706086104 -83.215575522462359 19
42.302746706086104 -83.215575522462359 42.302742047922678 -83.215595279500377 19
42.302742047922678 -83.215595279500377 42.302737285726749 -83.215615477779636 19
42.302737285726749 -83.215615477779636 42.302732697602629 -83.215634937754359 19
42.302732697602629 -83.215634937754359 42.302727965914627 -83.215655006637959 19
42.302727965914627 -83.215655006637959 42.302723309708668 -83.215674755373584 19
42.302723309708668 -83.215674755373584 42.302718597977332 -83.215694739613383 19
42.302718597977332 -83.215694739613383 42.302713683010261 -83.215715399657924 20
42.302713683010261 -83.215715399657924 42.302708583188299 -83.215736308927958 20
42.302708583188299 -83.215736308927958 42.302703600092016 -83.215756739622719 19
42.302703600092016 -83.215756739622719 42.302698547830524 -83.215777453894859 20
42.302698547830524 -83.215777453894859 42.302693438556481 -83.21579840191842 20
42.302693438556481 -83.21579840191842 42.302688201104239 -83.215819875472604 20
42.302688201104239 -83.215819875472604 42.302683123787233 -83.215840692472341 20
42.302683123787233 -83.215840692472341 42.30267815464402 -83.215861065959501 19
42.30267815464402 -83.215861065959501 42.302673310078212 -83.215880928679312 19
42.302673310078212 -83.215880928679312 42.302668361839601 -83.21590121645761 19
42.302668361839601 -83.21590121645761 42.302663382413513 -83.215921860797835 20
42.302663382413513 -83.215921860797835 42.302658614172167 -83.215942084718051 19
42.302658614172167 -83.215942084718051 42.302653735124636 -83.215962778609281 20
42.302653735124636 -83.215962778609281 42.302648758656602 -83.215983885697852 20
42.302648758656602 -83.215983885697852 42.302644015011992 -83.216004005293939 19
42.302644015011992 -83.216004005293939 42.30263978872059 -83.216021930598885 17
42.30263978872059 -83.216021930598885 42.302635093737919 -83.216041843801236 19
42.302635093737919 -83.216041843801236 42.302630332648469 -83.21606203738753 19
42.302630332648469 -83.21606203738753 42.302625633654934 -83.216081967601482 19
42.302625633654934 -83.216081967601482 42.302620795392585 -83.216102488507303 20
42.302620795392585 -83.216102488507303 42.302615956469864 -83.216122911806877 19
42.302615956469864 -83.216122911806877 42.30261078819413 -83.216144101737399 20
42.30261078819413 -83.216144101737399 42.30260571310415 -83.216164909606306 20
42.30260571310415 -83.216164909606306 42.302600778018387 -83.216185143457949 19
42.302600778018387 -83.216185143457949 42.302595808896506 -83.216205516857656 19
42.302595808896506 -83.216205516857656 42.302590933361401 -83.216225506551581 19
42.302590933361401 -83.216225506551581 42.302586171213164 -83.216245031359335 19
42.302586171213164 -83.216245031359335 42.302581237380572 -83.216265260072987 19
42.302581237380572 -83.216265260072987 42.302576255075337 -83.216285687524433 19
42.302576255075337 -83.216285687524433 42.302571241190208 -83.216306244453463 20
42.302571241190208 -83.216306244453463 42.302566251841334 -83.21632668695635 20
42.302566251841334 -83.21632668695635 42.302561269538145 -83.216346948322638 19
42.302561269538145 -83.216346948322638 42.302556458404155 -83.216366513600889 19
42.302556458404155 -83.216366513600889 42.302551585481275 -83.21638633015391 19
