  1517,
   960,
  1516,
   171,
   212,
  1540,
   739,
   420,
   611,
   275,
   707,
   740,
   723,
   452,
   627,
   188,
   211,
   455,
   612,
   931,
  1052,
  1250,
  1260,
  1292,
  1515,
   172,
   483,
   908,
  1332,
   540,
   716,
    52,
   311,
  1452,
   416,
   628,
   708,
   836,
   259,
   516,
   820,
   835,
   843,
     3,
   187,
   271,
   484,
   515,
   532,
   680,
   748,
   818,
  1289,
  1527,
  1538,
   423,
   451,
   475,
   687,
   699,
  1105,
  1276,
   116,
   404,
   508,
   700,
   711,
   947,
   972,
  1284,
   255,
   315,
   499,
   548,
   564,
   615,
   675,
   704,
   752,
   755,
   812,
   956,
  1068,
  1264,
    47,
    56,
   108,
   147,
   295,
   520,
   587,
   638,
   676,
   683,
   731,
   852,
   936,
   943,
  1024,
  1027,
  1107,
  1281,
  1307,
  1416,
  1435,
  1476,
  1539,
   107,
   132,
   232,
   476,
   531,
   543,
   608,
   684,
   787,
   851,
   932,
   996,
  1053,
  1104,
  1191,
  1248,
  1249,
  1265,
  1331,
  1484,
  1519,
    76,
   120,
   163,
   195,
   307,
   355,
   424,
   448,
   524,
   547,
   715,
   728,
   744,
   772,
   816,
   828,
   839,
   909,
  1199,
  1217,
  1271,
  1280,
  1348,
    36,
   227,
   233,
   264,
   300,
   308,
   391,
   419,
   535,
   538,
   735,
   763,
   765,
   796,
   832,
   847,
   939,
   942,
  1020,
  1042,
  1067,
  1076,
  1108,
  1269,
  1291,
  1304,
  1447,
    19,
    43,
    51,
    99,
   123,
   167,
   170,
   196,
   235,
   287,
   367,
   403,
   428,
   439,
   459,
   500,
   588,
   801,
   995,
  1026,
  1054,
  1064,
  1315,
  1316,
  1567,
    16,
   200,
   231,
   247,
   260,
   316,
   335,
   352,
   359,
   360,
   396,
   460,
   468,
   480,
   492,
   592,
   622,
   644,
   685,
   732,
   749,
   754,
   767,
   771,
   792,
   795,
   802,
   840,
   848,
   859,
   907,
   948,
   950,
   958,
   968,
  1023,
  1032,
  1056,
  1083,
  1111,
  1268,
  1283,
  1507,
  1510,
  1518,
    48,
    75,
   100,
   115,
   144,
   228,
   250,
   272,
   317,
   318,
   328,
   331,
   376,
   377,
   443,
   456,
   477,
   512,
   552,
   573,
   583,
   603,
   620,
   663,
   692,
   724,
   760,
   766,
   788,
   822,
   827,
   860,
   925,
   967,
   999,
  1028,
  1055,
  1060,
  1088,
  1092,
  1106,
  1116,
  1155,
  1156,
  1184,
  1189,
  1227,
  1244,
  1277,
  1311,
  1312,
  1330,
  1340,
  1379,
  1482,
  1483,
  1497,
  1508,
  1512,
     0,
    57,
    68,
   135,
   136,
   139,
   140,
   148,
   155,
   179,
   220,
   244,
   256,
   270,
   357,
   384,
   399,
   413,
   444,
   498,
   503,
   522,
   523,
   527,
   560,
   561,
   563,
   623,
   632,
   730,
   750,
   751,
   764,
   793,
   811,
   817,
   819,
   923,
   955,
  1035,
  1044,
  1061,
  1077,
  1091,
  1099,
  1139,
  1216,
  1313,
  1314,
  1320,
  1335,
  1395,
  1403,
  1468,
  1495,
  1505,
  1520,
  1535,
    49,
    67,
    80,
   176,
   194,
   224,
   238,
   265,
   297,
   304,
   323,
   380,
   401,
   457,
   464,
   467,
   495,
   507,
   539,
   580,
   593,
   594,
   596,
   617,
   624,
   634,
   691,
   693,
   710,
   762,
   791,
   799,
   876,
   916,
   928,
   954,
   959,
   963,
   976,
   988,
  1012,
  1021,
  1080,
  1103,
  1113,
  1134,
  1179,
  1183,
  1206,
  1207,
  1247,
  1266,
  1275,
  1306,
  1371,
  1450,
  1451,
  1460,
  1492,
  1511,
  1514,
  1528,
  1560,
    44,
    53,
    65,
    66,
    69,
    79,
    87,
    96,
   111,
   131,
   164,
   208,
   251,
   274,
   279,
   280,
   288,
   306,
   314,
   354,
   364,
   372,
   374,
   388,
   421,
   482,
   487,
   491,
   496,
   528,
   534,
   536,
   551,
   557,
   584,
   605,
   619,
   631,
   636,
   637,
   639,
   640,
   686,
   719,
   743,
   747,
   753,
   761,
   768,
   769,
   776,
   780,
   794,
   844,
   862,
   863,
   884,
   969,
  1002,
  1009,
  1038,
  1051,
  1100,
  1131,
  1132,
  1171,
  1190,
  1212,
  1225,
  1253,
  1303,
  1308,
  1336,
  1471,
  1475,
  1503,
  1509,
  1541,
    28,
    64,
    83,
   138,
   150,
   151,
   152,
   203,
   216,
   223,
   236,
   243,
   248,
   252,
   263,
   268,
   278,
   299,
   303,
   305,
   324,
   327,
   363,
   395,
   409,
   440,
   465,
   471,
   519,
   537,
   555,
   566,
   570,
   582,
   660,
   712,
   720,
   725,
   746,
   756,
   784,
   804,
   814,
   831,
   850,
   971,
   993,
  1004,
  1010,
  1039,
  1075,
  1124,
  1182,
  1195,
  1203,
  1205,
  1262,
  1297,
  1317,
  1323,
  1328,
  1339,
  1355,
  1357,
  1406,
  1422,
  1448,
  1462,
  1481,
    35,
    39,
    40,
    58,
    92,
   104,
   112,
   127,
   145,
   165,
   175,
   183,
   204,
   230,
   239,
   240,
   242,
   276,
   282,
   291,
   301,
   313,
   339,
   340,
   356,
   392,
   394,
   397,
   472,
   479,
   509,
   518,
   542,
   569,
   589,
   595,
   607,
   647,
   656,
   671,
   703,
   757,
   783,
   797,
   800,
   809,
   823,
   824,
   834,
   867,
   869,
   903,
   904,
   911,
   926,
   930,
   934,
   938,
   953,
   957,
   961,
   964,
   974,
  1031,
  1057,
  1072,
  1073,
  1079,
  1084,
  1128,
  1133,
  1141,
  1202,
  1214,
  1228,
  1231,
  1239,
  1252,
  1261,
  1274,
  1279,
  1296,
  1343,
  1365,
  1369,
  1408,
  1420,
  1423,
  1427,
  1429,
  1477,
  1522,
  1545,
     4,
     7,
    23,
    24,
    27,
    42,
    72,
    82,
   117,
   133,
   199,
   218,
   254,
   269,
   289,
   290,
   312,
   329,
   330,
   349,
   368,
   370,
   378,
   390,
   398,
   402,
   412,
   431,
   466,
   525,
   533,
   556,
   568,
   579,
   585,
   597,
   604,
   609,
   618,
   661,
   718,
   733,
   738,
   758,
   775,
   777,
   815,
   842,
   868,
   886,
   902,
   910,
   935,
   940,
   941,
   981,
   994,
  1008,
  1014,
  1016,
  1025,
  1043,
  1046,
  1063,
  1070,
  1095,
  1140,
  1157,
  1158,
  1159,
  1161,
  1192,
  1200,
  1215,
  1220,
  1229,
  1235,
  1241,
  1243,
  1255,
  1267,
  1300,
  1309,
  1367,
  1375,
  1393,
  1412,
  1415,
  1443,
  1464,
  1474,
  1525,
  1529,
  1542,
  1551,
  1559,
    17,
    32,
    33,
    37,
    55,
    59,
    62,
    70,
    71,
    74,
    91,
    95,
   128,
   141,
   143,
   157,
   186,
   210,
   214,
   229,
   257,
   285,
   338,
   344,
   358,
   361,
   425,
   427,
   436,
   454,
   473,
   497,
   501,
   513,
   529,
   577,
   598,
   599,
   600,
   616,
   635,
   643,
   646,
   651,
   657,
   672,
   701,
   713,
   727,
   729,
   737,
   759,
   774,
   803,
   806,
   826,
   829,
   856,
   857,
   858,
   877,
   895,
   924,
   933,
   978,
   983,
   987,
   992,
   997,
   998,
  1000,
  1005,
  1007,
  1033,
  1036,
  1048,
  1059,
  1110,
  1112,
  1115,
  1123,
  1147,
  1151,
  1152,
  1163,
  1166,
  1167,
  1172,
  1175,
  1178,
  1181,
  1186,
  1193,
  1204,
  1230,
  1240,
  1251,
  1258,
  1259,
  1287,
  1288,
  1290,
  1295,
  1301,
  1329,
  1359,
  1389,
  1417,
  1432,
  1446,
  1467,
  1472,
  1473,
  1480,
  1513,
  1523,
  1550,
  1553,
  1554,
  1563,
    12,
    25,
    26,
    29,
    41,
    50,
    60,
    77,
    81,
    84,
    89,
    93,
    97,
   137,
   158,
   178,
   185,
   192,
   201,
   205,
   207,
   215,
   237,
   262,
   267,
   281,
   292,
   302,
   336,
   342,
   343,
   348,
   365,
   387,
   407,
   411,
   433,
   474,
   485,
   494,
   514,
   549,
   559,
   567,
   576,
   581,
   602,
   610,
   642,
   649,
   662,
   667,
   696,
   706,
   709,
   726,
   734,
   742,
   745,
   773,
   778,
   786,
   813,
   870,
   887,
   888,
   892,
   899,
   912,
   917,
   937,
   962,
   979,
   980,
   990,
   991,
  1013,
  1034,
  1049,
  1081,
  1082,
  1085,
  1086,
  1087,
  1119,
  1127,
  1148,
  1154,
  1173,
  1176,
  1208,
  1211,
  1213,
  1223,
  1237,
  1256,
  1299,
  1305,
  1310,
  1353,
  1360,
  1363,
  1391,
  1396,
  1401,
  1428,
  1430,
  1431,
  1433,
  1434,
  1437,
  1449,
  1454,
  1456,
  1459,
  1485,
  1506,
  1544,
  1547,
  1549,
     1,
    14,
    20,
    38,
    54,
   103,
   161,
   162,
   169,
   181,
   184,
   189,
   190,
   213,
   221,
   258,
   266,
   294,
   296,
   319,
   334,
   350,
   373,
   375,
   389,
   406,
   408,
   410,
   418,
   426,
   432,
   434,
   449,
   463,
   470,
   478,
   521,
   558,
   575,
   586,
   601,
   629,
   633,
   677,
   679,
   681,
   695,
   697,
   705,
   722,
   779,
   807,
   830,
   833,
   846,
   861,
   871,
   872,
   880,
   893,
   896,
   927,
   949,
   973,
   982,
  1006,
  1011,
  1015,
  1040,
  1065,
  1069,
  1071,
  1089,
  1093,
  1120,
  1145,
  1165,
  1168,
  1238,
  1273,
  1286,
  1293,
  1294,
  1302,
  1321,
  1333,
  1337,
  1342,
  1344,
  1349,
  1384,
  1388,
  1398,
  1414,
  1426,
  1444,
  1445,
  1466,
  1486,
  1487,
  1488,
  1491,
  1499,
  1500,
  1501,
  1502,
  1531,
  1532,
  1546,
  1552,
     2,
     6,
    13,
    31,
    63,
    73,
    88,
    98,
   102,
   109,
   119,
   122,
   126,
   134,
   159,
   182,
   191,
   217,
   225,
   246,
   261,
   283,
   284,
   286,
   298,
   309,
   310,
   320,
   321,
   322,
   345,
   351,
   371,
   383,
   385,
   386,
   415,
   417,
   422,
   429,
   446,
   447,
   453,
   458,
   462,
   481,
   488,
   489,
   490,
   502,
   504,
   510,
   517,
   526,
   553,
   590,
   591,
   606,
   653,
   669,
   721,
   741,
   770,
   782,
   810,
   841,
   864,
   875,
   885,
   897,
   905,
   915,
   918,
   920,
   921,
   989,
  1017,
  1037,
  1045,
  1094,
  1096,
  1097,
  1098,
  1125,
  1135,
  1149,
  1160,
  1164,
  1197,
  1198,
  1209,
  1226,
  1232,
  1233,
  1234,
  1278,
  1319,
  1322,
  1341,
  1351,
  1383,
  1399,
  1407,
  1413,
  1419,
  1421,
  1424,
  1425,
  1439,
  1465,
  1469,
  1479,
  1493,
  1496,
  1526,
  1536,
  1537,
  1555,
  1564,
    18,
    30,
    78,
    85,
    90,
   101,
   113,
   118,
   121,
   129,
   130,
   149,
   168,
   177,
   202,
   234,
   249,
   273,
   293,
   326,
   333,
   346,
   366,
   369,
   379,
   382,
   393,
   400,
   445,
   469,
   486,
   506,
   530,
   545,
   562,
   571,
   574,
   613,
   614,
   650,
   652,
   666,
   673,
   736,
   790,
   805,
   838,
   845,
   854,
   855,
   874,
   879,
   881,
   883,
   900,
   914,
   951,
   952,
   965,
   966,
   970,
   977,
   985,
   986,
  1001,
  1003,
  1041,
  1047,
  1058,
  1078,
  1090,
  1126,
  1136,
  1162,
  1180,
  1196,
  1210,
  1218,
  1222,
  1224,
  1245,
  1246,
  1257,
  1272,
  1298,
  1318,
  1324,
  1327,
  1345,
  1350,
  1364,
  1366,
  1373,
  1378,
  1387,
  1394,
  1410,
  1411,
  1436,
  1441,
  1442,
  1478,
  1490,
  1494,
  1498,
  1504,
  1533,
  1556,
     8,
     9,
    11,
    15,
    21,
    45,
   106,
   124,
   125,
   142,
   146,
   160,
   180,
   193,
   197,
   219,
   241,
   277,
   325,
   353,
   362,
   414,
   435,
   437,
   505,
   565,
   572,
   641,
   645,
   664,
   688,
   698,
   785,
   808,
   821,
   849,
   889,
   894,
   922,
   945,
   975,
   984,
  1018,
  1019,
  1022,
  1029,
  1050,
  1066,
  1118,
  1122,
  1130,
  1138,
  1169,
  1188,
  1221,
  1236,
  1326,
  1338,
  1352,
  1358,
  1362,
  1381,
  1382,
  1392,
  1397,
  1404,
  1440,
  1521,
  1524,
  1530,
  1548,
  1561,
  1565,
    34,
    61,
    86,
   105,
   153,
   156,
   174,
   222,
   337,
   441,
   442,
   493,
   511,
   541,
   544,
   546,
   554,
   625,
   648,
   654,
   659,
   668,
   670,
   682,
   689,
   702,
   798,
   825,
   865,
   866,
   873,
   882,
   890,
   891,
   901,
   919,
   944,
  1102,
  1109,
  1117,
  1137,
  1142,
  1143,
  1144,
  1150,
  1174,
  1177,
  1201,
  1242,
  1282,
  1285,
  1325,
  1347,
  1354,
  1356,
  1370,
  1374,
  1376,
  1377,
  1400,
  1418,
  1438,
  1453,
  1455,
  1489,
  1534,
  1557,
    22,
   110,
   114,
   154,
   173,
   206,
   209,
   245,
   341,
   347,
   381,
   405,
   430,
   438,
   450,
   550,
   578,
   621,
   626,
   665,
   674,
   678,
   690,
   694,
   714,
   717,
   781,
   789,
   837,
   853,
   878,
   906,
   913,
   929,
  1074,
  1114,
  1146,
  1153,
  1170,
  1185,
  1187,
  1219,
  1254,
  1270,
  1334,
  1361,
  1368,
  1380,
  1385,
  1461,
  1470,
  1562,
  1566,
     5,
   166,
   198,
   253,
   332,
   461,
   630,
   658,
   898,
   946,
  1030,
  1062,
  1101,
  1121,
  1129,
  1263,
  1346,
  1372,
  1386,
  1390,
  1402,
  1409,
  1458,
  1543,
    10,
    46,
   226,
   655,
  1463,
  1558,
    94,
  1194,
  1405,
  1457