42.296916666666668, -83.213314876494977
42.296916666666668, -83.213314876494977
42.296916666666668, -83.213314876494977
42.296916666666668, -83.213314876494977
42.296916666666668, -83.213314876494977
42.296916666666668, -83.213314876494977
42.296916666666668, -83.213314876494977
42.296916666666668, -83.213314876494977
42.296916666666668, -83.213314876494977
42.296916666666668, -83.213314876494977
42.296916666666668, -83.213314876494977
42.296916666666668, -83.213314734444054
42.296916666666668, -83.213314581479068
42.296916666666668, -83.213314445826043
42.296916666666668, -83.213314297430514
42.296916666666668, -83.213314154452050
42.296916666666668, -83.213314005457022
42.296916666666668, -83.213313858222179
42.296916666666668, -83.213313711150519
42.296916666666668, -83.213313558676788
42.296916666666668, -83.213313405780085
42.296916817031338, -83.213312431145312
42.296917105273756, -83.213310701690787
42.296917400386960, -83.213308931011596
42.296917691066014, -83.213307186937271
42.296917990993045, -83.213305387375073
42.296918283563954, -83.213303631949600
42.296918575755178, -83.213301878802284
42.296918873952130, -83.213300089620546
42.296919170442131, -83.213298310680571
42.296919473509050, -83.213296492279042
42.296919748280658, -83.213294843649408
42.296920100715120, -83.213292729042607
42.296920843433988, -83.213288272729400
42.296921610784139, -83.213283668628520
42.296922360597613, -83.213279169747665
42.296923051614108, -83.213275023648706
42.296923739158238, -83.213270898383897
42.296924470485763, -83.213266510418748
42.296925170711923, -83.213262309061790
42.296925852651988, -83.213258217421426
42.296926593055943, -83.213253774997668
42.296927259449483, -83.213249776636431
42.296927919905869, -83.213245813898112
42.296928779480560, -83.213240544913162
42.296929813661841, -83.213234081280163
42.296930941353978, -83.213227033204291
42.296932074087785, -83.213219953618037
42.296933152830434, -83.213213211476457
42.296934252126533, -83.213206340875828
42.296935377311179, -83.213199308471800
42.296936483596255, -83.213192394190088
42.296937603325766, -83.213185395880643
42.296938770684328, -83.213178099889632
42.296939888013043, -83.213171116585144
42.296941013197689, -83.213164084181116
42.296942329498087, -83.213155426463231
42.296943712456233, -83.213145884052025
42.296945161797566, -83.213135883596806
42.296946570301820, -83.213126164917455
42.296948052142739, -83.213115940215104
42.296949462431215, -83.213106209224605
42.296950906303152, -83.213096246508258
42.296952427096883, -83.213085753031507
42.296953952526266, -83.213075227568780
42.296955409104555, -83.213065177178578
42.296956894647323, -83.213054926933467
42.296958386908813, -83.213044657941197
42.296960357832262, -83.213032074352995
42.296962294691760, -83.213019708250044
42.296964188283759, -83.213007618393434
42.296966168778901, -83.212994973693682
42.296968099618198, -83.212982646027399
42.296970095380402, -83.212969903853335
42.296972074641189, -83.212957267034469
42.296974008317342, -83.212944921255954
42.296976053388903, -83.212931864260582
42.296978097421004, -83.212918813901766
42.296980127604037, -83.212905993200920
42.296982982688093, -83.212890924701725
42.296985823490580, -83.212875931577472
42.296988732370558, -83.212860579155375
42.296991621118323, -83.212845332986632
42.296994605216575, -83.212829583579193
42.296997621028311, -83.212813666795014
42.297000486403505, -83.212798543981506
42.297003451569672, -83.212782894493401
42.297006279350725, -83.212767970093381
42.297009243046737, -83.212752328364459
42.297012642521352, -83.212734994892216
42.297016115180341, -83.212717466232576
42.297019539948785, -83.212700179306111
42.297023064489188, -83.212682388768869
42.297026644131705, -83.212664320097090
42.297030319835365, -83.212645766545307
42.297033970578525, -83.212627338984575
42.297037536428014, -83.212609339934787
42.297041149607914, -83.212591101979100
42.297044723789227, -83.212573060873382
42.297048831989201, -83.212553464717928
42.297052919732174, -83.212534047938831
42.297057088742314, -83.212514245140653
42.297061129355917, -83.212495052226046
42.297065361205213, -83.212474950941882
42.297069456503273, -83.212455498276128
42.297073661210213, -83.212435525918153
42.297077829181035, -83.212415728056769
42.297081941867788, -83.212396192794685
42.297086408783073, -83.212375056223010
42.297090926174164, -83.212353859234071
42.297095440357459, -83.212332677297056
42.297099824191804, -83.212312106997445
42.297104216565799, -83.212291496627159
42.297108767291888, -83.212270143220124
42.297113185935075, -83.212249409586690
42.297117721055706, -83.212228129405290
42.297122309451645, -83.212206599239735
42.297126656353058, -83.212186202240773
42.297131493410397, -83.212164338706344
42.297136220180121, -83.212143405868972
42.297140943543390, -83.212122488117373
42.297145514315808, -83.212102246125227
42.297150161196996, -83.212081667079971
42.297154746528541, -83.212061360611699
42.297159421314724, -83.212040657987188
42.297164123632584, -83.212019833436656
42.297168837803071, -83.211998956395945
42.297173565739392, -83.211978018392230
42.297178300979212, -83.211957665961762
42.297183226713862, -83.211936774052703
42.297188161920623, -83.211915841968874
42.297193102684986, -83.211894886313118
42.297198175285551, -83.211873371490043
42.297203082414285, -83.211852558495721
42.297208179564990, -83.211830939546189
42.297213160730770, -83.211809812532707
42.297218040941345, -83.211789113708548
42.297222965854438, -83.211768225284047
42.297228045779036, -83.211747502720812
42.297233119978451, -83.211726867643193
42.297238238828839, -83.211706050984944
42.297243375054720, -83.211685163666360
42.297248502188779, -83.211664313321208
42.297253659982495, -83.211643338293428
42.297258808633870, -83.211622400444483
42.297263971327069, -83.211601405492132
42.297269287975219, -83.211579784456333
42.297274516390836, -83.211559192632095
42.297280322644880, -83.211538870742928
42.297286172858612, -83.211518394994854
42.297291822600521, -83.211498620898183
42.297297115470172, -83.211480095854398
42.297302371753297, -83.211461698863474
42.297307263288289, -83.211444578490998
42.297312476561295, -83.211426332035472
42.297317675143837, -83.211408136996582
42.297322598294052, -83.211390905970816
42.297327585903595, -83.211373449337430
42.297333079309666, -83.211356287806794
42.297339399447509, -83.211338406441200
42.297345595866133, -83.211320875110445
42.297351412036157, -83.211304419605014
42.297357097241537, -83.211288334633707
42.297363271240329, -83.211270866734694
42.297369384746581, -83.211253569985303
42.297375029555241, -83.211237599307140
42.297380821733306, -83.211221211681391
42.297386934692732, -83.211203916479121
42.297392286676470, -83.211188774281212
42.297397872701417, -83.211172969917953
42.297404560298617, -83.211157225406751
42.297411523499406, -83.211141076707051
42.297418587301344, -83.211124694698299
42.297425690741250, -83.211108220763208
42.297432942268571, -83.211091403391322
42.297439594390639, -83.211075976129507
42.297446717966622, -83.211059455495842
42.297454138985877, -83.211042245046940
42.297461218405175, -83.211025826819210
42.297468565380711, -83.211008788088705
42.297475294083320, -83.210993183225213
42.297483239806546, -83.210977225784774
42.297491309643590, -83.210961542893898
42.297499063256112, -83.210946474552586
42.297507127330924, -83.210930802860034
42.297515190008831, -83.210915133882210
42.297522990068458, -83.210899975275751
42.297531196453043, -83.210884027018921
42.297538997385743, -83.210868866715757
42.297546849742034, -83.210853606476178
42.297555124749607, -83.210837524857681
42.297563349032046, -83.210821541818220
42.297571587422162, -83.210806955058686
42.297580312746753, -83.210791884043488
42.297588999773446, -83.210776879179207
42.297597720608572, -83.210761815918531
42.297606235752816, -83.210747107942112
42.297614957320910, -83.210732043415391
42.297623704451489, -83.210716934735316
42.297632310484531, -83.210702069769155
42.297640786597903, -83.210687429209685
42.297649150108114, -83.210672983146594
42.297657860343826, -83.210658094707625
42.297665993163591, -83.210645113476062
42.297674425724914, -83.210631653810879
42.297682570683477, -83.210618653203937
42.297691092118122, -83.210605051683260
42.297699418811803, -83.210591760999122
42.297707721488003, -83.210578508650556
42.297716275523989, -83.210564855093125
42.297724737218417, -83.210551348927012
42.297732919807252, -83.210538288256387
42.297741320460879, -83.210524879520776
42.297749077165342, -83.210513226750251
42.297757028844522, -83.210501542650235
42.297765011387838, -83.210489813198819
42.297772944368909, -83.210478156573586
42.297780670609257, -83.210466803730625
42.297788800287947, -83.210454858080297
42.297796715877318, -83.210443227010202
42.297804377286653, -83.210431969429138
42.297812313615417, -83.210420307884831
42.297820195156255, -83.210408726845230
42.297827777344587, -83.210397942500066
42.297834749773408, -83.210388593106870
42.297841877179309, -83.210379035903514
42.297848887436025, -83.210369635786549
42.297855674317553, -83.210360535195406
42.297862685160752, -83.210351134292026
42.297869497260876, -83.210341999885031
42.297876460086108, -83.210332663369385
42.297883239123486, -83.210323573296549
42.297890035608610, -83.210314459827856
42.297897033842510, -83.210305075832395
42.297902454415883, -83.210298034798626
42.297907783239985, -83.210291183453350
42.297913192346805, -83.210284228887446
42.297918418833767, -83.210277509118484
42.297923855654467, -83.210270518920453
42.297929351286925, -83.210263453107288
42.297934501808697, -83.210256831007868
42.297940012260781, -83.210249746140889
42.297945359171834, -83.210242871540970
42.297950505434422, -83.210236254917646
42.297955908298327, -83.210229308378345
42.297960173361325, -83.210224152274321
42.297964174297711, -83.210219381927089
42.297968010183610, -83.210214808370822
42.297971706274787, -83.210210401492887
42.297975637985267, -83.210205713684232
42.297979446882600, -83.210201172306640
42.297983112476260, -83.210196801791128
42.297986835859241, -83.210192362372950
42.297990722516580, -83.210187728281511
42.297994262437939, -83.210183507606047
42.297997820120635, -83.210179265753609
42.298001000976818, -83.210175540567761
42.298003240459401, -83.210173021149842
42.298005478848495, -83.210170502962114
42.298007729479423, -83.210167971002321
42.298010067936858, -83.210165340237708
42.298012311553400, -83.210162816169088
42.298014501881951, -83.210160352049471
42.298016861755933, -83.210157697191235
42.298019084622695, -83.210155196466133
42.298021322158320, -83.210152679238547
42.298023644426664, -83.210150066686666
42.298025872547548, -83.210147560050672
42.298027225433408, -83.210145921644340
42.298028054450143, -83.210144816288690
42.298028870422058, -83.210143728326145
42.298029732711100, -83.210142578607417
42.298030570070928, -83.210141462127652
42.298031453667861, -83.210140283998413
42.298032291117714, -83.210139167398594
42.298033122745416, -83.210138058561668
42.298034003631344, -83.210136884047088
42.298034820923746, -83.210135794323904
42.298035653041630, -83.210134684833392
42.298036536548523, -83.210133506824192
42.298037162452495, -83.210132713601055
42.298037725571781, -83.210132009701937
42.298038288364339, -83.210131306211238
42.298038854164169, -83.210130598961456
42.298039393251983, -83.210129925101683
42.298039964459562, -83.210129211092223
42.298040564559578, -83.210128460967198
42.298041118937121, -83.210127767995274
42.298041695445754, -83.210127047359478
42.298042254250852, -83.210126348853109
42.298042805407746, -83.210125659906993
42.298043449204904, -83.210124872541272
42.298044856636025, -83.210123324367046
42.298046381122440, -83.210121647431990
42.298047816429424, -83.210120068594307
42.298049280695963, -83.210118457901103
42.298050703148704, -83.210116893203093
42.298052214113987, -83.210115231141273
42.298053632898856, -83.210113670477924
42.298055125424725, -83.210112028699470
42.298056606613514, -83.210110399391795
42.298058101190058, -83.210108755357595
42.298059497850957, -83.210107219030604
42.298062013776281, -83.210104556996271
42.298065069641197, -83.210101355613986
42.298068212982493, -83.210098062589765
42.298071140746998, -83.210094995407900
42.298074202945209, -83.210091787390738
42.298077221860098, -83.210088624717997
42.298080300713806, -83.210085399252208
42.298083195202295, -83.210082366930934
42.298086187769307, -83.210079231860732
42.298089341117901, -83.210075928352680
42.298092411363932, -83.210072711904459
42.298095490377307, -83.210069463649830
42.298100001827180, -83.210064529251525
42.298104787273772, -83.210059295169316
42.298109397524641, -83.210054252707423
42.298113967070783, -83.210049254766332
42.298118376732155, -83.210044431699217
42.298122882473763, -83.210039503544337
42.298127556955947, -83.210034390829435
42.298132225303085, -83.210029284824756
42.298136997199215, -83.210024065563360
42.298141375811895, -83.210019276455753
42.298146048053454, -83.210014166191542
42.298151391077120, -83.210008608922877
42.298158043090368, -83.210001956909636
42.298164468565609, -83.209995531434387
42.298171181404378, -83.209988818595619
42.298177557551604, -83.209982442448393
42.298184427201555, -83.209975572798442
42.298190615605591, -83.209969384394412
42.298197142481442, -83.209962857518562
42.298203591619298, -83.209956408380705
42.298210254017384, -83.209949745982613
42.298216660577374, -83.209943339422622
42.298223363376913, -83.209936699464208
42.298231245229736, -83.209929109531856
42.298239569534331, -83.209921093534845
42.298247665276349, -83.209913297635111
42.298255357635590, -83.209905890178064
42.298262727000541, -83.209898793752558
42.298270675198630, -83.209891139932182
42.298278342442096, -83.209883756660702
42.298286354104775, -83.209876041726261
42.298294231546585, -83.209868456041548
42.298302580966954, -83.209860415858984
42.298310141265823, -83.209853135571180
42.298318780888472, -83.209845455838106
42.298327927039544, -83.209837471103043
42.298337415856047, -83.209829187215618
42.298346491393460, -83.209821264127399
42.298355798526877, -83.209813138852198
42.298364473815099, -83.209805565187878
42.298373645710740, -83.209797557977396
42.298382495746765, -83.209789831755472
42.298391412928829, -83.209782046913986
42.298400890501782, -83.209773772842368
42.298409141477521, -83.209766569609570
42.298417429165141, -83.209759435960038
42.298427629641530, -83.209751890402160
42.298437101168886, -83.209744884066851
42.298447224806203, -83.209737395348839
42.298457803585727, -83.209729569950284
42.298467262366700, -83.209722573043820
42.298477547498329, -83.209714964864247
42.298487578543970, -83.209707544638718
42.298497813531796, -83.209699973551821
42.298507539265394, -83.209692779173551
42.298517535799590, -83.209685384477012
42.298527293038411, -83.209678166793509
42.298537927974181, -83.209670299854722
42.298550212827280, -83.209662575316287
42.298562729033300, -83.209654752687527
42.298574953716347, -83.209647112260626
42.298587800279115, -83.209639083158891
42.298600822537743, -83.209630944247237
42.298613536418458, -83.209622998071794
42.298625968754315, -83.209615227861889
42.298639280378495, -83.209606908096774
42.298652239667078, -83.209598808541415
42.298665256262446, -83.209590673169302
42.298679010213640, -83.209582783871710
42.298693615517884, -83.209575061526948
42.298707012379253, -83.209567978128973
42.298719818163960, -83.209561207254296
42.298733268772850, -83.209554095438108
42.298747260216160, -83.209546697663484
42.298760962182335, -83.209539452945734
42.298774769452756, -83.209532152549883
42.298788882996405, -83.209524690216455
42.298802935489881, -83.209517260162428
42.298816760957678, -83.209509962078613
42.298831176362675, -83.209504164578775
42.298845256036820, -83.209498502101127
42.298859190999401, -83.209492897822699
42.298872747883962, -83.209487445597389
42.298886743930062, -83.209481816752756
42.298901592403467, -83.209475845084100
42.298916585588451, -83.209469815216238
42.298930184820186, -83.209464345959987
42.298943414808925, -83.209459025203657
42.298957067660105, -83.209453534383059
42.298971004012451, -83.209448034265790
42.298985603543883, -83.209443685469196
42.298999593462767, -83.209439518259316
42.299013823498825, -83.209435279525167
42.299028134200476, -83.209431016762977
42.299043101974227, -83.209426558277173
42.299057149690398, -83.209422373851083
42.299071759402928, -83.209418022021822
42.299085949497773, -83.209413795185057
42.299100334756353, -83.209409510214414
42.299114284890656, -83.209405354855264
42.299128440105129, -83.209401293311203
42.299143139330816, -83.209398198737375
42.299158190045965, -83.209395030165766
42.299172575464404, -83.209392001656610
42.299186303185905, -83.209389111609980
42.299200627489505, -83.209386095967119
42.299214875320402, -83.209383096423778
42.299229765332036, -83.209379961684476
42.299244219306750, -83.209376918742436
42.299258045666960, -83.209374007929753
42.299273219561741, -83.209370813425593
42.299288055336191, -83.209367979557555
42.299302571823425, -83.209366298701141
42.299317620113889, -83.209364556267516
42.299332712246468, -83.209362808757419
42.299348190886036, -83.209361016493901
42.299362803446058, -83.209359324513258
42.299377093125543, -83.209357669918802
42.299391900205258, -83.209355955414836
42.299406775976223, -83.209354232957139
42.299421217282941, -83.209352560805840
42.299436108564834, -83.209350836552147
42.299451624094765, -83.209349650915314
42.299466177572469, -83.209349038137304
42.299480322775764, -83.209348442549796
42.299494961075467, -83.209347826200329
42.299509486331438, -83.209347214610602
42.299524344290298, -83.209346589012341
42.299538489493592, -83.209345993424833
42.299554005018848, -83.209345340139564
42.299568680633953, -83.209344722218930
42.299583284283628, -83.209344107328405
42.299597440932409, -83.209343511258993
42.299612397789375, -83.209344124047647
42.299627266915358, -83.209345219667455
42.299641736739289, -83.209346285865010
42.299656405574851, -83.209347366726576
42.299671574576990, -83.209348484442515
42.299686417487784, -83.209349578130684
42.299701009116426, -83.209350653303318
42.299715981664512, -83.209351756543697
42.299731000089182, -83.209352863164469
42.299745338997027, -83.209353919715568
42.299760307921602, -83.209355056286753
42.299774518672571, -83.209357653950903
42.299788935574433, -83.209360289298559
42.299803355085814, -83.209362925123216
42.299817945596523, -83.209365592205813
42.299832082053335, -83.209368176289317
42.299847151638488, -83.209370930944672
42.299861403834534, -83.209373536184813
42.299875991889238, -83.209376202818461
42.299890391138575, -83.209378834939315
42.299904854704536, -83.209381478816965
42.299919211641374, -83.209384510781462
42.299933308794550, -83.209388451921058
42.299947649833449, -83.209392461243766
42.299962694466394, -83.209396667270184
42.299976693941240, -83.209400581101860
42.299991076842282, -83.209404602127961
42.300005815416469, -83.209408722589558
42.300020369797238, -83.209412791556218
42.300034812390592, -83.209416829270495
42.300049094977538, -83.209420822251786
42.300063443613645, -83.209424833698449
42.300077442506606, -83.209429365597643
42.300091947431753, -83.209434625625434
42.300106445986714, -83.209439883343165
42.300120530934258, -83.209444991071408
42.300134909062272, -83.209450205117818
42.300148693245795, -83.209455203777779
42.300162412817386, -83.209460179007039
42.300175957208715, -83.209465090709386
42.300190091752754, -83.209470216423156
42.300203919465915, -83.209475230868591
42.300217398031940, -83.209480118700228
42.300231003179455, -83.209485712488870
42.300245127028404, -83.209491832823417
42.300258657578212, -83.209497696061661
42.300272495125824, -83.209503692332305
42.300285278652630, -83.209509231860579
42.300298604037309, -83.209515006193939
42.300312896157649, -83.209521199446087
42.300326211644020, -83.209526969490184
42.300340135276997, -83.209533003064479
42.300353877140886, -83.209538957872169
42.300367079546476, -83.209544678914583
42.300380414035381, -83.209550794638417
42.300393531305318, -83.209556984810746
42.300407313369938, -83.209563488706408
42.300419756201883, -83.209569360604632
42.300433648941983, -83.209575916729179
42.300446817247263, -83.209582130985595
42.300459803219880, -83.209588259197389
42.300473214684828, -83.209594588203331
42.300485839849436, -83.209600546146177
42.300499098060001, -83.209606802829811
42.300512048871639, -83.209612914448783
42.300525843002852, -83.209619489690510
42.300538923420497, -83.209625809442855
42.300551870196486, -83.209632064626760
42.300565061116941, -83.209638437768106
42.300578487875605, -83.209644924853748
42.300591959577019, -83.209651433653320
42.300605586723997, -83.209658017555782
42.300619006066363, -83.209664501058285
42.300632585897375, -83.209671062100227
42.300645641989568, -83.209677370099826
42.300659400404982, -83.209684017424124
42.300672842144721, -83.209690769127988
42.300685974195581, -83.209697863454309
42.300699085085114, -83.209704946348666
42.300712764576524, -83.209712336418733
42.300725583120922, -83.209719261379504
42.300739440744294, -83.209726747681785
42.300752835282530, -83.209733983811631
42.300765559035796, -83.209740857563403
42.300778457152568, -83.209747825511542
42.300791129886747, -83.209754671701276
42.300804543412198, -83.209761918088589
42.300817662083396, -83.209769154454065
42.300830210135210, -83.209776365978087
42.300842119963654, -83.209783210707087
42.300854469586021, -83.209790308191202
42.300865817342732, -83.209796829890465
42.300877975643139, -83.209803817419427
42.300891487267208, -83.209811582720619
42.300904693559410, -83.209819172543732
42.300917933068241, -83.209826781456840
42.300931804853363, -83.209834753747145
42.300945379429464, -83.209842555227667
42.300957850169226, -83.209849722319476
42.300970182794678, -83.209857388487663
42.300981740479742, -83.209864595044237
42.300994819964458, -83.209872750487648
42.301007373571672, -83.209880578030962
42.301020634158903, -83.209888846397121
42.301033623234069, -83.209896945467520
42.301046259315200, -83.209904824435753
42.301058974327553, -83.209912752619928
42.301072216351074, -83.209921009411062
42.301085039344741, -83.209929004924760
42.301098306875659, -83.209937277620497
42.301109990425665, -83.209945073861491
42.301122227227424, -83.209953330016887
42.301134898088797, -83.209961879031795
42.301147700357639, -83.209970516707159
42.301160369005835, -83.209979064228833
42.301172587687191, -83.209987308158432
42.301185528279682, -83.209996039160586
42.301198020011931, -83.210004467317290
42.301210159433836, -83.210012657770619
42.301222857544971, -83.210021225170905
42.301234591263608, -83.210029141896726
42.301246825871388, -83.210037984286444
42.301258992962886, -83.210047035415485
42.301271453084233, -83.210056304530141
42.301284018532400, -83.210065651997681
42.301296042319315, -83.210074596522091
42.301308780033516, -83.210084072138756
42.301319804513483, -83.210092273276288
42.301331592100574, -83.210101042091068
42.301342490079065, -83.210109149123852
42.301353868107412, -83.210117613266888
42.301365588618665, -83.210126332183805
42.301376630982155, -83.210134642146173
42.301388382372657, -83.210144072274346
42.301401044125889, -83.210154232940525
42.301413811081993, -83.210164478028759
42.301425316819056, -83.210173711027636
42.301436676433518, -83.210182826767635
42.301448022813211, -83.210191931887138
42.301459812827616, -83.210201393009811
42.301470752170779, -83.210210171495063
42.301482756777439, -83.210219804821392
42.301495300228083, -83.210229870553391
42.301507657851829, -83.210239787165037
42.301520177091042, -83.210250426694401
42.301532261127669, -83.210260828143646
42.301544129507228, -83.210271043964028
42.301555582635039, -83.210280902352523
42.301567746456882, -83.210291372477656
42.301579776645070, -83.210301727576351
42.301591783003019, -83.210312062162942
42.301603627684010, -83.210322257584551
42.301615865893048, -83.210332791739162
42.301628014705784, -83.210343248945065
42.301640359821747, -83.210353875120830
42.301652471780535, -83.210365236423669
42.301664415412262, -83.210376551443204
42.301676065814583, -83.210387588666450
42.301686559540038, -83.210397530090560
42.301697525783013, -83.210407919162861
42.301708118999308, -83.210417954841446
42.301718665155661, -83.210427945936942
42.301730484104148, -83.210439142835511
42.301742687588550, -83.210450704031260
42.301754861660491, -83.210462237362577
42.301765485312281, -83.210472301874788
42.301775740382432, -83.210482310853664
42.301786679523019, -83.210493107927476
42.301796999730037, -83.210503294105834
42.301807603482899, -83.210513760147620
42.301818941260812, -83.210524950681659
42.301830020589911, -83.210535886123367
42.301840616991122, -83.210546344908977
42.301851622550132, -83.210557207538656
42.301863336276632, -83.210568769138831
42.301874246264084, -83.210579537438136
42.301884951799394, -83.210590103940518
42.301895779777837, -83.210600791295875
42.301906636295129, -83.210612444643388
42.301917196232978, -83.210623860792410
42.301928225210801, -83.210635784011686
42.301939234820068, -83.210647686291964
42.301950710385135, -83.210660092308260
42.301962164731144, -83.210672475385024
42.301972846061766, -83.210684022769485
42.301983846665266, -83.210695915313806
42.301994798662307, -83.210707755310594
42.302006045875721, -83.210719914460242
42.302017083859305, -83.210731847415474
42.302027905565957, -83.210744113360761
42.302039095201543, -83.210757012524013
42.302050064409173, -83.210769657582802
42.302061513523469, -83.210782855867336
42.302072882203049, -83.210795961428516
42.302084194516929, -83.210809002012581
42.302095624597058, -83.210822178354945
42.302106768919046, -83.210835025281682
42.302118007797873, -83.210847981211444
42.302129705338778, -83.210861465876647
42.302140815836779, -83.210874373820829
42.302150496640508, -83.210886720353116
42.302160563221385, -83.210899558891043
42.302170467922714, -83.210912190973900
42.302180941744190, -83.210925548891140
42.302191119483112, -83.210938529195857
42.302200907604053, -83.210951012596482
42.302211095509868, -83.210964005867666
42.302220956719481, -83.210976582482829
42.302231521139284, -83.210990055945757
42.302241793317357, -83.211003156694602
42.302252121865209, -83.211016329335337
42.302262261796074, -83.211030779228551
42.302272159055121, -83.211045470472442
42.302281820399351, -83.211059811530291
42.302291438260411, -83.211074088042793
42.302301291185756, -83.211088713478858
42.302310038001266, -83.211101697033129
42.302320099943522, -83.211116632728661
42.302329325818135, -83.211130327386300
42.302338690966479, -83.211144228778366
42.302348213887505, -83.211158364364266
42.302357434552647, -83.211172051289083
42.302367082401254, -83.211187929634974
42.302375809196214, -83.211203392903229
42.302384769854648, -83.211219270561159
42.302392866285665, -83.211233616868753
42.302401405601692, -83.211248747937503
42.302410161799408, -83.211264263305381
42.302418794951940, -83.211279560645835
42.302427552023005, -83.211295077561232
42.302435863880120, -83.211309805588755
42.302444337209778, -83.211324819734287
42.302453438477407, -83.211340946541853
42.302461692458337, -83.211357210974683
42.302468549571117, -83.211371597466211
42.302475573061706, -83.211386333024890
42.302482480612184, -83.211400825336682
42.302489641766051, -83.211415849718321
42.302496678906451, -83.211430613914843
42.302504045306776, -83.211446068911599
42.302511806552694, -83.211462352309894
42.302519409577386, -83.211478303753850
42.302526682593076, -83.211493562825979
42.302534312168305, -83.211509569974012
42.302541239527649, -83.211524103845576
42.302548069368960, -83.211540449998992
42.302554708992758, -83.211556471699893
42.302561382473428, -83.211572575098913
42.302567713938402, -83.211587853199177
42.302574497262412, -83.211604221654937
42.302580774724909, -83.211619369444890
42.302587812818054, -83.211636352669643
42.302594798134308, -83.211653208541478
42.302601427110808, -83.211669204549992
42.302607553366371, -83.211683987471019
42.302614277019558, -83.211700211938492
42.302620953971761, -83.211717222735174
42.302626910546131, -83.211733639635270
42.302632896309341, -83.211750136982644
42.302638603103787, -83.211765865464898
42.302644813969700, -83.211782983217290
42.302650834937246, -83.211799577591265
42.302656477953732, -83.211815130295236
42.302662878581287, -83.211832771049245
42.302669170109574, -83.211850111114998
42.302675711896285, -83.211868140917403
42.302682471471400, -83.211886770965890
42.302688889983031, -83.211904946274316
42.302695127322615, -83.211923498361287
42.302701226635456, -83.211941639907181
42.302707671697824, -83.211960809836270
42.302713974507469, -83.211979556654697
42.302720315675941, -83.211998417566036
42.302726815025785, -83.212017748965593
42.302733217438345, -83.212036792038830
42.302739715162822, -83.212056118603940
42.302746280047742, -83.212075644928333
42.302752237134563, -83.212093646525844
42.302757751298792, -83.212112783919324
42.302763150406378, -83.212131521998614
42.302768656243025, -83.212150630490484
42.302774037222541, -83.212169305654697
42.302779721224177, -83.212189032483906
42.302785309713514, -83.212208427829268
42.302790889761965, -83.212227793879777
42.302796526460661, -83.212247356539933
42.302801977516516, -83.212266274910277
42.302807516776802, -83.212285499401844
42.302812654199748, -83.212304919885071
42.302817704149085, -83.212324305174434
42.302822681246958, -83.212343410808217
42.302827871319096, -83.212363333988350
42.302833015200306, -83.212383079854931
42.302838093101862, -83.212402572444773
42.302843088438436, -83.212421748091629
42.302848242498186, -83.212441533030656
42.302853218769378, -83.212460635491041
42.302858375774186, -83.212480431735301
42.302862786609303, -83.212499742294924
42.302866899991663, -83.212519043550614
42.302871189534244, -83.212539171404273
42.302875446038655, -83.212559144232657
42.302879207404075, -83.212576793716536
42.302883271055748, -83.212595861620557
42.302887028172165, -83.212613491166806
42.302890984514818, -83.212632055543878
42.302895029002620, -83.212651033525106
42.302899128120465, -83.212670267847315
42.302903305801522, -83.212689870812270
42.302906556141032, -83.212709981407727
42.302909835692255, -83.212730314625318
42.302913154558887, -83.212750891598418
42.302916557638760, -83.212771990693653
42.302919913608235, -83.212792797704381
42.302923089986315, -83.212812491248485
42.302926409703929, -83.212833073497677
42.302929598336156, -83.212852843017515
42.302932930035603, -83.212873499554078
42.302936125101269, -83.212893308961185
42.302938570848141, -83.212912661791052
42.302940841410404, -83.212931734514058
42.302943092489798, -83.212950643580925
42.302945375461370, -83.212969820542185
42.302947656450399, -83.212988980850000
42.302949896099513, -83.213007793902548
42.302952145587966, -83.213026689605542
42.302954486102543, -83.213046349928035
42.302956735003576, -83.213065240696679
42.302959089567366, -83.213085019032505
42.302961451327086, -83.213104857814187
42.302963148601727, -83.213125487241896
42.302964793507819, -83.213146377549279
42.302966449044270, -83.213167402862197
42.302968064608578, -83.213187920528910
42.302969683988486, -83.213208486653741
42.302971338575198, -83.213229499905026
42.302972961920666, -83.213250116392402
42.302974627021101, -83.213271263167982
42.302976210627691, -83.213291374971675
42.302977852951173, -83.213312232479907
42.302979037385676, -83.213333353116525
42.302980040906832, -83.213354761567984
42.302981039436347, -83.213376063530973
42.302982028292668, -83.213397159132512
42.302983018289368, -83.213418279062097
42.302983956338927, -83.213438290785959
42.302984907582832, -83.213458583989379
42.302985894218423, -83.213479632215297
42.302986829807168, -83.213499591441845
42.302987830307330, -83.213520935445359
42.302988485728591, -83.213541419963278
42.302988809223834, -83.213562123658818
42.302989132255050, -83.213582797656485
42.302989450856280, -83.213603188135536
42.302989775963944, -83.213623995025870
42.302990101622434, -83.213644837169085
42.302990436685022, -83.213666281175094
42.302990763899182, -83.213687222880992
42.302991081789351, -83.213707567851785
42.302991401185110, -83.213728009180443
42.302991540367721, -83.213749009991503
42.302990872180821, -83.213770224925412
42.302990225077096, -83.213790770468904
42.302989550942641, -83.213812174237802
42.302988884722708, -83.213833326720675
42.302988212981944, -83.213854654489836
42.302987556816852, -83.213875487731485
42.302986919274559, -83.213895729699445
42.302986262562719, -83.213916580300378
42.302985606717677, -83.213937403380498
42.302984905200532, -83.213958386599828
42.302983779525391, -83.213978809563073
42.302982624508950, -83.213999764861398
42.302981420979066, -83.214021600332188
42.302980321858037, -83.214041541527976
42.302979177640502, -83.214062300903294
42.302978048431811, -83.214082787975258
42.302976902593272, -83.214103576760195
42.302975778434174, -83.214123972218061
42.302974627534375, -83.214144852828667
42.302973519433699, -83.214164956940991
42.302971723338636, -83.214185372443893
42.302969791156947, -83.214205821366775
42.302967925333171, -83.214225568001694
42.302965952480506, -83.214246447359116
42.302963957841953, -83.214267557283804
42.302962036143093, -83.214287895263396
42.302960021019011, -83.214309221993275
42.302958001633776, -83.214330593820335
42.302956030601599, -83.214351453910893
42.302954050727031, -83.214372407583383
42.302951641840757, -83.214393214785787
42.302949004808852, -83.214413816597514
42.302946299834495, -83.214434949209689
42.302943716688929, -83.214455130034438
42.302941068075000, -83.214475822330755
42.302938433272502, -83.214496406725260
42.302935750782503, -83.214517363678382
42.302933111058998, -83.214537986518224
42.302930481150320, -83.214558532679817
42.302927761032322, -83.214579783601650
42.302924747989181, -83.214600325067636
42.302921689808677, -83.214619438695749
42.302918528723900, -83.214639195475613
42.302915265814249, -83.214659588660908
42.302912176003609, -83.214678899977429
42.302908991596908, -83.214698802519294
42.302905778536633, -83.214718884146009
42.302902628180590, -83.214738573871287
42.302899552827576, -83.214757794827648
42.302896443979968, -83.214777225125204
42.302893468881756, -83.214795819489012
42.302889900034351, -83.214815027352515
42.302886486566400, -83.214833281985477
42.302882942067924, -83.214852237346904
42.302879186447655, -83.214872321750917
42.302875645401386, -83.214891258650539
42.302871892274389, -83.214911329721019
42.302868328290103, -83.214930389289151
42.302864567299736, -83.214950502411540
42.302860941098970, -83.214969894702605
42.302857265915186, -83.214989548946320
42.302853534366015, -83.215008600242825
42.302849301198790, -83.215028626380075
42.302845125919774, -83.215048378661578
42.302840903766487, -83.215068352694445
42.302836697570399, -83.215088251237475
42.302832583778624, -83.215107712637007
42.302828517208020, -83.215126950644091
42.302824441401320, -83.215146232345006
42.302820445510704, -83.215165135981408
42.302816264551268, -83.215184915135652
42.302811931564833, -83.215205413494573
42.302807371611671, -83.215225227440015
42.302802796670463, -83.215244997721683
42.302798291630857, -83.215264465928541
42.302793814430650, -83.215283813829430
42.302789249049034, -83.215303542799987
42.302784942615794, -83.215322152743624
42.302780341327420, -83.215342036882703
42.302775870282659, -83.215361358183273
42.302771280419158, -83.215381192950545
42.302766836467683, -83.215400397169418
42.302762154156326, -83.215420207370741
42.302757704184351, -83.215438774495183
42.302752920488672, -83.215458734053016
42.302748227214792, -83.215478316333673
42.302743642505142, -83.215497445639471
42.302738816815811, -83.215517580412197
42.302734002640868, -83.215537667142115
42.302729440476192, -83.215556702380951
42.302724729350182, -83.215576359148116
42.302720125240235, -83.215595569399952
42.302715671430626, -83.215614496992501
42.302711352210672, -83.215634013467849
42.302707179767545, -83.215652866729386
42.302702743180177, -83.215672913531563
42.302698653425679, -83.215691393162984
42.302694375865300, -83.215710721398764
42.302690043719622, -83.215730296279247
42.302685768366082, -83.215749614543398
42.302681566423466, -83.215768601098915
42.302677386278944, -83.215787489159325
42.302673132318162, -83.215806710759921
42.302669002458551, -83.215825937087118
42.302664823907229, -83.215845704849130
42.302660846477245, -83.215864521152525
42.302656607987956, -83.215884572467246
42.302652487252523, -83.215904066715638
42.302648359024843, -83.215923596408118
42.302644287270510, -83.215942858938234
42.302640196330827, -83.215962212229783
42.302636261472394, -83.215980827136988
42.302632197167000, -83.216000054427894
42.302628044600269, -83.216019688157715
42.302623754795199, -83.216039817243043
42.302619557427043, -83.216059512585915
42.302615428725055, -83.216078885726020
42.302611138875882, -83.216099015018287
42.302607159722363, -83.216117686430962
42.302603162884104, -83.216136440825863
42.302599066332171, -83.216155663108012
42.302594810441221, -83.216175633057873
42.302590780747288, -83.216194541621718
42.302586471008297, -83.216214764243119
42.302582345176049, -83.216234226026117
42.302578263463595, -83.216253535665828
42.302574358375779, -83.216272009735093
42.302570227447049, -83.216291552205632
42.302566261296967, -83.216310315146416
42.302562159684939, -83.216329718926389
42.302558140440929, -83.216348733042267
42.302553978448422, -83.216368422468378
42.302549884506462, -83.216387789963022
42.302545961266155, -83.216406349907558
42.302541788109430, -83.216426092148993
42.302537400796709, -83.216445942079091
42.302533072291226, -83.216465500511262
42.302528804262970, -83.216484785675974
42.302524464741190, -83.216504393885486
42.302520045272573, -83.216524363336291
42.302515766542768, -83.216543696856149
42.302511168070559, -83.216564475137972
42.302506919916603, -83.216583670500299
42.302502598065864, -83.216603198862899
42.302498302384450, -83.216622608978895
42.302493755836721, -83.216642682901920
42.302489178472428, -83.216662627132038
42.302484577405011, -83.216682674640083
42.302479972062471, -83.216702740775418
42.302475261219634, -83.216723266590662
42.302470445351496, -83.216744250016106
42.302465877344950, -83.216764153473179
42.302461164602057, -83.216784687567213
42.302456522683549, -83.216804913069282
42.302451839866457, -83.216825316772344
42.302447110526685, -83.216845489048652
42.302442271006868, -83.216865848407878
42.302437481800546, -83.216885996103443
42.302432924200609, -83.216905169454918
42.302428328563479, -83.216924502824909
42.302423831571723, -83.216943421204036
42.302419156331979, -83.216963089453984
42.302414699697344, -83.216981838054863
42.302410019382755, -83.217001527654176
42.302405509293060, -83.217020501134968
42.302400873380130, -83.217039892698594
42.302396144508442, -83.217059123443462
42.302391319444446, -83.217078745370372
42.302386630669545, -83.217097813054963
42.302382075483962, -83.217116337476341
42.302377292566597, -83.217135788006971
42.302372605491563, -83.217154848778776
42.302367792626590, -83.217174421096317
42.302362918816492, -83.217194241257374
42.302358328783697, -83.217212907390746
42.302353420126387, -83.217232869263796
42.302348816412412, -83.217251990724805
42.302344271170824, -83.217271112085953
42.302339541712158, -83.217291008429314
42.302334595756818, -83.217311815551781
42.302329714027877, -83.217332352480440
42.302324773492082, -83.217353136803425
42.302320315486206, -83.217371891172988
42.302315978231647, -83.217390137554219
42.302311452101101, -83.217409178517215
42.302307078193287, -83.217427579094903
42.302302730490076, -83.217445764801155
42.302298230160162, -83.217463916131805
42.302293532081663, -83.217482865048424
42.302288786865418, -83.217502004087279
42.302284163267551, -83.217520652598665
42.302278967618420, -83.217541608383485
42.302273787115347, -83.217562503079208
42.302269654489834, -83.217579171335458
42.302265360956149, -83.217596488587972
42.302261053076201, -83.217613863703775
42.302256678463600, -83.217631507974602
42.302251957016097, -83.217650597023422
42.302247790407698, -83.217667541230924
42.302242861226254, -83.217687586568786
42.302238120228402, -83.217706866626713
42.302233697114985, -83.217724853954621
42.302229275699609, -83.217742834377134
42.302224911917961, -83.217760580422521
42.302220033028682, -83.217780421238913
42.302215195891392, -83.217800092263900
42.302210291681234, -83.217820036051876
42.302205980239393, -83.217837569248701
42.302201135941331, -83.217857501762026
42.302196322011980, -83.217877587467257
42.302191648023559, -83.217897089281010
42.302187103282108, -83.217916051822939
42.302182696884749, -83.217934437136037
42.302178101383255, -83.217953611469866
42.302173325536032, -83.217973538280688
42.302168617820492, -83.217993180817942
42.302164522612671, -83.218010267719549
42.302160209364104, -83.218028264377367
42.302155832290467, -83.218046527339780
42.302151764855999, -83.218064095984573
42.302146877403239, -83.218085391314460
42.302142044462649, -83.218106449127035
42.302137474030026, -83.218126363154894
42.302132897461831, -83.218146303916313
42.302128420997803, -83.218165808509568
42.302123830459394, -83.218185810141222
42.302119176535832, -83.218206087951032
42.302114674160826, -83.218225705442123
42.302110166782974, -83.218245344731329
42.302105924734306, -83.218264216632662
42.302101610021538, -83.218283712742192
42.302097357236207, -83.218302929031481
42.302093107421229, -83.218322131899157
42.302088880468993, -83.218341231461110
42.302084362241807, -83.218361647154325
42.302079984836517, -83.218381426541185
42.302076122878084, -83.218398876871888
42.302071910642617, -83.218417909935866
42.302067419733703, -83.218438202190924
42.302062970340565, -83.218458527004628
42.302058878267438, -83.218479498879404
42.302054873046792, -83.218500025635194
42.302050934231126, -83.218520212065485
42.302046942259842, -83.218540670918330
42.302042891358589, -83.218561431787251
42.302038810952801, -83.218582343866899
42.302034797268391, -83.218602913999490
42.302030910935990, -83.218622831453047
42.302027136689176, -83.218642174467959
42.302023149467118, -83.218662876312777
42.302019856258184, -83.218684542161071
42.302016860345034, -83.218704252115984
42.302013542417555, -83.218726080586265
42.302010301979976, -83.218747399254511
42.302006985911994, -83.218769215491221
42.302003763332053, -83.218790416675105
42.302000558866212, -83.218811498687202
42.301997232314484, -83.218833383895898
42.301993773096960, -83.218856141905931
42.301990715931723, -83.218877487037673
42.301987934097085, -83.218899393985481
42.301985230164767, -83.218920687452467
42.301982472506708, -83.218942404009681
42.301979802205651, -83.218963432630488
42.301977175938639, -83.218984114483234
42.301974566052706, -83.219004667334943
42.301972289740426, -83.219022593294156
42.301969950616432, -83.219041013895620
42.301967388846641, -83.219061187832708
42.301965034632040, -83.219079727272728
42.301963028714169, -83.219100534227408
42.301961168560588, -83.219119910827217
42.301959348915211, -83.219138865466576
42.301957579629764, -83.219157295523345
42.301955755719312, -83.219176294590568
42.301953739239700, -83.219197299586511
42.301952016049100, -83.219215249488556
42.301950078783754, -83.219235429335910
42.301948130705540, -83.219255721817305
42.301946144902438, -83.219276407266321
42.301944462709628, -83.219295915097490
42.301943028440284, -83.219316154231549
42.301941725782257, -83.219334536183695
42.301940285737857, -83.219354856810241
42.301938791737918, -83.219375938809392
42.301937337068374, -83.219396465812991
42.301935950604509, -83.219416030358630
42.301934516095159, -83.219436272879392
42.301933047295471, -83.219456999274996
42.301931623346235, -83.219477092780920
42.301930245357454, -83.219496537733704
42.301929510432792, -83.219515666150500
42.301928846606685, -83.219536908586093
42.301928182672619, -83.219558154476232
42.301927519339046, -83.219579381150453
42.301926877623380, -83.219599916051834
42.301926221650966, -83.219620907169187
42.301925599164704, -83.219640826729545
42.301924941532484, -83.219661870960550
42.301924288096998, -83.219682780896093
42.301923628966911, -83.219703873058918
42.301923333333335, -83.219724291333108
42.301923333333335, -83.219745721531808
42.301923333333335, -83.219766128958597
42.301923333333335, -83.219786938166067
42.301923333333335, -83.219807985325417
42.301923333333335, -83.219828275460884
42.301923333333335, -83.219849213962561
42.301923333333335, -83.219870633842987
42.301923333333335, -83.219891507065839
42.301923333333335, -83.219912235201221
42.301923406090737, -83.219929770982475
42.301923919973369, -83.219951696641402
42.301924392433392, -83.219971854935764
42.301924893684983, -83.219993241670252
42.301925404363544, -83.220015030622221
42.301925922346385, -83.220037131223322
42.301926441766042, -83.220059293128941
42.301926910331126, -83.220079285238924
42.301927392793850, -83.220099870315295
42.301927888343201, -83.220121013754138
42.301928500766699, -83.220142678933826
42.301929653266136, -83.220161118924764
42.301930994186435, -83.220182573649609
42.301932330839904, -83.220203960105067
42.301933654172835, -83.220225133432010
42.301934996626535, -83.220246612691170
42.301936398709280, -83.220269046015176
42.301937688187529, -83.220289677667111
42.301938987159488, -83.220310461218446
42.301940303065457, -83.220331515713966
42.301941575276345, -83.220351871088184
42.301943700949231, -83.220373206709183
42.301945862366225, -83.220394322090542
42.301947898911202, -83.220414217568418
42.301949642528626, -83.220431251369448
42.301951510820381, -83.220449503142703
42.301953464424869, -83.220468588355757
42.301955355384678, -83.220487061578510
42.301957297830853, -83.220506037783480
42.301959272302255, -83.220525326850222
42.301961279150319, -83.220544932212093
42.301963287448089, -83.220564551736430
42.301965617047237, -83.220583126979122
42.301967989471336, -83.220601958095372
42.301970359041555, -83.220620766558980
42.301972717249612, -83.220639484835445
42.301975026755088, -83.220657816535137
42.301977389977431, -83.220676574612511
42.301979757147194, -83.220695364022490
42.301982241885959, -83.220715086636460
42.301984631113250, -83.220734051128048
42.301987001136887, -83.220752863190668
42.301989367879898, -83.220771649213347
42.301992173875348, -83.220790362081331
42.301995230767695, -83.220809620503118
42.301998134682023, -83.220827915163397
42.302001136379552, -83.220846825857848
42.302004029921925, -83.220865055174798
42.302007063335637, -83.220884165681156
42.302010199735200, -83.220903924998410
42.302013560449161, -83.220925097496391
42.302016811040296, -83.220945576220529
42.302020166018004, -83.220966712580079
42.302023506669535, -83.220987601174869
42.302026732271806, -83.221004991378450
42.302030106174108, -83.221023181112599
42.302033483527033, -83.221041389450093
42.302036903552640, -83.221059827849004
42.302040291564147, -83.221078093650192
42.302044322848111, -83.221099827528946
42.302047756714543, -83.221118340547960
42.302051219489506, -83.221137009421696
42.302054637636438, -83.221155437692119
42.302058514064200, -83.221176336693944
42.302062145331668, -83.221195513918332
42.302066219541665, -83.221214074208333
42.302070761931667, -83.221234767318336
42.302074671711665, -83.221252578538341
42.302078695431668, -83.221270908818340
42.302082731301667, -83.221289294448340
42.302087507781664, -83.221311053968336
42.302092070421665, -83.221331839328343
42.302096634546665, -83.221352631453342
42.302100824541668, -83.221371719208335
42.302104894296669, -83.221390259203346
42.302109156597886, -83.221408808216395
42.302113387764763, -83.221426608297747
42.302117700922196, -83.221444753304866
42.302122067547515, -83.221463123245883
42.302126410822936, -83.221481394956285
42.302130745734935, -83.221499631482615
42.302134845455882, -83.221516878584509
42.302139239782022, -83.221535365060006
42.302143532345127, -83.221553423428929
42.302147839169557, -83.221571541793779
42.302152068015950, -83.221589332113084
42.302156345975021, -83.221607095432603
42.302161417815682, -83.221627551856599
42.302166545749053, -83.221648234521183
42.302171491856058, -83.221668183819432
42.302176374471316, -83.221687877034313
42.302180863887692, -83.221705984347039
42.302185868587081, -83.221726169967909
42.302190903532541, -83.221746477581249
42.302195800095987, -83.221766227053806
42.302200875986124, -83.221786699810679
42.302206092913380, -83.221807158530154
42.302212093543112, -83.221828160734219
42.302217782356919, -83.221848071582542
42.302223569501784, -83.221868326589558
42.302229410513476, -83.221888770130505
42.302235224166942, -83.221909117917633
42.302240377031211, -83.221927152942570
42.302245452861939, -83.221944918350104
42.302250720823380, -83.221963356215170
42.302255812457311, -83.221981176933923
42.302260986222592, -83.221999285112403
42.302266364124726, -83.222017194375255
42.302272720356534, -83.222038205252616
42.302279012664684, -83.222059004826789
42.302285098976618, -83.222079123469015
42.302291413913146, -83.222099997842534
42.302297623090539, -83.222120522623371
42.302303136550520, -83.222138747671636
42.302308410581915, -83.222156181275409
42.302314186098855, -83.222175272567512
42.302319561387712, -83.222193040883468
42.302325578334383, -83.222211441628076
42.302331670034306, -83.222229259850351
42.302337680310622, -83.222246839908578
42.302344064828802, -83.222265514624240
42.302351080863446, -83.222286036525603
42.302357995802112, -83.222306262721190
42.302364061294440, -83.222324004286250
42.302370842994470, -83.222343840758825
42.302377656837152, -83.222363771248666
42.302384553237104, -83.222383943218546
42.302391549426417, -83.222403805969179
42.302398621697400, -83.222423170520671
42.302405553222890, -83.222442149697599
42.302412452443875, -83.222461040421720
42.302419523610425, -83.222480401949184
42.302426517328996, -83.222499551416703
42.302433527959110, -83.222518747189625
42.302440640403645, -83.222538221740137
42.302446882007033, -83.222555311844658
42.302452996463202, -83.222572053807980
42.302460122495091, -83.222591159450644
42.302467383935124, -83.222609393733379
42.302474439135224, -83.222627110124762
42.302481361709070, -83.222644493476849
42.302488474857114, -83.222662355381942
42.302496296992928, -83.222681997634083
42.302503364664773, -83.222699745343377
42.302510144574121, -83.222716770449082
42.302517050265493, -83.222734111407419
42.302523944169550, -83.222751422766493
42.302530686055320, -83.222768352390759
42.302538432459734, -83.222787415264264
42.302545519566969, -83.222804670829703
42.302552584059121, -83.222821871332343
42.302559372800573, -83.222838400441972
42.302566919645628, -83.222856775369053
42.302573836488115, -83.222873616376845
42.302580781081993, -83.222890524953257
42.302587822882401, -83.222907670206411
42.302594795074349, -83.222924645978111
42.302601849523867, -83.222941822029128
42.302608652141018, -83.222958384923047
42.302616130243273, -83.222976274905946
42.302623798360102, -83.222994547865198
42.302631805101214, -83.223013627758917
42.302639568113214, -83.223032126851336
42.302647416051748, -83.223050828321888
42.302655277204508, -83.223069561281662
42.302663020588355, -83.223088013600602
42.302670912187935, -83.223106819114506
42.302678715151728, -83.223125413411196
42.302686721274632, -83.223144491831732
42.302695367432847, -83.223164267722012
42.302703787693908, -83.223183342190950
42.302712438540489, -83.223202939006669
42.302720896791051, -83.223222099533473
42.302729540850834, -83.223241680975008
42.302738205933125, -83.223261310038978
42.302747233033017, -83.223281759183621
42.302755799789544, -83.223301165509625
42.302764479769678, -83.223320828321775
42.302773105108983, -83.223339908858222
42.302782245285947, -83.223359264527090
42.302791220425917, -83.223378270705851
42.302800233213361, -83.223397356608672
42.302808033888226, -83.223413875684855
42.302815720430914, -83.223430153069387
42.302823815656872, -83.223447295900812
42.302832611907618, -83.223465923255347
42.302841154739056, -83.223484013957204
42.302850278854230, -83.223503335612875
42.302858931508069, -83.223521658879818
42.302867215990993, -83.223539202490727
42.302875731433026, -83.223557235191507
42.302883392276023, -83.223573458153140
42.302891318570921, -83.223590243248225
42.302900104164607, -83.223608848034857
42.302907551252936, -83.223624618339556
42.302915188093642, -83.223640790472800
42.302922650288302, -83.223656592767384
42.302930012781147, -83.223672183928699
42.302937008861399, -83.223686999157465
42.302944056826867, -83.223702545711006
42.302951429150077, -83.223719287028302
42.302958219782184, -83.223734707422039
42.302964923208272, -83.223749929785455
42.302971932411367, -83.223765846517480
42.302979191477952, -83.223782330647865
42.302986211164828, -83.223798271186809
42.302992566481677, -83.223812703052147
42.302999372124653, -83.223828157533077
42.303006299363624, -83.223843888138234
42.303013237642340, -83.223859643812816
42.303020059326947, -83.223875144448229
42.303026756680197, -83.223891451047436
42.303033719011815, -83.223908402811389
42.303040238000968, -83.223924275132816
42.303047194660508, -83.223941213086462
42.303054060949925, -83.223957931008513
42.303061195973555, -83.223975303239953
42.303068205981347, -83.223992371085032
42.303074902108200, -83.224008674698240
42.303082096765380, -83.224026192124398
42.303089350442903, -83.224043853252283
42.303096577676250, -83.224061449994338
42.303103841835188, -83.224078980660281
42.303111369504933, -83.224097145254646
42.303119069590338, -83.224115725895530
42.303126610643233, -83.224133922784020
42.303134140817420, -83.224152093421736
42.303141790892106, -83.224170553384582
42.303149521109169, -83.224189206734451
42.303157150678686, -83.224207617217417
42.303164533403432, -83.224225432053217
42.303171924424163, -83.224243266907592
42.303178930999458, -83.224259603495057
42.303186266922147, -83.224276557627476
42.303193252689766, -83.224292702512642
42.303200298606725, -83.224308986409611
42.303207240077171, -83.224325028919097
42.303214201622090, -83.224341117822902
42.303221291169542, -83.224357502554781
42.303227900114898, -83.224372776561836
42.303235026700115, -83.224389246892116
42.303242033060741, -83.224405439369988
42.303248881599536, -83.224421196217165
42.303255662809740, -83.224435991584883
42.303262776734712, -83.224451512875731
42.303269700360225, -83.224466618967753
42.303276718298584, -83.224481930833278
42.303283693810720, -83.224497150132478
42.303290746315909, -83.224512537416516
42.303297574027582, -83.224527434241992
42.303304502456065, -83.224542550813226
42.303311287814289, -83.224557355231170
42.303318249718011, -83.224572544839290
42.303324832611338, -83.224586331889341
42.303331372818064, -83.224599412302794
42.303338097858870, -83.224612862384404
42.303344429466129, -83.224625525598924
42.303350856417026, -83.224638379500718
42.303357195005809, -83.224651056678283
42.303363611519686, -83.224663889706036
42.303370298479450, -83.224677263625566
42.303376780859409, -83.224690228385484
42.303382908027913, -83.224702482722492
42.303389275459558, -83.224715217585782
42.303395413422450, -83.224727392247900
42.303401064220708, -83.224738541120132
42.303406855076524, -83.224749966322150
42.303412635813650, -83.224761371560263
42.303418190114094, -83.224772330044928
42.303423581651607, -83.224782967402717
42.303429405825085, -83.224794458339588
42.303434886826686, -83.224805272207604
42.303440658987597, -83.224816660525079
42.303446285044402, -83.224827760583111
42.303451778694374, -83.224838599406013
42.303456538307735, -83.224847756118038
42.303460935600604, -83.224856110974486
42.303465510186740, -83.224864802688131
42.303469961562300, -83.224873260301706
42.303474361304382, -83.224881619811654
42.303478589851245, -83.224889654050699
42.303483049824052, -83.224898127999040
42.303487554782464, -83.224906687420017
42.303491954924425, -83.224915047689734
42.303496380058377, -83.224923455444255
42.303500688079815, -83.224931640684972
42.303504485600186, -83.224938910554741
42.303507054701278, -83.224943913541097
42.303509760283795, -83.224949182307043
42.303512674295099, -83.224954856960636
42.303515428159336, -83.224960219748880
42.303518063948772, -83.224965352601998
42.303520771907358, -83.224970625995027
42.303523533818549, -83.224976004453666
42.303526250045849, -83.224981293948943
42.303528904780478, -83.224986463695330
42.303531734964061, -83.224991975105468
42.303534542305698, -83.224997442033910
42.303536042794143, -83.225000303055609
42.303537285084296, -83.225002649603667
42.303538666961657, -83.225005259816470
42.303539951775960, -83.225007686687931
42.303541227365450, -83.225010096134739
42.303542539704203, -83.225012574996825
42.303543912731747, -83.225015168493300
42.303545189431212, -83.225017580036734
42.303546475955478, -83.225020010138124
42.303547781169378, -83.225022475542147
42.303549115617692, -83.225024996166738
42.303550085091679, -83.225026794304185
42.303550377431840, -83.225027232814426
42.303550660907796, -83.225027658028367
42.303550959600251, -83.225028106067043
42.303551251444773, -83.225028543833830
42.303551545743900, -83.225028985282520
42.303551842699925, -83.225029430716560
42.303552135593051, -83.225029870056233
42.303552416138999, -83.225030290875154
42.303552713091648, -83.225030736304134
42.303553016039196, -83.225031190725460
42.303553313736991, -83.225031637272153
42.303553333333333, -83.225031666666666
42.303553333333333, -83.225031666666666
42.303553333333333, -83.225031666666666
42.303553333333333, -83.225031666666666
42.303553333333333, -83.225031666666666
42.303553333333333, -83.225031666666666
42.303553333333333, -83.225031666666666
42.303553333333333, -83.225031666666666
42.303553333333333, -83.225031666666666
42.303553333333333, -83.225031666666666
42.303553333333333, -83.225031666666666
42.303553333333333, -83.225031666666666
42.303553333333333, -83.225031666666666
42.303553333333333, -83.225031666666666
