42.303545000000000, -83.225014999999999
42.303545000000000, -83.225014999999999
42.303545000000000, -83.225014999999999
42.303545000000000, -83.225014999999999
42.303545000000000, -83.225014999999999
42.303545000000000, -83.225014999999999
42.303545000000000, -83.225014999999999
42.303545000000000, -83.225014999999999
42.303545000000000, -83.225014999999999
42.303545000000000, -83.225014999999999
42.303545000000000, -83.225014999999999
42.303545000000000, -83.225014999999999
42.303545000000000, -83.225014999999999
42.303545000000000, -83.225014999999999
42.303545000000000, -83.225014999999999
42.303545000000000, -83.225014999999999
42.303545000000000, -83.225014999999999
42.303545000000000, -83.225014999999999
42.303545000000000, -83.225014999999999
42.303545000000000, -83.225014999999999
42.303545000000000, -83.225014999999999
42.303545111672030, -83.225015111672036
42.303545261356142, -83.225015261356134
42.303545408421137, -83.225015408421129
42.303545558884977, -83.225015558884976
42.303545710303496, -83.225015710303495
42.303545855565773, -83.225015855565772
42.303546003517141, -83.225016003517140
42.303546143226306, -83.225016143226298
42.303546290727823, -83.225016290727808
42.303546431623253, -83.225016431623246
42.303546580174412, -83.225016580174398
42.303546902511165, -83.225017138355653
42.303547464176511, -83.225018261686358
42.303548045675072, -83.225019424683481
42.303548615042963, -83.225020563419264
42.303549198502175, -83.225021730337673
42.303549788523547, -83.225022910380432
42.303550378651622, -83.225024090636580
42.303550952767750, -83.225025238868824
42.303551527544087, -83.225026388421512
42.303552101066686, -83.225027535466708
42.303552672895393, -83.225028679124108
42.303553233467042, -83.225029800267421
42.303554708892378, -83.225032751118093
42.303556286696924, -83.225035906727186
42.303557918719548, -83.225039170772433
42.303559480467634, -83.225042294268590
42.303561113095121, -83.225045559523579
42.303562667639788, -83.225048668612899
42.303564294236935, -83.225051921807207
42.303565890077522, -83.225055113488366
42.303567389670938, -83.225058112675214
42.303569016579686, -83.225061366492696
42.303570528618707, -83.225064390570736
42.303572505927384, -83.225068065434513
42.303575506242417, -83.225073065959577
42.303578654520209, -83.225078313089242
42.303581605514331, -83.225083231412768
42.303584475088677, -83.225088014036686
42.303587553393079, -83.225093144544019
42.303590483734716, -83.225098028446752
42.303593523884537, -83.225103095363110
42.303596489790444, -83.225108038539631
42.303599599633621, -83.225113221611593
42.303602585036870, -83.225118197283678
42.303605506802484, -83.225123066893033
42.303609395351437, -83.225129516443758
42.303613585660784, -83.225136452128197
42.303617884388935, -83.225143567264439
42.303621985605467, -83.225150355484914
42.303626115762675, -83.225157191607195
42.303630061839833, -83.225163723045242
42.303634077973705, -83.225170370439244
42.303638379504122, -83.225177490213724
42.303642329543109, -83.225184028209284
42.303646579618075, -83.225191062816137
42.303650767511677, -83.225197994502096
42.303654919845457, -83.225204867330419
42.303659951567347, -83.225213205454466
42.303665206042993, -83.225221912871248
42.303670215729525, -83.225230214637506
42.303675169047452, -83.225238422992916
42.303680003734563, -83.225246434760138
42.303684698433820, -83.225254214547462
42.303689576185143, -83.225262297678242
42.303694623684152, -83.225270662105160
42.303699618549125, -83.225278939309973
42.303704620591461, -83.225287228408703
42.303709746924817, -83.225295723475412
42.303715035543171, -83.225304517868139
42.303720800029303, -83.225314173382415
42.303726743446575, -83.225324128606346
42.303732604490264, -83.225333945854516
42.303738544644553, -83.225343895612951
42.303744347287569, -83.225353615040007
42.303750324000546, -83.225363626034252
42.303756267950554, -83.225373582150510
42.303762492849749, -83.225384008856665
42.303768387655289, -83.225393882655936
42.303774188167374, -83.225403598513680
42.303780112677565, -83.225413536702590
42.303785751820207, -83.225423714667357
42.303791668212554, -83.225434393034035
42.303797716836932, -83.225445310063407
42.303803889762165, -83.225456451440664
42.303810085592126, -83.225467634158136
42.303816158283560, -83.225478594625599
42.303822725511878, -83.225490447671845
42.303828984722962, -83.225501744784523
42.303835520021416, -83.225513540201248
42.303841821760074, -83.225524914071030
42.303847774594857, -83.225535658211854
42.303853778049465, -83.225547974923245
42.303859729996098, -83.225560336658575
42.303865504025282, -83.225572328873028
42.303871516686172, -83.225584816707169
42.303877517646235, -83.225597280239626
42.303883516461156, -83.225609739316752
42.303889636639568, -83.225622450456541
42.303895564664529, -83.225634762508378
42.303901432430273, -83.225646949406467
42.303907707644534, -83.225659982543789
42.303913888016588, -83.225673061298849
42.303919503922017, -83.225687181289658
42.303924954962618, -83.225700886763150
42.303930153688832, -83.225713957846210
42.303935445581772, -83.225727263177021
42.303940334121741, -83.225739554363230
42.303945550991259, -83.225752671063731
42.303950499736644, -83.225765113623567
42.303955839875591, -83.225778540258631
42.303960890421806, -83.225791238774832
42.303966221984979, -83.225804643847951
42.303971324160841, -83.225817472175834
42.303975746775841, -83.225831839901630
42.303979956143074, -83.225845774358675
42.303984402668640, -83.225860493891588
42.303988671856985, -83.225874626377149
42.303992861847590, -83.225888496690857
42.303997271939295, -83.225903095615138
42.304001512618385, -83.225917133725233
42.304005942908177, -83.225931799512125
42.304010267520447, -83.225946115469981
42.304014512934970, -83.225960169255984
42.304018890941691, -83.225974661967882
42.304022631513647, -83.225989626912735
42.304026353758104, -83.226005601545197
42.304029953373892, -83.226021049896275
42.304033605459061, -83.226036723428450
42.304037207676302, -83.226052182944116
42.304040924357643, -83.226068133701546
42.304044791843431, -83.226084731661402
42.304048777355320, -83.226101836149908
42.304052711038182, -83.226118718205527
42.304056573281038, -83.226135293664456
42.304060440093238, -83.226152376503507
42.304063756476857, -83.226170284975026
42.304066966167163, -83.226187617302699
42.304070248418249, -83.226205341458552
42.304073582783886, -83.226223347032970
42.304076877022979, -83.226241135924084
42.304080108258411, -83.226258584595413
42.304083317149519, -83.226275912607392
42.304086188844487, -83.226291419760244
42.304089005727604, -83.226306630929074
42.304091911255412, -83.226322320779232
42.304094853660580, -83.226339837411587
42.304097461454383, -83.226356711371508
42.304099983736236, -83.226373032018770
42.304102523650570, -83.226389466758576
42.304105246864587, -83.226407087555188
42.304107682992793, -83.226422850737691
42.304110432711340, -83.226440643034152
42.304113044159976, -83.226457540642997
42.304115786792053, -83.226475287085819
42.304118523927919, -83.226492997964982
42.304121220860615, -83.226510448705952
42.304122994683446, -83.226526613501122
42.304124684141151, -83.226543508078180
42.304126348588348, -83.226560152550178
42.304128039276080, -83.226577059427484
42.304129712706192, -83.226593793728568
42.304131390888664, -83.226610575553337
42.304133233186271, -83.226628998529392
42.304135043559143, -83.226647102258099
42.304136669521476, -83.226663361881435
42.304138331359532, -83.226679980262006
42.304140023369946, -83.226697091220771
42.304140910508480, -83.226713207570754
42.304141794708272, -83.226729270533667
42.304142734983955, -83.226746352208551
42.304143633837448, -83.226762681380336
42.304144572643764, -83.226779736361692
42.304145570984474, -83.226797872884660
42.304146564817124, -83.226815927511169
42.304147526803476, -83.226833403596459
42.304148405505629, -83.226849366685656
42.304149284627613, -83.226865337401577
42.304150054330542, -83.226881212852120
42.304150369017023, -83.226897891235581
42.304150694350277, -83.226915133898004
42.304150995493288, -83.226931094477607
42.304151290679570, -83.226946739350723
42.304151595835961, -83.226962912639124
42.304151910519103, -83.226979590845914
42.304152207045405, -83.226995306739738
42.304152515805157, -83.227011671006721
42.304152853018529, -83.227029543315439
42.304153157954914, -83.227045704943720
42.304153198479618, -83.227061877539583
42.304152869317825, -83.227078664790795
42.304152544753919, -83.227095217550016
42.304152224971553, -83.227111526450940
42.304151900860219, -83.227128056128933
42.304151600607369, -83.227143369024319
42.304151276741997, -83.227159886158148
42.304150955346103, -83.227176277348718
42.304150631693901, -83.227192783610946
42.304150304253859, -83.227209483053102
42.304149960362665, -83.227225776891771
42.304149126554684, -83.227242119528213
42.304148311574437, -83.227258093141074
42.304147521767227, -83.227273573362382
42.304146692872273, -83.227289819703429
42.304145874419596, -83.227305861375925
42.304145060596824, -83.227321812302236
42.304144237639150, -83.227337942272726
42.304143410309706, -83.227354157929810
42.304142587560207, -83.227370283819980
42.304141748289595, -83.227386733523858
42.304140297862048, -83.227402781826555
42.304138779167040, -83.227418812496040
42.304137235245044, -83.227435109450454
42.304135732407012, -83.227450972740840
42.304134209162136, -83.227467051436705
42.304132731055567, -83.227482653672766
42.304131244209636, -83.227498348157525
42.304129805460178, -83.227513534957410
42.304128402644167, -83.227528342459763
42.304126865119009, -83.227544571891926
42.304124887387616, -83.227560011259570
42.304122852629511, -83.227575271945341
42.304120854868103, -83.227590255155917
42.304118753312082, -83.227606016826073
42.304116786171384, -83.227620770381336
42.304114748475129, -83.227636053103211
42.304112694229303, -83.227651459946912
42.304110539786606, -83.227667618267162
42.304108516001591, -83.227682796654776
42.304106648646851, -83.227696765775676
42.304103750654754, -83.227712704732213
42.304100997007808, -83.227727849790426
42.304098132656257, -83.227743603723923
42.304095404972777, -83.227758605983070
42.304092730389122, -83.227773316193193
42.304090265858974, -83.227786871108989
42.304087889535310, -83.227799940889142
42.304085439879515, -83.227813413996017
42.304082752394088, -83.227828195165841
42.304080058564409, -83.227843011229069
42.304077177625459, -83.227856661213124
42.304074472987438, -83.227869433114861
42.304071685975885, -83.227882594002779
42.304068900945616, -83.227895745534596
42.304066047530895, -83.227909219992995
42.304063217981685, -83.227922581753148
42.304060370240656, -83.227936029419126
42.304057135638161, -83.227951303930894
42.304054235272922, -83.227965000100070
42.304051539010352, -83.227977732451095
42.304048693093549, -83.227990709117634
42.304045693818281, -83.228003811214847
42.304042824739845, -83.228016344557517
42.304039514802852, -83.228030803755942
42.304036328066942, -83.228044724760167
42.304033192137240, -83.228058423821523
42.304030016512222, -83.228072296288701
42.304026892263195, -83.228085944323936
42.304023705274048, -83.228099866434420
42.304020551965770, -83.228113641412676
42.304017225324344, -83.228127235451950
42.304013332189569, -83.228140946057010
42.304009835564329, -83.228153260258935
42.304006260669567, -83.228165850105725
42.304002632817642, -83.228178626453797
42.303998751880222, -83.228192294102968
42.303994705265296, -83.228206545225120
42.303990699027807, -83.228220654148458
42.303987091249894, -83.228233359801095
42.303983488136801, -83.228246049025472
42.303980015676849, -83.228258278123562
42.303975607633902, -83.228271848305937
42.303971289944684, -83.228285133503533
42.303967062187517, -83.228298141987125
42.303963100682807, -83.228310331232379
42.303959133862563, -83.228322536833147
42.303955299412266, -83.228334335141753
42.303951211155656, -83.228346914392844
42.303947230160631, -83.228359163608317
42.303942916706561, -83.228372435774688
42.303939090424045, -83.228384208951653
42.303934879669001, -83.228396534694781
42.303930167415579, -83.228409371523071
42.303925710294841, -83.228421513334737
42.303921327172780, -83.228433453563810
42.303916903091498, -83.228445505371425
42.303912427264592, -83.228457698141270
42.303907971747236, -83.228469835585102
42.303903512245711, -83.228481983882375
42.303898655493228, -83.228495214346026
42.303893684900359, -83.228508754926594
42.303888826593081, -83.228521989625733
42.303883776099198, -83.228534652914888
42.303878640510305, -83.228547409055054
42.303874134952594, -83.228558600279044
42.303869355807755, -83.228570471058148
42.303864510192447, -83.228582506941336
42.303859309879599, -83.228595423847437
42.303854100269106, -83.228608363847712
42.303848782477139, -83.228621572556776
42.303843671750464, -83.228634266942393
42.303838391046355, -83.228647383530017
42.303833246119737, -83.228659111386463
42.303827939450798, -83.228670661195324
42.303822926601853, -83.228681571513604
42.303817592870544, -83.228693180222933
42.303811644380012, -83.228706126937624
42.303805735004836, -83.228718988518892
42.303799563420320, -83.228732420791061
42.303793817044749, -83.228744927608503
42.303788020353636, -83.228757543936212
42.303782313605097, -83.228769964506554
42.303776400142347, -83.228782005128409
42.303770903747029, -83.228792700816598
42.303765358575951, -83.228803491419782
42.303759663489359, -83.228814573750441
42.303754314090305, -83.228824983391846
42.303748691194265, -83.228835925243601
42.303743067325144, -83.228846868988910
42.303737668602970, -83.228857374610428
42.303732043760768, -83.228868320249319
42.303726555879919, -83.228878999368803
42.303721128269359, -83.228889561205563
42.303714908210829, -83.228901147655776
42.303708332594233, -83.228912950044545
42.303701909461232, -83.228924478744801
42.303695569907937, -83.228935857430201
42.303689711826372, -83.228946371935578
42.303683749171462, -83.228957074136687
42.303677267269428, -83.228968708319826
42.303670737983630, -83.228980427550752
42.303664098662189, -83.228992344281551
42.303657513305595, -83.229004164152357
42.303651169776607, -83.229015344713105
42.303645327893442, -83.229025275914481
42.303639481077049, -83.229035215502350
42.303633248201706, -83.229045811390435
42.303627266521339, -83.229055980247054
42.303621057645515, -83.229066535335960
42.303614420644919, -83.229077818236959
42.303607648713694, -83.229089330520054
42.303601556702198, -83.229099686939591
42.303595635153968, -83.229109753571592
42.303589610874454, -83.229119994846769
42.303583467452569, -83.229129836021315
42.303576875262884, -83.229139800959203
42.303570503204583, -83.229149433140364
42.303564035412066, -83.229159210036030
42.303557556512651, -83.229169003721182
42.303551093449521, -83.229178773467780
42.303544403232578, -83.229188886586414
42.303537633762609, -83.229199119506134
42.303530495042310, -83.229209910594960
42.303523515974589, -83.229220460348500
42.303516436586577, -83.229231161748984
42.303509913889691, -83.229240453887769
42.303502091257414, -83.229251405572953
42.303495225567481, -83.229261017538860
42.303488217919345, -83.229270828246257
42.303481480682080, -83.229280260378431
42.303474301588651, -83.229290311109224
42.303467156259067, -83.229300314570636
42.303460197756081, -83.229310056474816
42.303453617933357, -83.229319268226632
42.303446525425429, -83.229329197737741
42.303439483783336, -83.229338992333325
42.303432534676666, -83.229347863533334
42.303425397021670, -83.229356975433333
42.303418138655005, -83.229366241433326
42.303411201141671, -83.229375097833326
42.303403745845003, -83.229384615233329
42.303395924026667, -83.229394600533340
42.303387797491666, -83.229404974833329
42.303379842898337, -83.229415129633338
42.303372811071668, -83.229424106433328
42.303365255586669, -83.229433751733339
42.303357824643669, -83.229442881034032
42.303350142802159, -83.229451973826016
42.303342543833253, -83.229460968523910
42.303335139594559, -83.229469732724809
42.303327603576179, -83.229478652909833
42.303320255429583, -83.229487350715999
42.303312788322017, -83.229496189333119
42.303305325133550, -83.229505023311305
42.303297649987172, -83.229514108178449
42.303290215620407, -83.229522908041147
42.303282793255889, -83.229531693697112
42.303274739654185, -83.229540786380397
42.303266925945557, -83.229549381459876
42.303258977121175, -83.229558125166704
42.303251524749271, -83.229566322775796
42.303243702205194, -83.229574927574276
42.303235862657040, -83.229583551077255
42.303228368608465, -83.229591794530677
42.303220579572432, -83.229600362470322
42.303212729021631, -83.229608998076202
42.303204798618331, -83.229617721519830
42.303197184374248, -83.229626097188316
42.303189290706662, -83.229634331879993
42.303181322041667, -83.229642613041662
42.303172452971666, -83.229651829918325
42.303163895256667, -83.229660723229998
42.303155377831665, -83.229669574671661
42.303146872986666, -83.229678413039991
42.303138378596664, -83.229687240543328
42.303130026921664, -83.229695919734993
42.303121455946666, -83.229704826826662
42.303112951781664, -83.229713664488330
42.303105680271088, -83.229721225851407
42.303097897231780, -83.229729320212286
42.303089728494946, -83.229737815698584
42.303081832113236, -83.229746027935562
42.303073502946901, -83.229754690268550
42.303064954596366, -83.229763580553112
42.303056826112751, -83.229772034176065
42.303048516031282, -83.229780676660795
42.303040197699147, -83.229789327726209
42.303032098634553, -83.229797750753391
42.303023707453974, -83.229806292546016
42.303015366711151, -83.229814633288839
42.303007806558817, -83.229822193441180
42.303000107962774, -83.229829892037216
42.302992719009765, -83.229837280990225
42.302985103667609, -83.229844896332381
42.302977706269800, -83.229852293730204
42.302969906421332, -83.229860093578665
42.302962682355378, -83.229867317644619
42.302954811962891, -83.229875188037113
42.302946779412991, -83.229883220587013
42.302939343056735, -83.229890500461835
42.302931458672198, -83.229898075654816
42.302923703787989, -83.229905526425924
42.302916057656844, -83.229912872708780
42.302907928726718, -83.229920682857340
42.302900610640393, -83.229927713959881
42.302892984661298, -83.229935040880974
42.302884646047779, -83.229943052490043
42.302876412701110, -83.229950962960373
42.302868579164375, -83.229958489299591
42.302860903697962, -83.229965863767319
42.302852614902982, -83.229973404394215
42.302844407271458, -83.229980682859903
42.302835685172035, -83.229988417551837
42.302827581794695, -83.229995603565712
42.302819138972794, -83.230003090596455
42.302810655686137, -83.230010613511041
42.302802380819500, -83.230017951600317
42.302794851370273, -83.230024628659066
42.302786674219846, -83.230031880094359
42.302778796667667, -83.230038865848172
42.302770896762688, -83.230045871424281
42.302762584179327, -83.230052709187220
42.302754412582814, -83.230059367525115
42.302745883317563, -83.230066317296803
42.302737575073479, -83.230073086977171
42.302729025902863, -83.230080052968034
42.302721000547947, -83.230086592146122
42.302712618151929, -83.230093422246568
42.302704898281448, -83.230099712511418
42.302696949230388, -83.230106189515979
42.302689220572852, -83.230112486940641
42.302681156214199, -83.230119057899543
42.302673282202711, -83.230125007812532
42.302665459608889, -83.230130839200640
42.302657568715894, -83.230136721502703
42.302649400684075, -83.230142810399144
42.302641843127745, -83.230148444213867
42.302634556842918, -83.230153875808000
42.302627057134622, -83.230159466499643
42.302619185768769, -83.230165334245100
42.302611777737219, -83.230170856595890
42.302604024267666, -83.230176636455013
42.302596740916499, -83.230182065862238
42.302588898795534, -83.230187911806965
42.302580945591700, -83.230193346443727
42.302573056355023, -83.230198699854327
42.302564428549523, -83.230204554436625
42.302556354973980, -83.230210032934323
42.302547730248577, -83.230215885426560
42.302539132217298, -83.230221719804916
42.302530839208508, -83.230227347203751
42.302522391821753, -83.230233079359039
42.302514360340808, -83.230238529292535
42.302506713498069, -83.230243718221544
42.302499024560738, -83.230248935714727
42.302491301053117, -83.230253937949840
42.302483459460539, -83.230258752962825
42.302475212268348, -83.230263817028202
42.302466776765442, -83.230268996722970
42.302458175564311, -83.230274278162256
42.302449349283421, -83.230279697808427
42.302441032163536, -83.230284804811859
42.302432442553680, -83.230290079133709
42.302423887907672, -83.230295331986525
42.302415533448681, -83.230300461917480
42.302407621738389, -83.230305319985206
42.302398747501954, -83.230310679320979
42.302390704504639, -83.230315041624607
42.302382407135120, -83.230319541892811
42.302373772339109, -83.230324225172012
42.302364764732538, -83.230329110653543
42.302356131509150, -83.230333793079780
42.302347122329948, -83.230338679414260
42.302338671924296, -83.230343262685125
42.302329796319988, -83.230348076572213
42.302321576205706, -83.230352534939271
42.302312951140316, -83.230357212940845
42.302305288914987, -83.230361368724076
42.302296395258104, -83.230365793323998
42.302287509103643, -83.230369940196070
42.302278255802321, -83.230374258403359
42.302269886754701, -83.230378163958918
42.302260924469785, -83.230382346358539
42.302252542316928, -83.230386258029881
42.302243737294916, -83.230390367040158
42.302235218287315, -83.230394342577029
42.302226625550219, -83.230398352521007
42.302218010704280, -83.230402372782450
42.302209860444179, -83.230406176237167
42.302201616042240, -83.230410020747726
42.302192872044074, -83.230413604353529
42.302184425286555, -83.230417066139395
42.302175361581895, -83.230420780772448
42.302166387740684, -83.230424458576223
42.302157003312971, -83.230428304653159
42.302147633117023, -83.230432144897392
42.302138767538906, -83.230435778331056
42.302130165858422, -83.230439303609941
42.302121244573101, -83.230442959874409
42.302112423926701, -83.230446574893435
42.302104262007852, -83.230449919942146
42.302095811829844, -83.230452971178678
42.302087529626263, -83.230455550881445
42.302079009336012, -83.230458204742334
42.302070773794171, -83.230460769911105
42.302062304333695, -83.230463407939780
42.302053334301597, -83.230466201884198
42.302044596561572, -83.230468923475357
42.302035710703585, -83.230471691201615
42.302027229450601, -83.230474332903370
42.302017861421362, -83.230477250814118
42.302009191996561, -83.230479951126753
42.302000187806847, -83.230482755710440
42.301991705429494, -83.230484700996030
42.301983299717321, -83.230486435508070
42.301974352083896, -83.230488281845126
42.301965973777541, -83.230490010701985
42.301957082950821, -83.230491845317033
42.301947264736270, -83.230493871297810
42.301938221654979, -83.230495737330457
42.301928798357281, -83.230497681820452
42.301919808512586, -83.230499536867768
42.301910236320424, -83.230501512082029
42.301900836228420, -83.230503451783548
42.301891753147579, -83.230505175576184
42.301882776017088, -83.230506173035138
42.301873782720477, -83.230507172290316
42.301865183184368, -83.230508127794323
42.301856230198084, -83.230509122570581
42.301847141269427, -83.230510132451542
42.301837555390037, -83.230511197549262
42.301828548236756, -83.230512198344073
42.301819008756233, -83.230513258286351
42.301809733287342, -83.230514288894000
42.301799951315019, -83.230515375779817
42.301790561528570, -83.230516419089426
42.301781817836321, -83.230516876843993
42.301773250079179, -83.230517153223261
42.301764526475111, -83.230517434629846
42.301756203443112, -83.230517703114742
42.301747728801409, -83.230517976490276
42.301738630151917, -83.230518269995102
42.301729729721529, -83.230518557105754
42.301720374565363, -83.230518858884992
42.301711231993494, -83.230519153806668
42.301701613613105, -83.230519464076991
42.301692057860855, -83.230519772327071
42.301683061730678, -83.230519876935276
42.301673645359827, -83.230519279070464
42.301664768336217, -83.230518715449918
42.301655765636404, -83.230518143849935
42.301647414101012, -83.230517613593719
42.301638535292533, -83.230517049859841
42.301629585089046, -83.230516481592957
42.301620814632976, -83.230515924738597
42.301611780960336, -83.230515351172087
42.301602131505796, -83.230514738508305
42.301592247287694, -83.230514110938898
42.301582406851523, -83.230513486149306
42.301573157910347, -83.230512671195626
42.301563133266015, -83.230511701068750
42.301553423612567, -83.230510761424867
42.301543898366710, -83.230509839626890
42.301534269811278, -83.230508907831194
42.301524475443983, -83.230507959989197
42.301514999270168, -83.230507042940118
42.301505476607048, -83.230506121392082
42.301496478653242, -83.230505250622357
42.301487120975509, -83.230504345040643
42.301478036654899, -83.230503465912832
42.301468746905492, -83.230502201938876
42.301459291875439, -83.230500851220299
42.301449676807785, -83.230499477639199
42.301440413633834, -83.230498154328643
42.301430845821372, -83.230496787498282
42.301421227288337, -83.230495413422133
42.301411847131519, -83.230494073399740
42.301401915454036, -83.230492654588673
42.301391886640864, -83.230491221901076
42.301381899097237, -83.230489795109122
42.301372769182947, -83.230488490835654
42.301363460133452, -83.230487009698933
42.301354288742992, -83.230485530442408
42.301344284128120, -83.230483916794853
42.301334489689424, -83.230482337046681
42.301324124253057, -83.230480665202109
42.301313942603969, -83.230479023000640
42.301303713267849, -83.230477373107718
42.301294382712825, -83.230475868179497
42.301284539028700, -83.230474280488508
42.301274399040828, -83.230472645006586
42.301264592288042, -83.230470894704951
42.301254636869260, -83.230468840412186
42.301244479501165, -83.230466744447341
42.301234194878788, -83.230464622223678
42.301223594061497, -83.230462434753434
42.301213525131466, -83.230460357037714
42.301203994278310, -83.230458390353732
42.301193642619253, -83.230456254297096
42.301183426817005, -83.230454146274411
42.301173750665257, -83.230452149608183
42.301163254586641, -83.230449979345138
42.301152778935837, -83.230447231633448
42.301143401669201, -83.230444772022523
42.301133687846921, -83.230442224134720
42.301123728831428, -83.230439611933932
42.301114067506937, -83.230437077816035
42.301104638658167, -83.230434604675366
42.301095094741548, -83.230432101352974
42.301085775873631, -83.230429657059759
42.301075971197598, -83.230427085341447
42.301065842988621, -83.230424428762049
42.301056347885797, -83.230421560406370
42.301046699064727, -83.230418344132687
42.301036774260211, -83.230415035864510
42.301027516215697, -83.230411949849682
42.301018091081204, -83.230408808138179
42.301009249111722, -83.230405860815011
42.300999382503718, -83.230402571945689
42.300989325707121, -83.230399219680152
42.300980243852038, -83.230396192395119
42.300970622929292, -83.230392985420877
42.300961337898173, -83.230389873972072
42.300951528621887, -83.230386113749503
42.300941878282018, -83.230382414452549
42.300932205751032, -83.230378706649006
42.300921841296812, -83.230374733608215
42.300911926362787, -83.230370932883517
42.300901822304411, -83.230367059661134
42.300891711648674, -83.230363183909773
42.300882074403575, -83.230359489632477
42.300872197154476, -83.230355703353652
42.300862160169267, -83.230351855842656
42.300852335641643, -83.230347467705400
42.300842417099474, -83.230343004361430
42.300832321531622, -83.230338461355899
42.300822161117729, -83.230333889169643
42.300812104877799, -83.230329363861671
42.300802090367497, -83.230324857332036
42.300792143205008, -83.230320381108925
42.300782086064437, -83.230315855395659
42.300772051940214, -83.230311340039762
42.300762958884143, -83.230307248164522
42.300754461983068, -83.230302691668825
42.300745832643983, -83.230297930654146
42.300736490064097, -83.230292776127314
42.300728212780129, -83.230288209349951
42.300719207165912, -83.230283240735218
42.300710286513947, -83.230278318996199
42.300701727335998, -83.230273596691120
42.300692754015124, -83.230268645893403
42.300684238856078, -83.230263947874619
42.300675227763527, -83.230258976237351
42.300665859906410, -83.230253807764456
42.300656704927427, -83.230247948812547
42.300646825534763, -83.230241535873446
42.300637078399546, -83.230235208785672
42.300627535332318, -83.230229014163086
42.300617967341481, -83.230222803362025
42.300608019957984, -83.230216346288515
42.300598354946523, -83.230210072509152
42.300588703208554, -83.230203807345902
42.300579259549274, -83.230197677251283
42.300570200725744, -83.230191796962330
42.300561177952446, -83.230185090231217
42.300552113469891, -83.230178333071493
42.300543061003594, -83.230171584869353
42.300533792152820, -83.230164675362417
42.300524511194055, -83.230157756829513
42.300515570726681, -83.230151092117467
42.300506307104357, -83.230144186508099
42.300497174193296, -83.230137378338043
42.300488262986903, -83.230130735438735
42.300478991842944, -83.230123824222332
42.300470101019833, -83.230116625522342
42.300461680964204, -83.230109764736270
42.300453123856826, -83.230102792278402
42.300444638627859, -83.230095878388141
42.300436908390445, -83.230089579676175
42.300428968775869, -83.230083110360596
42.300421054014762, -83.230076661295996
42.300413387520280, -83.230070414522700
42.300405632429388, -83.230064095559754
42.300397560233101, -83.230057518214636
42.300389473285648, -83.230050928850048
42.300381322445290, -83.230043915078312
42.300373217219366, -83.230036880353921
42.300364745851816, -83.230029527846227
42.300356917919757, -83.230022733791998
42.300348763205626, -83.230015656115583
42.300340348700644, -83.230008352960311
42.300331981373823, -83.230001090752125
42.300323701473197, -83.229993904423281
42.300315510331487, -83.229986795130472
42.300306940076375, -83.229979356795852
42.300298541896495, -83.229971932410365
42.300290768836277, -83.229964464176035
42.300283366637842, -83.229957352259888
42.300275500819943, -83.229949794905437
42.300268258539809, -83.229942836636283
42.300261009247940, -83.229935871630374
42.300253867328585, -83.229929009786275
42.300246648533552, -83.229922074081244
42.300239523932341, -83.229915228876166
42.300232335549659, -83.229908322390841
42.300224752059790, -83.229901036292731
42.300217410094717, -83.229893982247859
42.300210461392837, -83.229886749842237
42.300203406170702, -83.229879106684919
42.300196095500866, -83.229871186792593
42.300189470455550, -83.229864009660176
42.300182401296972, -83.229856351405047
42.300175436460307, -83.229848806165322
42.300167968703427, -83.229840716095381
42.300161466508236, -83.229833672050589
42.300154754380308, -83.229826400578673
42.300148077858779, -83.229819167680347
42.300141520884516, -83.229812064291565
42.300134988590713, -83.229804986648702
42.300128370502456, -83.229797242077353
42.300122143533848, -83.229789955199195
42.300115404475925, -83.229782069067568
42.300108467005849, -83.229773950751536
42.300102086402632, -83.229766484088188
42.300095578421789, -83.229758868365920
42.300088750980983, -83.229750878807536
42.300082171340449, -83.229743179228194
42.300075419466616, -83.229735278099227
42.300068831464486, -83.229727568735044
42.300061726840589, -83.229719254813446
42.300055138576482, -83.229711284303306
42.300048805470354, -83.229702792183730
42.300042466336549, -83.229694291981588
42.300036004370405, -83.229685627072428
42.300030093348838, -83.229677700929884
42.300024096249075, -83.229669659364291
42.300018383993908, -83.229661999749396
42.300012325441216, -83.229653875781025
42.300006065769864, -83.229645482130806
42.300000177021310, -83.229637585854334
42.299994243800242, -83.229629629944270
42.299987882319918, -83.229621099777461
42.299981961083553, -83.229612941625319
42.299975777768886, -83.229603666653333
42.299969875456704, -83.229594813185045
42.299963813741762, -83.229585720612647
42.299957824832653, -83.229576737248976
42.299952138697762, -83.229568208046643
42.299946478954986, -83.229559718432469
42.299940527358856, -83.229550791038278
42.299934719624240, -83.229542079436357
42.299929027818891, -83.229533541728344
42.299923194322211, -83.229524791483328
42.299917415289890, -83.229516122934839
42.299911808948778, -83.229507484765492
42.299906297199676, -83.229498390379462
42.299900386860735, -83.229488638320205
42.299894376091274, -83.229478720550603
42.299888510536206, -83.229469042384750
42.299882690897945, -83.229459439981611
42.299876806216432, -83.229449730257102
42.299870668226106, -83.229439602573080
42.299864965945595, -83.229430193810231
42.299859272928416, -83.229420800331880
42.299853887267254, -83.229411913990958
42.299848354192491, -83.229402784417601
42.299842756248246, -83.229393081567409
42.299837290676152, -83.229383411709094
42.299831504942574, -83.229373175411212
42.299825968028372, -83.229363379332256
42.299820524307641, -83.229353748134031
42.299815080066637, -83.229344116015326
42.299809831317283, -83.229334829766486
42.299804196917400, -83.229324861212831
42.299798183110219, -83.229314221400131
42.299792367005843, -83.229303931369316
42.299787068245486, -83.229294556639459
42.299781650615522, -83.229284969543983
42.299775984300439, -83.229274218074337
42.299770766182782, -83.229264317030584
42.299765443180306, -83.229254216974596
42.299759832686824, -83.229243571422856
42.299754420265806, -83.229233301700930
42.299749081862018, -83.229223172421953
42.299742994383017, -83.229211621820767
42.299736848937926, -83.229199961232638
42.299730941400732, -83.229188752059514
42.299725014238248, -83.229177505648650
42.299719075833465, -83.229166237906242
42.299713203132555, -83.229154826186786
42.299707092326919, -83.229142757345670
42.299700837957175, -83.229130404965431
42.299695182504372, -83.229119235446134
42.299689210930602, -83.229107441587942
42.299683444638838, -83.229096053161712
42.299677242656003, -83.229083804245604
42.299670909106055, -83.229071295484459
42.299664467449801, -83.229058573213365
42.299658233808216, -83.229046261771217
42.299651732633507, -83.229033421951172
42.299645149523045, -83.229019944133142
42.299638532252686, -83.229006225401903
42.299631973715897, -83.228992628435392
42.299625215320859, -83.228978617128604
42.299618426088990, -83.228964541891798
42.299611667078580, -83.228950529309245
42.299604806122005, -83.228936305374887
42.299598160271167, -83.228922527391433
42.299591719406642, -83.228909174379623
42.299585023710897, -83.228895293059168
42.299578134662163, -83.228881189051492
42.299571158399807, -83.228867077975366
42.299563910760583, -83.228852417977834
42.299556597073114, -83.228837624382734
42.299549328981655, -83.228822923015926
42.299542113157003, -83.228808327370601
42.299535076857460, -83.228794094855616
42.299527846664937, -83.228779470148012
42.299520481297108, -83.228764572017639
42.299513393976959, -83.228750236301877
42.299506051616618, -83.228735335156941
42.299498361211498, -83.228719612550918
42.299490733326344, -83.228704017763491
42.299483286412162, -83.228688792961165
42.299475707644490, -83.228673298591701
42.299468308574930, -83.228658171605034
42.299460830962317, -83.228642884041477
42.299453483406211, -83.228627862371226
42.299445983181592, -83.228612528578665
42.299438534395549, -83.228597299949428
42.299430592999329, -83.228581185998664
42.299422771232464, -83.228565542464935
42.299414935100202, -83.228549870200411
42.299407339876417, -83.228534679752840
42.299399566045423, -83.228519132090852
42.299391912284570, -83.228503824569131
42.299384215197058, -83.228488430394123
42.299376482849034, -83.228472965698060
42.299368739822981, -83.228457479645954
42.299360876573147, -83.228441753146285
42.299353058824707, -83.228425964124213
42.299345087714656, -83.228409682707948
42.299336868653448, -83.228392894838237
42.299329026249680, -83.228376876311401
42.299320852071460, -83.228360180117591
42.299312993716249, -83.228344129009074
42.299304995003943, -83.228327791213729
42.299297000201307, -83.228311461404090
42.299289142471643, -83.228295411573285
42.299280952889326, -83.228278683915789
42.299273033037331, -83.228262168880050
42.299265007078475, -83.228245263136927
42.299257088203433, -83.228228582953321
42.299249102038708, -83.228211761031886
42.299240946435596, -83.228194582208317
42.299232824203152, -83.228177473676141
42.299225280082268, -83.228161582868324
42.299217222711121, -83.228144610958893
42.299209511110220, -83.228128367374012
42.299201530115603, -83.228111556342796
42.299193237159962, -83.228093512641351
42.299185160707488, -83.228075813181661
42.299177226924670, -83.228058426381011
42.299169369106771, -83.228041206056687
42.299161441758997, -83.228023833358378
42.299153182692500, -83.228005733702005
42.299145071553561, -83.227987958227303
42.299136971950617, -83.227970208033625
42.299128841506537, -83.227952390251929
42.299120734294114, -83.227934449691929
42.299113182720198, -83.227916493727292
42.299105648362541, -83.227898578699083
42.299098133616447, -83.227880710302799
42.299090610935899, -83.227862823040169
42.299082933084485, -83.227844566815705
42.299075445285574, -83.227826762493834
42.299067940420109, -83.227808917591517
42.299060153956582, -83.227790403111555
42.299052087990873, -83.227771224037554
42.299044191019348, -83.227752226736598
42.299036779304060, -83.227733944505559
42.299029060354975, -83.227714904431153
42.299021214866968, -83.227695552227416
42.299013640308772, -83.227676868317175
42.299006130857727, -83.227658345004613
42.298998454363314, -83.227639409651729
42.298990677057809, -83.227620225631483
42.298983074821564, -83.227601473448743
42.298975455408431, -83.227582678896354
42.298968002646085, -83.227563756915913
42.298960576552737, -83.227544347808305
42.298953316648294, -83.227525373058043
42.298945803307610, -83.227505735917617
42.298938325395078, -83.227486191373501
42.298930923410509, -83.227466845277476
42.298923317897831, -83.227446967232979
42.298915811686882, -83.227427348727076
42.298908350679895, -83.227407848367918
42.298900675339951, -83.227387787820334
42.298893161938238, -83.227368106119542
42.298885588568673, -83.227348247061570
42.298877905481319, -83.227328100299175
42.298870170339718, -83.227307817038962
42.298862111728823, -83.227286685570405
42.298854552419890, -83.227266863382539
42.298847013977529, -83.227247095911451
42.298839666026787, -83.227227827951737
42.298832319945816, -83.227208564894966
42.298824790627904, -83.227188821350225
42.298817064296458, -83.227168645990773
42.298809286129433, -83.227148355120264
42.298801196866421, -83.227127252695013
42.298793424991906, -83.227106978239760
42.298785742440465, -83.227086936801228
42.298778023361727, -83.227066800074070
42.298770409337351, -83.227046937401781
42.298762491583837, -83.227026282392629
42.298754619796412, -83.227005747294982
42.298746907700831, -83.226985628784774
42.298738661615857, -83.226964653829199
42.298730581444289, -83.226944116726457
42.298722702182673, -83.226924090269847
42.298714648307381, -83.226903620003469
42.298706665945126, -83.226883331499408
42.298698787405051, -83.226863306876723
42.298690755817454, -83.226842893258237
42.298682717014415, -83.226822461300515
42.298674882488527, -83.226802548547226
42.298666821958996, -83.226782061367999
42.298659004443962, -83.226761614466810
42.298651450171803, -83.226741844775859
42.298643657095198, -83.226721450128565
42.298635925380779, -83.226701216067440
42.298628250729294, -83.226681131341209
42.298620438423264, -83.226660686370096
42.298612572962718, -83.226640102292507
42.298604756122913, -83.226619645456424
42.298596952102734, -83.226599222169568
42.298589082811937, -83.226578628068111
42.298581536133334, -83.226559107233342
42.298573483733335, -83.226538305200009
42.298565300933333, -83.226517166299999
42.298557438613337, -83.226496855306678
42.298549251173334, -83.226475704420011
42.298541390773330, -83.226455398386676
42.298533260373333, -83.226434394853342
42.298525478613328, -83.226414291973342
42.298517689653330, -83.226394170493336
42.298509780133330, -83.226373737566675
42.298501783927236, -83.226353158670037
42.298493641811632, -83.226332221801343
42.298485861005886, -83.226312214015152
42.298477912680042, -83.226291775462968
42.298469940212307, -83.226271274831646
42.298461990495227, -83.226250832702021
42.298454146756917, -83.226230663089225
42.298446172243267, -83.226210157196959
42.298438813143001, -83.226191233796285
42.298430889613726, -83.226170859006729
42.298423122041662, -83.226150668232123
42.298415614769965, -83.226130904190327
42.298408331834409, -83.226111730747732
42.298400628187082, -83.226091449717018
42.298393062141280, -83.226071530943372
42.298385646984350, -83.226052009407780
42.298378159032303, -83.226032296227899
42.298370528832237, -83.226012208558330
42.298362991480587, -83.225992365326448
42.298355887475914, -83.225973662946799
42.298348918464207, -83.225955315956796
42.298341540856619, -83.225935937044341
42.298334202696772, -83.225916711065537
42.298327043590518, -83.225897954207170
42.298320176775349, -83.225879963151414
42.298312854478873, -83.225860778734642
42.298305970450251, -83.225842742579658
42.298298901208319, -83.225824221165794
42.298292215556231, -83.225806704757332
42.298285724146076, -83.225789697262726
42.298278722576619, -83.225771353150733
42.298272206949505, -83.225754282207717
42.298265068516272, -83.225735579512630
42.298258131052023, -83.225718024053094
42.298250492828409, -83.225699352839811
42.298242769915639, -83.225680474608595
42.298235188571446, -83.225661942433916
42.298227981713516, -83.225644325670075
42.298220803655298, -83.225626779305543
42.298213534157995, -83.225609009423238
42.298205645286885, -83.225589725516073
42.298197932724008, -83.225570872584612
42.298190086602467, -83.225551693176399
42.298182094592391, -83.225532157151761
42.298174113652202, -83.225512648186850
42.298166344671053, -83.225494850032334
42.298158404905514, -83.225477221061382
42.298149696480493, -83.225457885405831
42.298141089559827, -83.225438775124360
42.298132375528461, -83.225419427020810
42.298124342323824, -83.225401590583402
42.298115456561241, -83.225381861178349
42.298106806953669, -83.225362656117468
42.298097503862593, -83.225342000101691
42.298089329614108, -83.225323850499123
42.298080577715318, -83.225304418317066
42.298071070611584, -83.225283945024486
42.298061177949961, -83.225264759256490
42.298051005903410, -83.225245031651070
42.298041448459827, -83.225226496002904
42.298031952114563, -83.225208078848439
42.298022054078039, -83.225188882656411
42.298012266610826, -83.225169900901804
42.298002109811435, -83.225150202866615
42.297992195540530, -83.225130975189728
42.297981836579211, -83.225110885082927
42.297971838832879, -83.225091495514278
42.297961483487946, -83.225071900259081
42.297950092640697, -83.225052812893409
42.297938516512062, -83.225033415056245
42.297926881508971, -83.225013918564585
42.297915372170685, -83.224994632646371
42.297903843537419, -83.224975314396033
42.297892425479283, -83.224956181433754
42.297881188744590, -83.224937352310747
42.297869671243042, -83.224918052713562
42.297858106246139, -83.224898673529566
42.297846701175018, -83.224879562329306
42.297835343942523, -83.224861465648559
42.297822912159738, -83.224843128768939
42.297810411229541, -83.224824689896906
42.297797861830304, -83.224806179533019
42.297786004036894, -83.224788689287749
42.297773675777663, -83.224770505105383
42.297761584990404, -83.224752671194182
42.297749746558274, -83.224735209506775
42.297737961073302, -83.224717825916443
42.297726012663858, -83.224700202012514
42.297714016707339, -83.224682507976652
42.297701469065608, -83.224664377348105
42.297689341099755, -83.224647368615507
42.297677392980262, -83.224630612106466
42.297665312632979, -83.224613670156003
42.297652644299916, -83.224595903591336
42.297640364920824, -83.224578682510909
42.297627917013415, -83.224561225079782
42.297615196644990, -83.224543385538695
42.297602385870299, -83.224525419208348
42.297589859978856, -83.224507852409374
42.297577003932027, -83.224489822587600
42.297564994504064, -83.224473087648477
42.297551981193919, -83.224455116886844
42.297539141075603, -83.224437385294877
42.297526792693404, -83.224420332767082
42.297513774906569, -83.224402355823358
42.297501303695263, -83.224385133674417
42.297489189080082, -83.224368403967731
42.297476488718345, -83.224350865372955
42.297464039330897, -83.224333673361713
42.297450974538840, -83.224315631506016
42.297439247297000, -83.224299436743479
42.297426305954396, -83.224281653319068
42.297413463994474, -83.224264224944889
42.297400914521276, -83.224247193516973
42.297388077043912, -83.224229771226263
42.297376024433923, -83.224213414112711
42.297363206567738, -83.224196018437183
42.297350818886763, -83.224179206584424
42.297338255685737, -83.224162156525892
42.297325850915016, -83.224145321479909
42.297313567593527, -83.224128651257885
42.297300778443713, -83.224111294554561
42.297288867600884, -83.224095084036577
42.297276138450052, -83.224077293898063
42.297264602557689, -83.224061171446095
42.297252274525384, -83.224043941906970
42.297240358953587, -83.224027288818675
42.297227755532667, -83.224009674399070
42.297215948677824, -83.223993173252552
42.297203849559715, -83.223976263641703
42.297192194576645, -83.223959974749704
42.297180443325132, -83.223943551313852
42.297169156679530, -83.223927777206740
42.297157091449023, -83.223910914956875
42.297144592767751, -83.223893153820271
42.297132987818493, -83.223876454015240
42.297121171340962, -83.223859449815862
42.297109414304522, -83.223842531153664
42.297096835478008, -83.223824429915524
42.297084997820328, -83.223807395237387
42.297073170137814, -83.223790374913776
42.297061212641438, -83.223773167784842
42.297049058237931, -83.223755677301739
42.297036927200921, -83.223738220443607
42.297024338399240, -83.223720104850941
42.297011523937790, -83.223701409122569
42.297000714172540, -83.223685059352647
42.296989338773137, -83.223667854061048
42.296978431698754, -83.223651357111038
42.296967584039713, -83.223634950026735
42.296955932821042, -83.223617327558500
42.296943758087089, -83.223598913273392
42.296931561699544, -83.223580466237223
42.296919514510549, -83.223562244863871
42.296908241833691, -83.223545194940129
42.296896174179409, -83.223526942613020
42.296883954025716, -83.223508459630565
42.296872576942164, -83.223488840489779
42.296861317521540, -83.223468823742010
42.296849625936396, -83.223448038701747
42.296838247682523, -83.223427810694858
42.296828365576459, -83.223410242506304
42.296818146396461, -83.223392075075196
42.296808190664152, -83.223374375995519
42.296797823152431, -83.223355944863584
42.296787320139636, -83.223337272840823
42.296777217034901, -83.223319311765749
42.296766417358661, -83.223300112341320
42.296756690074020, -83.223281254103583
42.296747217127141, -83.223261433783975
42.296738563837771, -83.223243328440063
42.296729411555745, -83.223224179049964
42.296719553984502, -83.223203553977839
42.296710575694050, -83.223184768631654
42.296700792814519, -83.223164299837563
42.296691112053409, -83.223144044706629
42.296681045041844, -83.223122981420886
42.296670930006435, -83.223101817654495
42.296660941914418, -83.223080919492730
42.296651423359805, -83.223060389719080
42.296642518980839, -83.223038896390548
42.296633765048313, -83.223017766208571
42.296624719601645, -83.222995932371788
42.296616073379475, -83.222975062180353
42.296607731337559, -83.222954926217099
42.296599043152824, -83.222933954736703
42.296590652766945, -83.222913702081129
42.296581537704959, -83.222891700207384
42.296572750511778, -83.222870489741069
42.296564187441234, -83.222849820260450
42.296555373742216, -83.222828365091729
42.296546905310827, -83.222806740347281
42.296538347564343, -83.222784887530381
42.296529835594178, -83.222763151606571
42.296521656644359, -83.222742266073979
42.296512991962175, -83.222720140189125
42.296504239363365, -83.222697789802879
42.296495996270771, -83.222676740477141
42.296487262038426, -83.222654436990979
42.296478660753174, -83.222632472994704
42.296470471081811, -83.222611560083905
42.296462189349747, -83.222590412089531
42.296453754280286, -83.222568872537153
42.296445085912509, -83.222546737240876
42.296436207034574, -83.222524064391848
42.296427599839902, -83.222502085305450
42.296419443271461, -83.222481256925334
42.296410897343279, -83.222459434287288
42.296402401100721, -83.222437738525031
42.296393678377612, -83.222415464428536
42.296384874495089, -83.222392983085669
42.296375988799390, -83.222370292826994
42.296367672454039, -83.222348948380500
42.296359021165344, -83.222326455029886
42.296350561355155, -83.222304459523400
42.296342211314972, -83.222282749418923
42.296333570572273, -83.222260283487898
42.296324876457682, -83.222237678789966
42.296316464058599, -83.222215806552356
42.296308067432648, -83.222193975324885
42.296299546088896, -83.222171819831132
42.296291032264897, -83.222149683888730
42.296283107457391, -83.222129079389219
42.296274518619320, -83.222106679051805
42.296265981771874, -83.222084328033020
42.296257576857769, -83.222062322439740
42.296248974730325, -83.222039800506053
42.296240563132571, -83.222017777413768
42.296232387018911, -83.221996370861632
42.296223673100613, -83.221973556239178
42.296215158776135, -83.221951264189627
42.296206960139500, -83.221929798668256
42.296198587544943, -83.221907877693425
42.296189839842185, -83.221884974617126
42.296181449682415, -83.221862754708667
42.296173509337329, -83.221841580455106
42.296165056584144, -83.221819039779945
42.296157063215801, -83.221797724131022
42.296148836779189, -83.221775786966745
42.296140642030501, -83.221753934303578
42.296131934063510, -83.221730713058264
42.296123675218801, -83.221708689472365
42.296115335983991, -83.221686451512880
42.296107137544382, -83.221664589007247
42.296099058654661, -83.221643045301320
42.296090461050369, -83.221620419234910
42.296082069925276, -83.221598449743766
42.296073916927575, -83.221577103713415
42.296065212578313, -83.221554314144441
42.296056264875148, -83.221530887430688
42.296047701825195, -83.221508467809002
42.296039576610546, -83.221487194519739
42.296030953409819, -83.221464617412380
42.296022176164421, -83.221441636988061
42.296013791824628, -83.221419685262063
42.296005250505978, -83.221397322536859
42.295996427246827, -83.221374377508411
42.295987685969209, -83.221351650186605
42.295979157202837, -83.221329475394043
42.295970872379954, -83.221307934854536
42.295961957721019, -83.221284756741312
42.295953037838650, -83.221261565047158
42.295944374637607, -83.221239040724456
42.295935902870802, -83.221217014130758
42.295926939459825, -83.221193709262224
42.295918552550901, -83.221171903299009
42.295910196361625, -83.221149751052252
42.295902237134463, -83.221127975808116
42.295893884692092, -83.221105124786547
42.295885805175899, -83.221083020449782
42.295877179100295, -83.221059420808984
42.295868811456081, -83.221036528197459
42.295860598746962, -83.221014059464963
42.295852298450463, -83.220991351106619
42.295843500028347, -83.220967279951779
42.295835161285318, -83.220944466409520
42.295826570651229, -83.220920963731359
42.295818937212822, -83.220898602035490
42.295810865444970, -83.220874551461890
42.295803178558309, -83.220851647677122
42.295795373399137, -83.220828391488595
42.295787994417417, -83.220806405134894
42.295780231793408, -83.220783275683758
42.295772509061578, -83.220760265095052
42.295764816806404, -83.220737345314305
42.295757173280812, -83.220714570727864
42.295749074422609, -83.220690439436083
42.295741884901588, -83.220667865503486
42.295735886808558, -83.220645222702302
42.295729670880675, -83.220621757574548
42.295723401877630, -83.220598092088068
42.295717207153146, -83.220574707003124
42.295710985157626, -83.220551218970044
42.295704643542969, -83.220527279374707
42.295698419947193, -83.220503785300650
42.295692921134048, -83.220483027281034
42.295687106070304, -83.220461075415400
42.295681085040272, -83.220438346027038
42.295675420317359, -83.220415629662213
42.295670629658915, -83.220392424910386
42.295665509093780, -83.220367622173015
42.295660521482418, -83.220343463430467
42.295655722231004, -83.220320217056454
42.295651019663659, -83.220297438995857
42.295645953028625, -83.220272897482403
42.295640894195792, -83.220248393760869
42.295635980072745, -83.220224590977381
42.295631008856553, -83.220200511648940
42.295625936633456, -83.220175943068298
42.295621679742872, -83.220151457547331
42.295618180826445, -83.220126328965705
42.295614767545523, -83.220101815402714
42.295611207345615, -83.220076246694276
42.295607751375300, -83.220051426543833
42.295604206505431, -83.220025967932941
42.295600541122376, -83.219999643818298
42.295596955690250, -83.219973893896650
42.295593315869489, -83.219947753365730
42.295589891769524, -83.219923162102319
42.295586480187794, -83.219897704875436
42.295584435718588, -83.219872542177541
42.295582215834109, -83.219845220522345
42.295580065990158, -83.219818760904531
42.295578032692802, -83.219793735706261
42.295576041246555, -83.219769225598640
42.295574190465963, -83.219746446760524
42.295572339144094, -83.219723661260616
42.295570483037388, -83.219700816870358
42.295568484836075, -83.219676223623424
42.295566617016249, -83.219653235071732
42.295565000000003, -83.219630449356870
42.295565000000003, -83.219607336460584
42.295565000000003, -83.219583469004348
42.295565000000003, -83.219561365768357
42.295565000000003, -83.219539108398052
42.295565000000003, -83.219514484233642
42.295565000000003, -83.219490532997085
42.295565000000003, -83.219466623650689
42.295565000000003, -83.219444599630066
42.295565000000003, -83.219421046618564
42.295565000000003, -83.219398729903858
42.295565000000003, -83.219372462624747
42.295566692008840, -83.219346951905706
42.295569039055785, -83.219321916738338
42.295571290675817, -83.219297899457985
42.295573651448031, -83.219272717887691
42.295575995019902, -83.219247719787731
42.295578051461028, -83.219225784415684
42.295580130827616, -83.219203604505424
42.295582302796056, -83.219180436842066
42.295584323586468, -83.219158881744306
42.295586364452284, -83.219137112508918
42.295588529045581, -83.219114023513811
42.295590956236346, -83.219092843828392
42.295594660070591, -83.219071581076207
42.295598701341127, -83.219048381189822
42.295602528607695, -83.219026409844716
42.295606475938584, -83.219003749241438
42.295610403516662, -83.218981202033945
42.295614568174003, -83.218957293815905
42.295618609444531, -83.218934093929519
42.295622752164412, -83.218910311648727
42.295626640555462, -83.218887989403811
42.295630751188405, -83.218864391325823
42.295634864051500, -83.218840780445092
42.295640158444087, -83.218818669136610
42.295645673072180, -83.218795865404218
42.295651020638886, -83.218773752493263
42.295656716994770, -83.218750197291897
42.295662413412273, -83.218726641835715
42.295667781191497, -83.218704445343263
42.295673332670461, -83.218681489227549
42.295678750919357, -83.218659084036176
42.295684523996535, -83.218635211581898
42.295690373856630, -83.218611021619864
42.295696174787643, -83.218587033986211
42.295701820506018, -83.218563688177795
42.295707786667798, -83.218539017292613
42.295713508275306, -83.218515357672374
42.295719521941322, -83.218490490350760
42.295725179880812, -83.218467094006357
42.295731077809236, -83.218442705275322
42.295736928788664, -83.218418510684700
42.295742915186011, -83.218393756122694
42.295748699474437, -83.218369837308416
42.295754408928261, -83.218346227945290
42.295760236620247, -83.218322129651398
42.295765764185255, -83.218299272423124
42.295771191429708, -83.218276830033901
42.295777088035393, -83.218252446772553
42.295782838792306, -83.218228666615602
42.295788529210604, -83.218205135966940
42.295794395281298, -83.218180878971921
42.295799974347446, -83.218157808779480
42.295805527876340, -83.218134844187034
42.295810947136594, -83.218112434813548
42.295816558627116, -83.218089230541906
42.295822311944171, -83.218064893501193
42.295827598639661, -83.218041783089490
42.295832862918559, -83.218018770670298
42.295838248153636, -83.217995229499834
42.295843894039926, -83.217970548911197
42.295849252480167, -83.217947124872410
42.295854740574690, -83.217923134059205
42.295860320437122, -83.217898742089147
42.295865823767919, -83.217874684671656
42.295871303748108, -83.217850729329712
42.295876675556578, -83.217827246852679
42.295882476283090, -83.217802868342901
42.295888313669515, -83.217778729961211
42.295893951082938, -83.217755418494889
42.295899699119722, -83.217731649586028
42.295905503208139, -83.217707648896067
42.295911086543143, -83.217684561051328
42.295916729012930, -83.217661228676278
42.295922408295503, -83.217637744075347
42.295928315977712, -83.217613315011093
42.295933941243526, -83.217590053776775
42.295939737254102, -83.217566086489811
42.295945336671068, -83.217542319147967
42.295950872346808, -83.217518792526079
42.295956347103967, -83.217495524808129
42.295961972118960, -83.217471618494415
42.295967572670584, -83.217447816150013
42.295973135807650, -83.217424172817474
42.295978824739180, -83.217399994858496
42.295984646300518, -83.217375253222812
42.295990411320304, -83.217350751888716
42.295996102230482, -83.217326565520437
42.296001451960166, -83.217303611375257
42.296007018505776, -83.217279118574567
42.296012550235034, -83.217254778965867
42.296018299950092, -83.217229480219586
42.296023887326506, -83.217204895763359
42.296029326231810, -83.217180964580052
42.296035135429733, -83.217155404109178
42.296040731480730, -83.217130781484784
42.296046305225659, -83.217106257007117
42.296051583680658, -83.217083031805132
42.296057175836943, -83.217058426317465
42.296062544497865, -83.217035044847393
42.296068029358040, -83.217011224883194
42.296073247107394, -83.216988564943136
42.296078675244750, -83.216964991318065
42.296084308057431, -83.216940528817275
42.296089685588562, -83.216917174967776
42.296094840960130, -83.216894785925561
42.296100344227810, -83.216870886020189
42.296105800236091, -83.216847191355654
42.296111142798736, -83.216823989369317
42.296116581322771, -83.216800370636363
42.296122393737427, -83.216776317788486
42.296128319963493, -83.216751812042858
42.296134130590751, -83.216727784313932
42.296140112890868, -83.216703046694519
42.296146028518329, -83.216678584775579
42.296151892631599, -83.216654335874736
42.296157759332907, -83.216630076272040
42.296163600708461, -83.216605921394745
42.296169614804413, -83.216581052295254
42.296175191707633, -83.216557991046798
42.296181020171588, -83.216533254678453
42.296186679893118, -83.216508513610066
42.296192378843678, -83.216483601054776
42.296198124203578, -83.216458485624358
42.296203787310944, -83.216433729755011
42.296209534071878, -83.216408608200069
42.296215234948860, -83.216383687223541
42.296220983169214, -83.216358559288878
42.296226737110459, -83.216333406345697
42.296232247154556, -83.216309319581484
42.296238179298626, -83.216283344419381
42.296243982539806, -83.216257810158169
42.296249770793928, -83.216232341840055
42.296255732107390, -83.216206112060803
42.296261556177065, -83.216180486154244
42.296267352160733, -83.216154983826101
42.296273229865236, -83.216129121926301
42.296278994458660, -83.216103757715217
42.296284735332399, -83.216078497870782
42.296290485882821, -83.216053195448922
42.296296387212742, -83.216027269231930
42.296302038300468, -83.216002565905569
42.296307771991266, -83.215977501485796
42.296313610513089, -83.215951978804696
42.296319253936005, -83.215927308984504
42.296325032023745, -83.215902050486676
42.296330881217344, -83.215876481154666
42.296336443923913, -83.215852164180234
42.296342276608684, -83.215826667015378
42.296347949452688, -83.215801868583043
42.296353679968270, -83.215776869763602
42.296359498791823, -83.215752301397487
42.296365392365658, -83.215727417419075
42.296371124200526, -83.215703216338540
42.296376950403115, -83.215678616816476
42.296382797782954, -83.215653927879373
42.296388738990601, -83.215628842780433
42.296394377957533, -83.215605033808941
42.296400364879233, -83.215579755695089
42.296406343941953, -83.215554510763596
42.296412091974709, -83.215530241291958
42.296417692647942, -83.215506317223117
42.296423210757368, -83.215482668182730
42.296428943855794, -83.215458097760902
42.296434565115618, -83.215434006647342
42.296440062699922, -83.215410445571777
42.296445733173400, -83.215386143542588
42.296451256997202, -83.215362470011996
42.296456934701119, -83.215338136995200
42.296462621384784, -83.215313765493804
42.296468320546786, -83.215289340513806
42.296473938356073, -83.215264811817207
42.296479368594504, -83.215240458020617
42.296484778302016, -83.215216196302094
42.296490100113211, -83.215192328785207
42.296495525886030, -83.215167995016216
42.296500823626488, -83.215144235452939
42.296506150393419, -83.215120345710304
42.296511493171209, -83.215096384161441
42.296516837746132, -83.215072414552679
42.296521970422333, -83.215049395277617
42.296527330302389, -83.215025457578520
42.296532733030737, -83.215002045755682
42.296538105571329, -83.214978764746462
42.296543407398893, -83.214955790160360
42.296548832671824, -83.214932280644305
42.296554247057372, -83.214908818306938
42.296559521886415, -83.214885960714426
42.296564895306794, -83.214862675892789
42.296570194879898, -83.214839711076010
42.296575384974275, -83.214817220667030
42.296580811566891, -83.214793705432356
42.296586291902805, -83.214770517944743
42.296591746564431, -83.214747542248801
42.296597269455866, -83.214724279160649
42.296602625828797, -83.214701717468600
42.296607959865909, -83.214679249857724
42.296613466422194, -83.214656055575190
42.296618961143828, -83.214632911141635
42.296624408026815, -83.214609968210269
42.296629975145386, -83.214586518832050
42.296635267288956, -83.214564227681862
42.296640267698791, -83.214542248723177
42.296645188789320, -83.214520267852137
42.296650177087912, -83.214497986785076
42.296655082676587, -83.214476075155687
42.296660055373309, -83.214453863776981
42.296665026869888, -83.214431657758936
42.296669886953097, -83.214409949387260
42.296674906405435, -83.214387529166842
42.296679857399553, -83.214365414726444
42.296684829346191, -83.214343206698146
42.296689619959764, -83.214321921130576
42.296694191464660, -83.214301675894603
42.296698812835992, -83.214281209821578
42.296703392651956, -83.214260927779435
42.296707974361006, -83.214240637353655
42.296712399821907, -83.214221038883949
42.296717050004951, -83.214200445216193
42.296721655492895, -83.214180049483858
42.296726053388745, -83.214160573087966
42.296730605593488, -83.214140413324102
42.296735020386315, -83.214120936254901
42.296739156332080, -83.214102801723442
42.296743442124303, -83.214084010172954
42.296747686372761, -83.214065400775851
42.296751908339061, -83.214046889077466
42.296756205644456, -83.214028047046099
42.296760593654447, -83.214008807309980
42.296764863687180, -83.213990084858764
42.296769066698317, -83.213971656271468
42.296773271110304, -83.213953221541999
42.296777474618864, -83.213934785369318
42.296781208036911, -83.213918390794419
42.296785051380951, -83.213901513501028
42.296788794196026, -83.213885077660933
42.296792538583659, -83.213868634915229
42.296796312504796, -83.213852062478949
42.296800127274217, -83.213835310665417
42.296803810408598, -83.213819136901364
42.296807583409212, -83.213802568507376
42.296811351960621, -83.213786019651195
42.296815077383094, -83.213769649739689
42.296818194147626, -83.213755542279159
42.296821208830991, -83.213741896870260
42.296824324836557, -83.213727792845063
42.296827417756852, -83.213713793311101
42.296830593309764, -83.213699419755798
42.296833692206931, -83.213685393168618
42.296836666222269, -83.213671931836032
42.296839769009146, -83.213657887642810
42.296842855984195, -83.213643915018906
42.296845803846772, -83.213630572062002
42.296848525643441, -83.213618417457241
42.296851153979595, -83.213606754215533
42.296853732486099, -83.213595312092949
42.296856246676647, -83.213584155372388
42.296858815217213, -83.213572757473628
42.296861274634786, -83.213561843808137
42.296863671243194, -83.213551208858320
42.296866244964988, -83.213539787967861
42.296868686195396, -83.213528955007916
42.296871235676448, -83.213517641685755
42.296873541293650, -83.213507414841942
42.296875404517692, -83.213499185602402
42.296877261931584, -83.213490982024396
42.296879000671922, -83.213483302587889
42.296880776486631, -83.213475459406268
42.296882620798009, -83.213467313697691
42.296884379122943, -83.213459547762568
42.296886237979486, -83.213451337812828
42.296888055077964, -83.213443312294558
42.296889847414086, -83.213435396143353
42.296891620798014, -83.213427563697692
42.296893381878128, -83.213419781548438
42.296894610447076, -83.213414252988173
42.296895814416615, -83.213408835125236
42.296897007014103, -83.213403468436539
42.296898232086015, -83.213397955612947
42.296899461215553, -83.213392424529999
42.296900633578261, -83.213387148897823
42.296901880953811, -83.213381535707853
42.296903095761508, -83.213376069073220
42.296904283981021, -83.213370722085401
42.296905505889576, -83.213365223496908
42.296906669497062, -83.213359989244481
42.296907457291304, -83.213356995626356
42.296908246804009, -83.213353995478101
42.296909030807541, -83.213351016264681
42.296909787063058, -83.213348142493714
42.296910558296098, -83.213345211808146
42.296911347463421, -83.213342212972321
42.296912128147973, -83.213339246371021
42.296912915807440, -83.213336253265069
42.296913718436002, -83.213333203276520
42.296914515614361, -83.213330173998756
42.296915057456673, -83.213327931136604
42.296915204867844, -83.213326899258433
42.296915357492651, -83.213325830884756
42.296915513418881, -83.213324739401145
42.296915668785438, -83.213323651835267
42.296915812758598, -83.213322644023137
42.296915966719304, -83.213321566298220
42.296916120981500, -83.213320486462862
42.296916268952344, -83.213319450666944
42.296916426515956, -83.213318347721653
42.296916578429510, -83.213317284326763
42.296916666666668, -83.213316605356837
42.296916666666668, -83.213316450409820
42.296916666666668, -83.213316300664317
42.296916666666668, -83.213316155643668
42.296916666666668, -83.213316003016573
42.296916666666668, -83.213315859197550
42.296916666666668, -83.213315712796941
42.296916666666668, -83.213315566328006
42.296916666666668, -83.213315414262567
42.296916666666668, -83.213315275330075
42.296916666666668, -83.213315129557770
42.296916666666668, -83.213315129557770
42.296916666666668, -83.213315129557770
42.296916666666668, -83.213315129557770
42.296916666666668, -83.213315129557770
42.296916666666668, -83.213315129557770
42.296916666666668, -83.213315129557770
42.296916666666668, -83.213315129557770
