42.303545000000000, -83.225023333333340
42.303545000000000, -83.225023333333340
42.303545000000000, -83.225023333333340
42.303545000000000, -83.225023333333340
42.303545000000000, -83.225023333333340
42.303545000000000, -83.225023333333340
42.303545000000000, -83.225023333333340
42.303545000000000, -83.225023333333340
42.303545000000000, -83.225023333333340
42.303545000000000, -83.225023333333340
42.303545000000000, -83.225023333333340
42.303545000000000, -83.225023333333340
42.303545000000000, -83.225023333333340
42.303545000000000, -83.225023333333340
42.303545000000000, -83.225023333333340
42.303545000000000, -83.225023333333340
42.303545000000000, -83.225023333333340
42.303545045775877, -83.225023424885094
42.303545184331746, -83.225023701996832
42.303545331105198, -83.225023995543737
42.303545483026525, -83.225024299386391
42.303545635874436, -83.225024605082211
42.303545783017860, -83.225024899369060
42.303545927348203, -83.225025188029747
42.303546071841872, -83.225025477017070
42.303546214970652, -83.225025763274644
42.303546352446617, -83.225026038226559
42.303546493842227, -83.225026321017779
42.303546649639870, -83.225026632613066
42.303547565552734, -83.225028207614201
42.303548534796249, -83.225029869174520
42.303549534919576, -83.225031583671651
42.303550562551251, -83.225033345325954
42.303551595444276, -83.225035115999702
42.303552542814103, -83.225036740062265
42.303553601512242, -83.225038554973366
42.303554651122603, -83.225040354305406
42.303555661185328, -83.225042085841523
42.303556612848233, -83.225043717263631
42.303557646884521, -83.225045489897283
42.303559170086807, -83.225048026391065
42.303561498873286, -83.225051810669100
42.303563674987004, -83.225055346853878
42.303566055348881, -83.225059214941936
42.303568378481806, -83.225062990032939
42.303570571182846, -83.225066553172127
42.303572892102352, -83.225070324666319
42.303575284704721, -83.225074212645168
42.303577605864234, -83.225077984529378
42.303579840726961, -83.225081616181313
42.303582100950706, -83.225085289044884
42.303584406802941, -83.225089036054769
42.303587596577692, -83.225093894866532
42.303591228381485, -83.225099342572221
42.303594889686430, -83.225104834529631
42.303598380309239, -83.225110070463856
42.303602036632341, -83.225115554948516
42.303605701489552, -83.225121052234329
42.303609145932889, -83.225126218899334
42.303612753650576, -83.225131630475857
42.303616357122863, -83.225137035684298
42.303619727748341, -83.225142091622516
42.303623470322236, -83.225147705483352
42.303627063484292, -83.225153095226432
42.303631046921261, -83.225159111496851
42.303635773164594, -83.225166272471611
42.303640069234753, -83.225172781668817
42.303644593546480, -83.225179636686590
42.303649182911485, -83.225186590269928
42.303653810908820, -83.225193602387108
42.303658616248519, -83.225200883204835
42.303663356146387, -83.225208064868269
42.303667692236530, -83.225214634701814
42.303672470711220, -83.225221874814977
42.303677193291151, -83.225229030239120
42.303681664427913, -83.225235804688765
42.303686836653284, -83.225243902713771
42.303692312615823, -83.225252608090116
42.303697473063771, -83.225260811879167
42.303703062980027, -83.225269698412703
42.303708961131754, -83.225279074961605
42.303714714731676, -83.225288221710187
42.303720448748820, -83.225297337327191
42.303725892567265, -83.225305991602667
42.303732059273571, -83.225315795084484
42.303738221857188, -83.225325592012283
42.303744347401022, -83.225335330056325
42.303750265973044, -83.225345234616910
42.303756359231521, -83.225356483709476
42.303762111198878, -83.225367102726139
42.303768005896252, -83.225377985244364
42.303774002766474, -83.225389056389389
42.303780079516095, -83.225400275004077
42.303786035959149, -83.225411271514318
42.303792019050327, -83.225422317221117
42.303798005261292, -83.225433368687519
42.303804145966446, -83.225444705373945
42.303810177479242, -83.225455840474496
42.303816266074676, -83.225467908141837
42.303822391617167, -83.225480944552771
42.303828459635803, -83.225493858541157
42.303834497820041, -83.225506709035812
42.303840547249052, -83.225519583461661
42.303846257449848, -83.225531735940280
42.303852056048875, -83.225544076548474
42.303858128292433, -83.225556999528337
42.303864202680941, -83.225569927073124
42.303870072648543, -83.225582419568269
42.303876149701999, -83.225595352784609
42.303881641653497, -83.225608507109001
42.303886919906212, -83.225622079758836
42.303892480102782, -83.225636377407170
42.303897690465000, -83.225649775481429
42.303902756589075, -83.225662802657624
42.303907694164479, -83.225675499280101
42.303912989623115, -83.225689116173740
42.303918183304333, -83.225702471354012
42.303923428136727, -83.225715958065877
42.303929229099595, -83.225730874827534
42.303934928751637, -83.225745531075660
42.303939869049778, -83.225760380138368
42.303944493560650, -83.225775369932236
42.303948724701478, -83.225789084664569
42.303953203465582, -83.225803602037871
42.303957639870504, -83.225817982109007
42.303961921754606, -83.225831861319534
42.303966191257544, -83.225845700398025
42.303970898000792, -83.225860956738202
42.303975588365802, -83.225876159990307
42.303980118604350, -83.225890844211804
42.303984698367550, -83.225905688961490
42.303988686840640, -83.225921414029230
42.303992654160382, -83.225937283308212
42.303996575711906, -83.225952969514282
42.304000131077970, -83.225967190978551
42.304003539581188, -83.225980824991410
42.304007013405254, -83.225994720287673
42.304010630840011, -83.226009190026701
42.304014056238600, -83.226022891621056
42.304017511541211, -83.226036712831501
42.304020911279451, -83.226050311784462
42.304024819822324, -83.226065945955952
42.304028088542189, -83.226081800523389
42.304031424375772, -83.226098146107944
42.304034643597696, -83.226113920295361
42.304037949694973, -83.226130120172016
42.304041056939027, -83.226145345667902
42.304044139080574, -83.226160448161480
42.304047362969627, -83.226176245217857
42.304050315364869, -83.226190711954530
42.304053287728770, -83.226205276537655
42.304056514351430, -83.226221086988701
42.304059496310501, -83.226236331764596
42.304062155298269, -83.226250808475783
42.304064980921396, -83.226266192423935
42.304067792959799, -83.226281502410785
42.304070456307734, -83.226296002860636
42.304073067393027, -83.226310218769470
42.304075808956952, -83.226325145061949
42.304078548830205, -83.226340062149632
42.304081483576056, -83.226356040210391
42.304084374097400, -83.226371777493256
42.304087314211891, -83.226387784783256
42.304089687037127, -83.226403642308412
42.304091878660394, -83.226420332362508
42.304094076747397, -83.226437071640461
42.304096214184824, -83.226453349048555
42.304098409050916, -83.226470063798018
42.304100666012708, -83.226487251430115
42.304102857285400, -83.226503938814446
42.304105146193393, -83.226521369729141
42.304107151332360, -83.226536639633579
42.304109090585023, -83.226551407788506
42.304110976594188, -83.226568001615789
42.304112742466813, -83.226585483754761
42.304114370684367, -83.226601603108577
42.304115975407079, -83.226617489863415
42.304117597293398, -83.226633546537926
42.304119204044085, -83.226649453369745
42.304120660460732, -83.226663871894559
42.304122215885485, -83.226679270599618
42.304123742143652, -83.226694380555500
42.304125196812620, -83.226708781778228
42.304126648365418, -83.226723152150981
42.304127505749427, -83.226740282805054
42.304128328283838, -83.226756898000204
42.304129066784988, -83.226771815723424
42.304129869796355, -83.226788036553017
42.304130696622003, -83.226804738431156
42.304131526122390, -83.226821494338893
42.304132312610406, -83.226837381396862
42.304133054661200, -83.226852370822911
42.304133899518384, -83.226869436937974
42.304134730851914, -83.226886229875333
42.304135000000002, -83.226903227848950
42.304135000000002, -83.226920046032916
42.304135000000002, -83.226935412430606
42.304135000000002, -83.226950370476160
42.304135000000002, -83.226965746746473
42.304135000000002, -83.226981551114164
42.304135000000002, -83.226998447428016
42.304135000000002, -83.227015558386327
42.304135000000002, -83.227032638705467
42.304135000000002, -83.227049617064225
42.304134807598864, -83.227066413371318
42.304134312548122, -83.227082915062738
42.304133844693297, -83.227098510223456
42.304133352302159, -83.227114923261510
42.304132867329905, -83.227131089003308
42.304132430880372, -83.227145637321073
42.304131928910664, -83.227162369644546
42.304131431405288, -83.227178953157022
42.304130917597362, -83.227196080087992
42.304130444618309, -83.227211846056420
42.304129867677752, -83.227228575887736
42.304128631822216, -83.227246407517598
42.304127554331011, -83.227261954176328
42.304126402960570, -83.227278566807016
42.304125256758873, -83.227295104860062
42.304124152128836, -83.227311043093451
42.304122997514803, -83.227327702524533
42.304121872139774, -83.227343940078541
42.304120708063316, -83.227360736038889
42.304119540824935, -83.227377577621212
42.304118374741648, -83.227394402537200
42.304116446904665, -83.227410720238922
42.304114445010164, -83.227427402693081
42.304112504410632, -83.227443574355846
42.304110512541200, -83.227460173267815
42.304108489313840, -83.227477033495816
42.304106528486571, -83.227493373723021
42.304104579302589, -83.227509616922887
42.304102618810809, -83.227525954354391
42.304100663963062, -83.227542244752300
42.304098705089501, -83.227558568698655
42.304096444210217, -83.227575025465882
42.304094129180690, -83.227591396031812
42.304092008635017, -83.227606391319043
42.304089882295507, -83.227621427576992
42.304087815999111, -83.227636039244402
42.304085727425978, -83.227650808440089
42.304083547404765, -83.227666224304400
42.304081455922891, -83.227681014069077
42.304079247831112, -83.227696628432383
42.304077133883325, -83.227711577063147
42.304074726457351, -83.227728140757591
42.304071698770123, -83.227744456627676
42.304068627317264, -83.227761008345837
42.304065515308466, -83.227777778615476
42.304062387341268, -83.227794634883182
42.304059272662734, -83.227811419539719
42.304056285981403, -83.227827514433557
42.304053183091689, -83.227844235561449
42.304050185371466, -83.227860389942677
42.304047160353967, -83.227876691425863
42.304043861176211, -83.227893302746224
42.304040513305608, -83.227907911636137
42.304036914947162, -83.227923613563917
42.304033144062927, -83.227940068331492
42.304029485514256, -83.227956032907485
42.304025893774536, -83.227971705953536
42.304022179240924, -83.227987914827480
42.304018534478232, -83.228003819246510
42.304014804037728, -83.228020097532351
42.304011210177087, -83.228035779833320
42.304007441179031, -83.228051593127915
42.304003006173211, -83.228067797956854
42.303998585375474, -83.228083950871664
42.303994256082973, -83.228099769440433
42.303989880473004, -83.228115757246087
42.303985393153653, -83.228132153220628
42.303980943548709, -83.228148411392525
42.303976433765826, -83.228164889445381
42.303972010143852, -83.228181052679517
42.303967618544362, -83.228197098908410
42.303963069946768, -83.228212789594139
42.303958239941778, -83.228228112368598
42.303953606743178, -83.228242810791741
42.303948699655685, -83.228258378103789
42.303943856626745, -83.228273742195611
42.303938976069524, -83.228289225342650
42.303934198642715, -83.228304381317358
42.303929334244842, -83.228319813200258
42.303924526766465, -83.228335064510972
42.303919641047905, -83.228350564031928
42.303914405542720, -83.228366166701662
42.303908795803451, -83.228381465990580
42.303903540640285, -83.228395798253771
42.303898402257296, -83.228409812025561
42.303893294513287, -83.228423742236487
42.303887647369159, -83.228439143538651
42.303882058752642, -83.228454385220076
42.303876405777750, -83.228469802424314
42.303870901927255, -83.228484812925686
42.303865210612379, -83.228500334693507
42.303859451078047, -83.228515415883308
42.303853271970880, -83.228530520367485
42.303847302212091, -83.228545113111196
42.303841272990923, -83.228559851207379
42.303835138585548, -83.228574846420528
42.303829012520502, -83.228589821246189
42.303822968538739, -83.228604595423818
42.303816925517019, -83.228619367254694
42.303810608764351, -83.228634808205655
42.303804255590222, -83.228650338186867
42.303797819011471, -83.228665052581832
42.303791662191081, -83.228678471292938
42.303785549056379, -83.228691794791658
42.303778385775146, -83.228707407071255
42.303771305509713, -83.228722838418989
42.303764640128215, -83.228737365532524
42.303757743056593, -83.228752397611686
42.303751049461425, -83.228766986216542
42.303744469826079, -83.228781326447432
42.303738303969517, -83.228794764852765
42.303731503198556, -83.228807838808720
42.303724219808721, -83.228821246867284
42.303716980275283, -83.228834574190188
42.303710322389236, -83.228846830753156
42.303702301214415, -83.228861597006784
42.303694694035251, -83.228875601132074
42.303687287510122, -83.228889235871506
42.303679776477686, -83.228903062999407
42.303672295440677, -83.228916834908446
42.303665021071474, -83.228930226360845
42.303657325816289, -83.228943650590864
42.303649420781042, -83.228957226629660
42.303641634431720, -83.228970598838274
42.303633579198959, -83.228984432824973
42.303625675390435, -83.228998006757010
42.303617723202827, -83.229011663774855
42.303609936853512, -83.229025035983469
42.303601994709737, -83.229038675752122
42.303593965314931, -83.229052465364944
42.303586072137712, -83.229065922126551
42.303577175112764, -83.229079721593806
42.303569153913344, -83.229092162637812
42.303561691468225, -83.229103737042479
42.303553482901108, -83.229116468697597
42.303545325218948, -83.229129121429125
42.303537389698995, -83.229141429582512
42.303529364579063, -83.229153876707301
42.303521499301574, -83.229166075913199
42.303513679518339, -83.229178204556590
42.303505442854238, -83.229190979790701
42.303496991637161, -83.229202972590684
42.303488049911969, -83.229215596202707
42.303478918742371, -83.229228487265672
42.303470253616233, -83.229240720384922
42.303461544530144, -83.229253015565291
42.303452542264374, -83.229265724646382
42.303443849163720, -83.229277997259061
42.303436121566335, -83.229288906808307
42.303428399580859, -83.229299808434860
42.303420297941301, -83.229311246043650
42.303411744183471, -83.229322215765563
42.303403071391834, -83.229333297665988
42.303394611353717, -83.229344107714695
42.303386154946196, -83.229354913124297
42.303377714967176, -83.229365697541937
42.303369281614010, -83.229376473493218
42.303360455701565, -83.229387751047994
42.303351226791861, -83.229399543543735
42.303341430509192, -83.229412061016035
42.303331985941490, -83.229424129074772
42.303323695654115, -83.229433855833022
42.303313790803429, -83.229445150838202
42.303304059688983, -83.229456247723093
42.303294570052863, -83.229467069237970
42.303285006362131, -83.229477975201078
42.303276587314421, -83.229487575869527
42.303267800820187, -83.229497595555927
42.303258746561077, -83.229507920588247
42.303249564920513, -83.229518390880116
42.303240478156518, -83.229528752979405
42.303231255088036, -83.229538998804301
42.303221910916029, -83.229548976479492
42.303212610599871, -83.229558907325568
42.303202275504098, -83.229569943105801
42.303191612977820, -83.229581328515209
42.303181632300756, -83.229591985848344
42.303171635450617, -83.229602660451036
42.303161160551937, -83.229613845512333
42.303151201902025, -83.229624479324954
42.303141100968674, -83.229635265067358
42.303130712207235, -83.229646152941413
42.303121063273913, -83.229656123505848
42.303111204077119, -83.229666311342541
42.303101322982002, -83.229676521807491
42.303091334674313, -83.229686843058758
42.303080860243817, -83.229697666636937
42.303070736384562, -83.229708127958176
42.303060546830359, -83.229718657164184
42.303050109656724, -83.229729442243595
42.303040155435106, -83.229739728272605
42.303029762918847, -83.229750010728765
42.303019479229164, -83.229759957248291
42.303009691184315, -83.229769424373643
42.302999718200390, -83.229779070374477
42.302989456166578, -83.229788995948169
42.302979818797752, -83.229798317337696
42.302970799485308, -83.229807040934972
42.302961158049655, -83.229816366257992
42.302951897167553, -83.229825323504613
42.302942283996359, -83.229834621489871
42.302933352769386, -83.229843232885941
42.302925098822165, -83.229851080901327
42.302915022448140, -83.229860661715975
42.302905737354898, -83.229869490165299
42.302896846986911, -83.229877943302071
42.302887579382777, -83.229886755122394
42.302879011444936, -83.229894901686237
42.302870058746556, -83.229903414087971
42.302861751518542, -83.229911312763790
42.302853669208687, -83.229918997582999
42.302844456512247, -83.229927757196009
42.302835282251181, -83.229936480263902
42.302826070184913, -83.229944789465264
42.302816871856031, -83.229952965757604
42.302807126438850, -83.229961628350651
42.302797055813905, -83.229970580017266
42.302786548253380, -83.229979920071074
42.302776038067663, -83.229989262458375
42.302765687073098, -83.229998463342426
42.302756380376628, -83.230006735961510
42.302746511050778, -83.230015508695601
42.302737020276417, -83.230023944939475
42.302727830462786, -83.230032068963098
42.302718003412316, -83.230039930603482
42.302707915445602, -83.230048000976851
42.302698178979007, -83.230055790150132
42.302688555200490, -83.230063489172935
42.302678927087811, -83.230071191663086
42.302669174584835, -83.230078993665458
42.302659202881877, -83.230086971027831
42.302649241905961, -83.230094939808566
42.302639536428586, -83.230102704190472
42.302630131091568, -83.230110228460077
42.302620530392439, -83.230117909019384
42.302610397605520, -83.230125424332343
42.302600773235845, -83.230132531559178
42.302591655716910, -83.230139264496231
42.302582324240497, -83.230146155432664
42.302572653296529, -83.230153297052823
42.302563171273633, -83.230160299162037
42.302554635058719, -83.230166602828433
42.302544971221160, -83.230173739200794
42.302535400641510, -83.230180806705761
42.302525267453163, -83.230188289675610
42.302515632369214, -83.230195404814523
42.302505559238668, -83.230202195383384
42.302494680649289, -83.230209074491384
42.302484089124739, -83.230215772073080
42.302473761529136, -83.230222302758534
42.302464819616631, -83.230227957203212
42.302455023023590, -83.230234152107641
42.302444828964802, -83.230240598350690
42.302435397492182, -83.230246562370141
42.302425848430801, -83.230252600747193
42.302415978162280, -83.230258842240531
42.302405262422667, -83.230265618369984
42.302395219810776, -83.230271714693586
42.302384934117903, -83.230277379278064
42.302375809516434, -83.230282404420905
42.302365077524030, -83.230288314793540
42.302354302315393, -83.230294248966402
42.302343512969536, -83.230300190924993
42.302333122799126, -83.230305913047829
42.302322795729019, -83.230311600419768
42.302311615598093, -83.230317757593326
42.302301168074230, -83.230323511302117
42.302290472861593, -83.230329401419226
42.302280040747448, -83.230334910064599
42.302269646315445, -83.230339887679932
42.302259923820429, -83.230344543522605
42.302249291879178, -83.230349634874756
42.302238657097760, -83.230354727586985
42.302228151189077, -83.230359758585521
42.302218392836906, -83.230364431599227
42.302207852017787, -83.230369479315428
42.302197084340065, -83.230374635668142
42.302186657956149, -83.230379628584387
42.302177229182085, -83.230384143771957
42.302166663156456, -83.230389203558886
42.302156483162946, -83.230393266732023
42.302146835072222, -83.230396967369558
42.302135456205988, -83.230401331866190
42.302123904761189, -83.230405762557353
42.302112760178254, -83.230410037191902
42.302101789025819, -83.230414245305155
42.302092190834401, -83.230417926803241
42.302081289419277, -83.230422108167943
42.302070793892376, -83.230426133849491
42.302060984298308, -83.230429896433520
42.302050852671186, -83.230433782537077
42.302040967031317, -83.230437306207747
42.302031365175388, -83.230439901303939
42.302020314457423, -83.230442887984481
42.302009203061878, -83.230445891064349
42.301998162456833, -83.230448875011660
42.301987045018201, -83.230451879724811
42.301976067063983, -83.230454846739462
42.301964961711533, -83.230457848186063
42.301954952625231, -83.230460553344528
42.301945125448320, -83.230463209338296
42.301934491950327, -83.230466083256673
42.301923860425589, -83.230468956641730
42.301913971455129, -83.230470814668223
42.301902857488869, -83.230472316555563
42.301891889964985, -83.230473798653378
42.301881860510598, -83.230475153985054
42.301871285718569, -83.230476583010997
42.301860333356657, -83.230478063059905
42.301849835360592, -83.230479481708031
42.301840021995012, -83.230480807838504
42.301829014039228, -83.230482295400108
42.301818765414332, -83.230483680349408
42.301808150313668, -83.230485114822471
42.301797321096487, -83.230486578230199
42.301785501595063, -83.230487262137146
42.301773947382898, -83.230487878361799
42.301762250790034, -83.230488502180080
42.301751226974076, -83.230489090116933
42.301740952813113, -83.230489638072186
42.301729706738271, -83.230490237862838
42.301719437702509, -83.230490785544745
42.301709490179604, -83.230491316079309
42.301698089473575, -83.230491924116961
42.301686935652427, -83.230492518987418
42.301675648700943, -83.230493120958172
42.301664399699561, -83.230493042654643
42.301652876028811, -83.230492581707807
42.301640381387649, -83.230492081922165
42.301629395004198, -83.230491642466831
42.301619405747395, -83.230491242896562
42.301608684881614, -83.230490814061923
42.301597752852089, -83.230490376780750
42.301587727997294, -83.230489975786554
42.301576627674741, -83.230489531773657
42.301564798805401, -83.230489058618872
42.301552791308133, -83.230488578318983
42.301541850944702, -83.230487812714742
42.301531163682526, -83.230486657335035
42.301519283226170, -83.230485372961382
42.301508135400795, -83.230484167791076
42.301496141969203, -83.230482871203876
42.301484673152636, -83.230481631331813
42.301474402776407, -83.230480521020866
42.301463000085732, -83.230479288297559
42.301452180937780, -83.230478118659931
42.301441152065813, -83.230476926349453
42.301429429481978, -83.230475659043094
42.301418010604287, -83.230474219333075
42.301407446028477, -83.230472669861953
42.301396381782695, -83.230471047105908
42.301385338913832, -83.230469427485133
42.301373284328925, -83.230467659479359
42.301361307626017, -83.230465902896256
42.301349553068107, -83.230464178894437
42.301338403814675, -83.230462543670598
42.301325878062357, -83.230460706560265
42.301313540827010, -83.230458897099069
42.301302125299614, -83.230457222821727
42.301290006704313, -83.230455091358479
42.301277620170858, -83.230452747960257
42.301266366538371, -83.230450618894650
42.301254545396382, -83.230448382462384
42.301242508962098, -83.230446105299137
42.301230319406145, -83.230443799166935
42.301218366572044, -83.230441537819942
42.301206158701298, -83.230439228222778
42.301193775158012, -83.230436885390262
42.301181793792701, -83.230434618645475
42.301170190841965, -83.230432243257511
42.301158318526916, -83.230429552199439
42.301146631807654, -83.230426903209732
42.301134734127849, -83.230424206402319
42.301123616940195, -83.230421686506446
42.301111713197592, -83.230418988324786
42.301099847069068, -83.230416298668999
42.301088342604871, -83.230413690990446
42.301076713667769, -83.230411055098031
42.301065171713219, -83.230408438921671
42.301052883911069, -83.230405653686518
42.301041730824423, -83.230402358457809
42.301030034238131, -83.230398622048298
42.301018621662585, -83.230394976364437
42.301006884208824, -83.230391226900039
42.300994878630476, -83.230387391784745
42.300983646866221, -83.230383803860050
42.300972173777716, -83.230380138845661
42.300961110940435, -83.230376604883759
42.300949509671163, -83.230372898922738
42.300938512318858, -83.230369385879641
42.300927103093855, -83.230365483423313
42.300916257626696, -83.230361053584616
42.300904789229357, -83.230356369309646
42.300892991114274, -83.230351550361235
42.300881495805982, -83.230346855094453
42.300869588409007, -83.230341991509775
42.300857880270129, -83.230337209312211
42.300845697796369, -83.230332233372224
42.300833547849763, -83.230327270717979
42.300822298952234, -83.230322676097856
42.300810076487430, -83.230317571839052
42.300798222800566, -83.230311895425615
42.300786182855163, -83.230306129817961
42.300775259632594, -83.230300898978982
42.300763640484739, -83.230295334880012
42.300751418304188, -83.230289482004821
42.300739065363992, -83.230283566512327
42.300727070030703, -83.230277822268221
42.300716574350744, -83.230272796167952
42.300705563915642, -83.230267523565232
42.300694716427166, -83.230262328993291
42.300683636269873, -83.230255764106289
42.300672834233303, -83.230249188953607
42.300661314115402, -83.230242176707918
42.300649892958987, -83.230235224699669
42.300638304114592, -83.230228170620478
42.300626291398700, -83.230220858532547
42.300613967145978, -83.230213356813493
42.300601501951625, -83.230205769303893
42.300588844299845, -83.230198064646288
42.300576824613294, -83.230190569415726
42.300565521563506, -83.230182349015891
42.300554228198258, -83.230174135659340
42.300543130155937, -83.230166064355842
42.300532783481223, -83.230158539501502
42.300522061612376, -83.230150741778701
42.300510834297832, -83.230142576459031
42.300499410789833, -83.230134268453213
42.300488589899331, -83.230126398714674
42.300477403608042, -83.230118263230096
42.300466672535904, -83.230110317268768
42.300456006509158, -83.230101651122027
42.300445466972626, -83.230093087748600
42.300435360979741, -83.230084876629377
42.300424877435937, -83.230076358750026
42.300414386853042, -83.230067835151431
42.300403907788656, -83.230059320911622
42.300393612913652, -83.230050956325684
42.300383394188756, -83.230042653611690
42.300373912754679, -83.230034949946500
42.300363811027900, -83.230026742293504
42.300354725732745, -83.230018842719900
42.300345878937875, -83.230010994756711
42.300336368542979, -83.230002558116084
42.300326497518355, -83.229993801561989
42.300316303993625, -83.229984758919073
42.300306130722028, -83.229975734242657
42.300296854788115, -83.229967505591617
42.300287484098490, -83.229959192883072
42.300278464635355, -83.229951191746423
42.300268857728085, -83.229942669489972
42.300259557304429, -83.229934419114144
42.300250945276616, -83.229926068410890
42.300242809564757, -83.229918068294239
42.300233787406086, -83.229909196504877
42.300225411608636, -83.229900960304050
42.300216776926717, -83.229892469533496
42.300208046350555, -83.229883884466929
42.300199284776248, -83.229875268918860
42.300190414208480, -83.229866546193890
42.300181699231381, -83.229857976466405
42.300173053050152, -83.229849474388203
42.300163653314137, -83.229840231314455
42.300155090224919, -83.229831301718463
42.300147179944403, -83.229822281223150
42.300139011721001, -83.229812966582429
42.300131194303766, -83.229804051983820
42.300123859160983, -83.229795687347305
42.300115707359112, -83.229786391432896
42.300108074804143, -83.229777687642155
42.300100399034626, -83.229768934571638
42.300092064771292, -83.229759430587137
42.300083595198380, -83.229749772302242
42.300076093247412, -83.229741217445877
42.300067877007834, -83.229731848049866
42.300060085672634, -83.229722377303474
42.300053157559397, -83.229713226965245
42.300045497382456, -83.229703109750403
42.300037819102606, -83.229692968626082
42.300030279729420, -83.229683010963370
42.300022487180513, -83.229672718917655
42.300014876190481, -83.229662666666655
42.300007349798399, -83.229652726148814
42.300000307416113, -83.229643424889190
42.299992993048754, -83.229633764404014
42.299986192980441, -83.229624783181706
42.299978816356763, -83.229615040471188
42.299971688259419, -83.229605032389117
42.299964727608042, -83.229594591412052
42.299957423765555, -83.229583635648325
42.299949777969132, -83.229572166953687
42.299942869361388, -83.229561804042078
42.299935889740063, -83.229551334610093
42.299928593980425, -83.229540390970627
42.299921675227885, -83.229530012841821
42.299915001022732, -83.229520001534084
42.299907989070014, -83.229509483605014
42.299901058110727, -83.229499087166090
42.299894548861637, -83.229489323292455
42.299887820951525, -83.229478372278152
42.299881195140280, -83.229466953326863
42.299874531081727, -83.229455468459989
42.299867662641610, -83.229443631361065
42.299860348537230, -83.229431026202462
42.299853375649505, -83.229419009098081
42.299846832905388, -83.229407733305024
42.299839963198281, -83.229395894022559
42.299833271820219, -83.229384362073148
42.299826838670874, -83.229373275156178
42.299820165505821, -83.229361774595134
42.299812846519991, -83.229349067804236
42.299805936699052, -83.229335836232224
42.299799440555923, -83.229323396809207
42.299792643022315, -83.229310380255498
42.299785406049033, -83.229296522221560
42.299778552606675, -83.229283398608530
42.299771550387518, -83.229269990103759
42.299765327602174, -83.229258074131835
42.299758891126373, -83.229245748965397
42.299752631773259, -83.229233762970068
42.299746111277713, -83.229221276914771
42.299739791630849, -83.229209175463325
42.299733781546955, -83.229197511244863
42.299726876902184, -83.229183408140642
42.299720174867687, -83.229169718878680
42.299713425224034, -83.229155932372507
42.299706615254792, -83.229142022648091
42.299699369436965, -83.229127222679764
42.299691989708712, -83.229112149192275
42.299685036136623, -83.229097946151413
42.299678718387050, -83.229085041811842
42.299671911596910, -83.229071138580935
42.299665036804782, -83.229057096452323
42.299658012129129, -83.229042748178642
42.299650589218210, -83.229027327873439
42.299643781561031, -83.229013133183997
42.299636862751079, -83.228998706729200
42.299629331230044, -83.228983002706613
42.299621481995359, -83.228966636217280
42.299613858669495, -83.228950740771850
42.299606081343377, -83.228934524219511
42.299598538934220, -83.228918797494046
42.299590795604090, -83.228902651826957
42.299582880257397, -83.228886147487046
42.299575429863673, -83.228870800472862
42.299567398724371, -83.228854574293450
42.299559328723007, -83.228838269596821
42.299550940395619, -83.228821321751695
42.299542715925718, -83.228804704965555
42.299534670743817, -83.228788450414385
42.299526909761170, -83.228772770061681
42.299518879193371, -83.228756545036944
42.299510867403455, -83.228740357951196
42.299502741966499, -83.228723941252042
42.299494468437658, -83.228707182279479
42.299486348059318, -83.228690616707681
42.299477830276118, -83.228673240429941
42.299469683226313, -83.228656620448348
42.299461812726292, -83.228640564628307
42.299453485394039, -83.228623576870504
42.299445203820021, -83.228606682459514
42.299436909327014, -83.228589761693783
42.299428498062987, -83.228572602715161
42.299419671640898, -83.228554596814092
42.299410933162342, -83.228536678075983
42.299401846782530, -83.228517792659105
42.299393159963735, -83.228499737702407
42.299384385515204, -83.228481500613299
42.299375452296196, -83.228462933530651
42.299366917958260, -83.228445195494942
42.299358384385272, -83.228427459049129
42.299349766582338, -83.228409547537140
42.299340985079233, -83.228391295785585
42.299332338038056, -83.228373323503916
42.299323619804007, -83.228355301006957
42.299314751971771, -83.228337053736780
42.299306163102983, -83.228319380487548
42.299297180999702, -83.228300898082708
42.299288115120738, -83.228282243293322
42.299279350210426, -83.228264207804784
42.299270590238280, -83.228246182477491
42.299262078647565, -83.228228668242750
42.299253352809458, -83.228210713152805
42.299244435248958, -83.228192363557156
42.299236054125330, -83.228174181625732
42.299227247171217, -83.228154590646170
42.299218925966485, -83.228136080211172
42.299210730548552, -83.228117849587605
42.299202517161078, -83.228099578990978
42.299194335138623, -83.228081378165513
42.299186169207076, -83.228063213134106
42.299177900195701, -83.228044818802672
42.299169712864057, -83.228026606166978
42.299161767712832, -83.228008932259158
42.299153595935756, -83.227990324019444
42.299145524091443, -83.227971826042889
42.299137412884775, -83.227953237860930
42.299129418965137, -83.227934918461770
42.299121327359643, -83.227916375199172
42.299113203032185, -83.227897756948749
42.299105209832589, -83.227879439199683
42.299097015340926, -83.227860660156281
42.299088822209335, -83.227841884229719
42.299080691321485, -83.227823250945065
42.299073305087290, -83.227805003772815
42.299065827059216, -83.227786391791824
42.299058122337875, -83.227767215596486
42.299050638160658, -83.227748588310973
42.299042849826030, -83.227729204011439
42.299035259388688, -83.227710312256292
42.299027758638793, -83.227691643723219
42.299020217919491, -83.227672875710738
42.299012553692485, -83.227653800301297
42.299004846531041, -83.227634600266896
42.298997680787600, -83.227615936004923
42.298990299221778, -83.227596709600917
42.298982643031032, -83.227576767894774
42.298975470896011, -83.227558086984956
42.298968340661354, -83.227539515210978
42.298961049855983, -83.227520525206288
42.298953583353153, -83.227501077571006
42.298946213434206, -83.227481881503053
42.298938759714538, -83.227462467163448
42.298931447289213, -83.227443376984837
42.298923964239528, -83.227423712226354
42.298916535150518, -83.227404189271525
42.298909290373437, -83.227385150671282
42.298902005179585, -83.227366005859523
42.298894688239940, -83.227346777622785
42.298887284948869, -83.227327322462529
42.298880046119642, -83.227308299492705
42.298872787297014, -83.227289223982083
42.298865335276510, -83.227269640765400
42.298857818834279, -83.227249888254420
42.298850315389103, -83.227230169898490
42.298843181260729, -83.227211422072770
42.298836196851511, -83.227193067695055
42.298828923037817, -83.227173952789300
42.298821714945745, -83.227155010593862
42.298814567845056, -83.227136228678091
42.298807296324817, -83.227117119799317
42.298800154599391, -83.227098352009264
42.298792740383682, -83.227078868140069
42.298785812828612, -83.227060401181731
42.298778812263471, -83.227041566327912
42.298771343552893, -83.227021471939935
42.298763873712041, -83.227001374510962
42.298756374907910, -83.226981199156995
42.298748837957028, -83.226960921170104
42.298741423640898, -83.226940973129075
42.298733939247761, -83.226920836547549
42.298726747736929, -83.226901487958884
42.298719720128773, -83.226882597857781
42.298712488115832, -83.226863592800512
42.298704980745711, -83.226843864130203
42.298697764496126, -83.226824900497562
42.298690403366962, -83.226805556134877
42.298683224662824, -83.226786691168186
42.298675859377866, -83.226767335884475
42.298668199461446, -83.226747206336668
42.298660892859168, -83.226728005265571
42.298653588549740, -83.226708810219861
42.298646400739905, -83.226689800403406
42.298639310460402, -83.226670724175221
42.298632054367083, -83.226651201828915
42.298625188534388, -83.226632729469515
42.298618041291164, -83.226613499981781
42.298610747569789, -83.226593876398098
42.298603459551749, -83.226574268159069
42.298596434790959, -83.226555368207428
42.298589449327487, -83.226536573984276
42.298582316829453, -83.226517384168133
42.298575032575876, -83.226497992583120
42.298567822130863, -83.226479044204368
42.298560475807101, -83.226459738748900
42.298552984084409, -83.226440051198580
42.298545204088171, -83.226419606092165
42.298537813409077, -83.226400184075018
42.298530116714304, -83.226379957877114
42.298522545873254, -83.226360062411104
42.298514910049846, -83.226339996177515
42.298507138275568, -83.226319572677667
42.298499635412085, -83.226299855850371
42.298492204297794, -83.226280327573278
42.298485001449592, -83.226261399158233
42.298477748233829, -83.226242338381923
42.298470492582076, -83.226223271204063
42.298463181189270, -83.226204057543882
42.298456068830724, -83.226185366927254
42.298448986921997, -83.226166756329889
42.298441907377601, -83.226148151945793
42.298434877710001, -83.226129670981663
42.298427944209998, -83.226111016565000
42.298421002729995, -83.226092340678335
42.298414335369998, -83.226074402305002
42.298407865830001, -83.226056996161674
42.298401227659994, -83.226039136323337
42.298394657739998, -83.226021460110005
42.298388395189995, -83.226004610868330
42.298381650970001, -83.225986465705006
42.298375278940000, -83.225969321910000
42.298368633909995, -83.225951443615003
42.298362082754288, -83.225933932573398
42.298355495686508, -83.225916469184384
42.298349224666694, -83.225899843690016
42.298343285394260, -83.225884097711926
42.298336757714225, -83.225866791769505
42.298330681693677, -83.225850683249902
42.298325003627895, -83.225835629773172
42.298319047448416, -83.225819838971773
42.298312807827394, -83.225803296720684
42.298307087351937, -83.225788130809008
42.298300949599380, -83.225771858627809
42.298294824065358, -83.225755618839941
42.298289054836445, -83.225740522674769
42.298282999693974, -83.225724751140888
42.298276851496688, -83.225708737231685
42.298270673076473, -83.225692644602276
42.298264948940165, -83.225677735223996
42.298259262184850, -83.225662923210152
42.298253270380386, -83.225647316649685
42.298247163034674, -83.225631409144569
42.298240819400590, -83.225614886190669
42.298235092299834, -83.225599969091022
42.298229056679347, -83.225584248405113
42.298223079624833, -83.225568680263123
42.298217091190033, -83.225553353332202
42.298210709388037, -83.225537108745300
42.298204215813740, -83.225520579647096
42.298197800274700, -83.225504249184084
42.298191901499166, -83.225489234119095
42.298185233665706, -83.225472261452097
42.298178403674406, -83.225454876019697
42.298172105921651, -83.225438845376331
42.298166509972759, -83.225424601142791
42.298159843972833, -83.225407633142979
42.298153555241072, -83.225391625462137
42.298147347473048, -83.225376140297200
42.298140016566329, -83.225359832770010
42.298132841558164, -83.225343872037570
42.298125983655325, -83.225328616702669
42.298119054867236, -83.225313203684266
42.298111505833212, -83.225296410935115
42.298104152223623, -83.225280052905603
42.298097347811371, -83.225264916560008
42.298091005704883, -83.225250808608820
42.298083549687334, -83.225234222773878
42.298076216085676, -83.225217909251811
42.298068790855844, -83.225201391903823
42.298061652055530, -83.225186637444395
42.298053642222669, -83.225170617778673
42.298045808228871, -83.225154949791076
42.298037930516244, -83.225139194365823
42.298030468351527, -83.225124270036389
42.298022706901200, -83.225108747135735
42.298014511854696, -83.225092357042726
42.298006514287643, -83.225076361908620
42.297998687478099, -83.225060708289533
42.297991030812781, -83.225045394958897
42.297983277948511, -83.225029889230356
42.297974403493512, -83.225013684184219
42.297965378628930, -83.224998124072883
42.297956784629235, -83.224983306832016
42.297948418580930, -83.224968882610796
42.297939702581793, -83.224953855026087
42.297930462333120, -83.224937923562848
42.297921481840760, -83.224922439955336
42.297912873437006, -83.224907597879891
42.297903978498923, -83.224892261779758
42.297895333746688, -83.224877357034515
42.297886605856959, -83.224862308948786
42.297877070503205, -83.224846913078764
42.297867353860866, -83.224831780602997
42.297858125363291, -83.224817408352664
42.297848996690398, -83.224803191567020
42.297840082915052, -83.224789309457861
42.297831005882628, -83.224775173095892
42.297821246037138, -83.224759973336532
42.297811531122932, -83.224744843552102
42.297802226791120, -83.224730353199291
42.297793047290988, -83.224716057256458
42.297783408211011, -83.224701045574534
42.297774565450752, -83.224688282381578
42.297764852899469, -83.224674535385915
42.297755192008985, -83.224660861510159
42.297746225645390, -83.224648170657062
42.297737052102711, -83.224635186565891
42.297727071708415, -83.224621060469360
42.297717166768898, -83.224607041170344
42.297707603412285, -83.224593505342526
42.297698290213965, -83.224580323584902
42.297688607458745, -83.224566618762125
42.297678901766986, -83.224552881475333
42.297669201595070, -83.224539342696843
42.297659612715698, -83.224526213308167
42.297650217466028, -83.224513349043235
42.297640617901408, -83.224500205023986
42.297630619636621, -83.224486515092195
42.297620726605359, -83.224472969249391
42.297610713338052, -83.224459258775696
42.297600562025927, -83.224445359286790
42.297590872338233, -83.224432091868252
42.297581337424781, -83.224419036371359
42.297571143695450, -83.224405078803514
42.297561056087510, -83.224391310009395
42.297550652671973, -83.224377179997248
42.297540259231376, -83.224363063533161
42.297530429655168, -83.224349712914730
42.297520262051734, -83.224335903184681
42.297509862334771, -83.224321778195971
42.297499668168847, -83.224307932388527
42.297489688856437, -83.224294378397047
42.297480013499545, -83.224281237240675
42.297469954275527, -83.224267574712528
42.297459526987382, -83.224253412276383
42.297449280546161, -83.224239534877896
42.297439439674172, -83.224226264611119
42.297429709940943, -83.224213144213280
42.297419882427505, -83.224199891960311
42.297409299717962, -83.224185621336844
42.297398987026348, -83.224171714828458
42.297389131700839, -83.224158425071337
42.297379410070342, -83.224145315599912
42.297369802425507, -83.224132359836418
42.297360077181629, -83.224119245492403
42.297349837086067, -83.224105436878688
42.297340097316436, -83.224092253916353
42.297330081972596, -83.224078596629298
42.297320444517780, -83.224065454645469
42.297310143551051, -83.224051407872651
42.297299766738426, -83.224037257673615
42.297289989208871, -83.224023924678775
42.297279849428620, -83.224010097705701
42.297270503852033, -83.223997353737630
42.297260024496659, -83.223983063707564
42.297249552513641, -83.223968783730726
42.297239565430495, -83.223955164980978
42.297229649795099, -83.223941509713129
42.297220841682098, -83.223929178354936
42.297211105214160, -83.223915547299825
42.297201799787217, -83.223902519702094
42.297192933085086, -83.223890106319118
42.297183974710705, -83.223877564594986
42.297174209321724, -83.223863893050407
42.297164907309806, -83.223850870233733
42.297155911370083, -83.223838275918112
42.297146626860204, -83.223825277604291
42.297136809925590, -83.223811533895827
42.297127653906273, -83.223798715468774
42.297117668436186, -83.223784735810654
42.297108364411898, -83.223771710176649
42.297098346882528, -83.223757685635533
42.297088427340178, -83.223743798276246
42.297078649119051, -83.223730108766674
42.297068919514153, -83.223716487319805
42.297059310856930, -83.223703035199705
42.297049575862204, -83.223689406207086
42.297039443529556, -83.223675220941374
42.297029469226580, -83.223661256917211
42.297019837608708, -83.223647772652185
42.297010698009132, -83.223634660127843
42.297001850653380, -83.223621803814027
42.296992688956408, -83.223608490723123
42.296984229054374, -83.223596197427980
42.296975284994602, -83.223583200591108
42.296965979729343, -83.223569678877539
42.296956470641760, -83.223555860984646
42.296947258573681, -83.223542474698220
42.296937925359899, -83.223528912371933
42.296928100337070, -83.223514635385641
42.296918745444579, -83.223501041557498
42.296909844845544, -83.223488079914389
42.296901135562322, -83.223473854751802
42.296891543431222, -83.223458187604336
42.296882186686162, -83.223442904920745
42.296872449316879, -83.223427000550899
42.296862954745784, -83.223411492751453
42.296853784306258, -83.223396514366897
42.296844901137867, -83.223382005191851
42.296836008854520, -83.223367481129060
42.296826733442849, -83.223352331289988
42.296818264553870, -83.223338498771326
42.296809814234429, -83.223324649109472
42.296801889676694, -83.223309680500421
42.296793763152898, -83.223294330399909
42.296785980169403, -83.223279629208875
42.296778745032348, -83.223265962838894
42.296770960608818, -83.223251258927775
42.296763563286902, -83.223237286208587
42.296756437233121, -83.223223825884787
42.296748315839473, -83.223208485474572
42.296740919237578, -83.223194514115434
42.296733894256825, -83.223181244707348
42.296726448963469, -83.223167181375445
42.296719010909456, -83.223152819963701
42.296712571692879, -83.223138627404722
42.296705592231298, -83.223123244101643
42.296698247089466, -83.223107054809446
42.296691563646903, -83.223092323956450
42.296683768012706, -83.223075141742285
42.296676052497141, -83.223058136116151
42.296668321583653, -83.223041096551725
42.296660919131881, -83.223024780943746
42.296653795901392, -83.223009080762253
42.296646356395776, -83.222992683484577
42.296638522225585, -83.222975416333938
42.296631377811757, -83.222958367231016
42.296624372637993, -83.222941615728530
42.296617294058663, -83.222924688691009
42.296610432018070, -83.222908279463510
42.296603531052611, -83.222891777154800
42.296596300528371, -83.222874486770749
42.296589083873030, -83.222857229551451
42.296581947519392, -83.222840164357962
42.296574676844301, -83.222822777961014
42.296567661632821, -83.222806002455286
42.296560715910900, -83.222789168168944
42.296554383752252, -83.222772527845066
42.296547574294856, -83.222754633224469
42.296540885424939, -83.222737055496552
42.296534116732516, -83.222719268002507
42.296527345763515, -83.222701474525820
42.296520667422769, -83.222683924467589
42.296514038597586, -83.222666504531645
42.296507643477341, -83.222649698750530
42.296501061891149, -83.222632402954261
42.296494317102791, -83.222614678277878
42.296487581022674, -83.222596825132456
42.296481014802993, -83.222579158874737
42.296474381434656, -83.222561311955161
42.296467853949146, -83.222543749910812
42.296461543106403, -83.222526770738668
42.296455178332693, -83.222509646466534
42.296448306975378, -83.222491159243290
42.296441593664802, -83.222473097241021
42.296435022780052, -83.222455418432048
42.296428219136857, -83.222437113392033
42.296421744946180, -83.222419694736146
42.296415422017247, -83.222402863022467
42.296408860829878, -83.222385468246657
42.296401946679268, -83.222367137707835
42.296395145881270, -83.222349107685218
42.296388446104032, -83.222331345485102
42.296381796227749, -83.222313715580540
42.296374933125243, -83.222295520378552
42.296368144085513, -83.222277521529037
42.296361789026392, -83.222260673232753
42.296355399982993, -83.222243734838628
42.296348429980590, -83.222225256227617
42.296341782168845, -83.222207374247915
42.296335360853057, -83.222190097850685
42.296328797928687, -83.222172440458920
42.296322122025444, -83.222154479100212
42.296315876757902, -83.222137676356567
42.296309625750411, -83.222120858169745
42.296302854578123, -83.222102640491926
42.296296259524070, -83.222084896656028
42.296289808948579, -83.222067541536248
42.296283360123063, -83.222050191124751
42.296276828578002, -83.222032618158266
42.296270527786945, -83.222015666029961
42.296264114568018, -83.221998411417133
42.296257387027090, -83.221980311128448
42.296250488674204, -83.221961751274250
42.296243703239227, -83.221943495223002
42.296237304931346, -83.221926280727985
42.296230955906914, -83.221909198828911
42.296224598901922, -83.221892095458344
42.296218183932872, -83.221874836136863
42.296211765533585, -83.221857567586397
42.296204968891885, -83.221839570137007
42.296198056954026, -83.221821566950027
42.296191475575888, -83.221804424755803
42.296184799014902, -83.221787034643455
42.296178155997268, -83.221769731899855
42.296171898728204, -83.221753433896723
42.296165212849623, -83.221736019515276
42.296158519875320, -83.221718586651988
42.296151841594160, -83.221701192059200
42.296144892099214, -83.221683091049101
42.296138197404744, -83.221665653705372
42.296131334133648, -83.221647777278335
42.296125029081935, -83.221631354818058
42.296118408986949, -83.221614111779957
42.296111789530570, -83.221596870405207
42.296105123527255, -83.221579507791915
42.296098485409530, -83.221562217810870
42.296092410041382, -83.221546393596157
42.296085671379444, -83.221528841732507
42.296079012329791, -83.221511497231077
42.296072741620627, -83.221495164221167
42.296065770436890, -83.221477006719340
42.296058788506606, -83.221458821226520
42.296051995350972, -83.221441127425777
42.296045343758230, -83.221423802347019
42.296038564794721, -83.221406145511821
42.296031641329535, -83.221388112300176
42.296025260390728, -83.221371492180495
42.296018518412765, -83.221353931679758
42.296011670137190, -83.221336094310814
42.296004665604841, -83.221317849947496
42.295997738627463, -83.221299807587812
42.295990830153585, -83.221281755209802
42.295983749114590, -83.221263146898025
42.295977146012603, -83.221245794560261
42.295970410090021, -83.221228093182305
42.295963508123592, -83.221209955456587
42.295956827935001, -83.221192400542364
42.295950344045842, -83.221175361484811
42.295943266553550, -83.221156762493436
42.295936361619468, -83.221138616968986
42.295929286515772, -83.221120024254645
42.295922466992216, -83.221102103181096
42.295915976006654, -83.221085177815780
42.295909286745072, -83.221067754622823
42.295902669800221, -83.221050519789728
42.295896341620576, -83.221034037089268
42.295889387030428, -83.221015922807936
42.295882640861528, -83.220998351391259
42.295875818935656, -83.220980582654121
42.295869053988781, -83.220962962327363
42.295862250267518, -83.220945241006874
42.295855594476613, -83.220927904993346
42.295849218332883, -83.220911105582047
42.295843137100029, -83.220893774068401
42.295836636471797, -83.220875247277959
42.295830312213589, -83.220857223142062
42.295824217316387, -83.220839852685046
42.295817996840540, -83.220822124328862
42.295811709709348, -83.220804206004985
42.295805530759772, -83.220786595998689
42.295799201569068, -83.220768557805172
42.295793067345215, -83.220751075267202
42.295786625173719, -83.220732715078441
42.295780501975464, -83.220714210069090
42.295774796304549, -83.220695825129468
42.295769096456048, -83.220677458950973
42.295763519294184, -83.220659488096061
42.295757867153846, -83.220641275643885
42.295752286130174, -83.220623292345365
42.295746839853848, -83.220605743232767
42.295741489528567, -83.220588503295744
42.295735905058969, -83.220570508893701
42.295730225173038, -83.220552207039049
42.295724874788348, -83.220534966910591
42.295719844184312, -83.220516606169866
42.295715194768775, -83.220498758413456
42.295710458153216, -83.220480575921471
42.295705502624365, -83.220461553084931
42.295700610812595, -83.220442774839739
42.295695663007031, -83.220423781650638
42.295690821605326, -83.220405196915067
42.295685959747360, -83.220386533653851
42.295681296189869, -83.220368631610583
42.295676341130680, -83.220349610576918
42.295671597205711, -83.220331330475659
42.295667741483086, -83.220312668778149
42.295663874286817, -83.220293951548200
42.295660023310482, -83.220275312822750
42.295656262266071, -83.220257109367779
42.295652413683520, -83.220238482228226
42.295648575872988, -83.220219907225257
42.295644802364400, -83.220201643443673
42.295640843874232, -83.220182484351270
42.295636893803575, -83.220163366009288
42.295633110472224, -83.220145054685531
42.295629397782847, -83.220126501405090
42.295626109162640, -83.220107396087727
42.295622736256540, -83.220087801109415
42.295619368215775, -83.220068234396408
42.295616208614604, -83.220049878618170
42.295612821357494, -83.220030200267345
42.295609473373133, -83.220010750072504
42.295606090141312, -83.219991095106650
42.295602773974181, -83.219971829754755
42.295599417974259, -83.219952332993302
42.295596145420177, -83.219933321012476
42.295593475875201, -83.219913058409531
42.295591380015203, -83.219894345373859
42.295589312697224, -83.219875887177622
42.295587124452474, -83.219856349278032
42.295584912257858, -83.219836597540422
42.295582805588637, -83.219817787993776
42.295580560801490, -83.219797745251412
42.295578391255056, -83.219778374301086
42.295576257574531, -83.219759323582153
42.295573992723199, -83.219739101695225
42.295571698175920, -83.219718614665965
42.295570716830682, -83.219698228471614
42.295569796387042, -83.219678745747999
42.295568934848120, -83.219660509840779
42.295568127053500, -83.219643411521247
42.295567233071978, -83.219624488912444
42.295566356051815, -83.219605925319016
42.295565499343283, -83.219587791655002
42.295564634284077, -83.219569481235155
42.295563687128301, -83.219549433104646
42.295562788476410, -83.219530411639596
42.295561908996049, -83.219511795972011
42.295562095335221, -83.219493163607027
42.295562675478941, -83.219474889079976
42.295563283799275, -83.219455726989423
42.295563851817782, -83.219437834406534
42.295564413617029, -83.219420137730140
42.295565018604435, -83.219401080626994
42.295565647675609, -83.219381264884873
42.295566256482559, -83.219362087466166
42.295566878507913, -83.219342493667426
42.295567515498142, -83.219322428475252
42.295568176405503, -83.219301609893478
42.295569885686476, -83.219280366958685
42.295571863185124, -83.219259603222852
42.295573764499203, -83.219239639425027
42.295575611410023, -83.219220246861482
42.295577345754083, -83.219202036248845
42.295579285910492, -83.219181664606538
42.295581222766700, -83.219161327616320
42.295582975631874, -83.219142922532015
42.295584866305312, -83.219123070460896
42.295586779080082, -83.219102986325851
42.295588834678185, -83.219083583395829
42.295591736259013, -83.219065738673748
42.295594842583981, -83.219046634775182
42.295597885315949, -83.219027921973577
42.295600824259331, -83.219009847471781
42.295603539060707, -83.218993151443343
42.295606512433636, -83.218974865199826
42.295609472174732, -83.218956662792095
42.295612401019220, -83.218938650398457
42.295615166615008, -83.218921641984380
42.295618164818542, -83.218903203032667
42.295620929581084, -83.218886199743025
42.295624459930465, -83.218868559813458
42.295628219729927, -83.218850917677528
42.295632291192071, -83.218831813124382
42.295636223160031, -83.218813363120887
42.295640038644493, -83.218795459693780
42.295643843511975, -83.218777606084842
42.295647719361583, -83.218759419405913
42.295651677243654, -83.218740847805435
42.295655426382794, -83.218723255691003
42.295659090629385, -83.218706061918525
42.295662883103162, -83.218688266464653
42.295667106423835, -83.218669305802607
42.295671415676210, -83.218650837578153
42.295675625976983, -83.218632793431979
42.295679751664238, -83.218615111915156
42.295683962342338, -83.218597066151901
42.295688456291778, -83.218577806368586
42.295692963305846, -83.218558490594006
42.295697255909069, -83.218540093723050
42.295701613458121, -83.218521418512836
42.295705863565928, -83.218503203765096
42.295710141076434, -83.218484871577189
42.295714460905351, -83.218466358024699
42.295718841902882, -83.218447582320991
42.295723211562141, -83.218428855209879
42.295727422669962, -83.218410807604940
42.295731645438686, -83.218392710024688
42.295735694538273, -83.218375356740736
42.295739865962140, -83.218357479209871
42.295744157866665, -83.218339085333326
42.295748445208233, -83.218320711012339
42.295752675535802, -83.218302581037037
42.295757129033746, -83.218283494617282
42.295761364915904, -83.218265449107406
42.295765842519181, -83.218246419293479
42.295770107668318, -83.218228292409648
42.295774770743677, -83.218208474339363
42.295779256096615, -83.218189411589393
42.295783703977101, -83.218170508097316
42.295788011276841, -83.218152202073441
42.295792444792099, -83.218133359633583
42.295796665758715, -83.218115420525464
42.295800932845268, -83.218097285407623
42.295805325730015, -83.218078604014238
42.295809853904281, -83.218059197553075
42.295814218537174, -83.218040491983530
42.295818561013157, -83.218021881372195
42.295822966134899, -83.218003002278991
42.295827189010168, -83.217984904242130
42.295831399290975, -83.217966860181519
42.295835815094691, -83.217947935308459
42.295840229405727, -83.217929016832585
42.295844668579157, -83.217909991803594
42.295849070249091, -83.217891127503890
42.295853326972697, -83.217872620862082
42.295857350690063, -83.217854737673761
42.295861662751271, -83.217835572957284
42.295865747314728, -83.217817419341927
42.295869991509150, -83.217798556255616
42.295874206225619, -83.217779824182415
42.295878425757572, -83.217761070707070
42.295882566351629, -83.217742668066805
42.295886534803479, -83.217725030503047
42.295890496954691, -83.217707420942091
42.295894736018596, -83.217688580658063
42.295898917161715, -83.217669997799774
42.295903108655864, -83.217651368936899
42.295907233768375, -83.217633035103503
42.295911273732372, -83.217615079707969
42.295915327332729, -83.217597063706364
42.295919647494749, -83.217577862986303
42.295923867386733, -83.217559107910787
42.295928076567655, -83.217540400440043
42.295932238178814, -83.217521904390438
42.295936527017702, -83.217502842884286
42.295940471122108, -83.217485313531341
42.295944807325469, -83.217466895871880
42.295949419799513, -83.217447650721581
42.295953995487835, -83.217428559056501
42.295958560444980, -83.217409512166341
42.295963271143158, -83.217389857184287
42.295967840885830, -83.217370790326939
42.295972453408211, -83.217351544974946
42.295977041712923, -83.217332400669079
42.295981533823721, -83.217313657724020
42.295985945547343, -83.217295250187533
42.295990530057487, -83.217275977522291
42.295994861619597, -83.217256726135133
42.295999252476882, -83.217237211213870
42.296003416725824, -83.217218703440807
42.296007577240694, -83.217200212263606
42.296011919465137, -83.217180913488292
42.296016207523124, -83.217161855452801
42.296020359220201, -83.217143403465798
42.296024435021245, -83.217125288794463
42.296028774276436, -83.217106003215861
42.296033126848293, -83.217086658452047
42.296037321946173, -83.217068013572572
42.296041539607529, -83.217049268411003
42.296045781978577, -83.217030413428546
42.296050070798458, -83.217011352006878
42.296054077954814, -83.216993542423054
42.296058249932493, -83.216975000300053
42.296062518858584, -83.216956027295183
42.296066933027276, -83.216936408767666
42.296071241065803, -83.216917261929765
42.296075519173648, -83.216898248117133
42.296079906472237, -83.216878749012309
42.296084378767887, -83.216859567185267
42.296088718060503, -83.216840970216907
42.296093142556231, -83.216822008092365
42.296097399258755, -83.216803765081522
42.296101628057968, -83.216785641656330
42.296106202429044, -83.216766037208870
42.296110571491418, -83.216747312655812
42.296115013625034, -83.216728274940337
42.296119420156245, -83.216709389806553
42.296123843905399, -83.216690430881627
42.296128343433736, -83.216670881035242
42.296132607309289, -83.216651930477212
42.296136719258769, -83.216633655146211
42.296140866624661, -83.216615222408890
42.296145179912195, -83.216596052242082
42.296149395455821, -83.216577316492661
42.296153624679988, -83.216558519940790
42.296157957498302, -83.216539262970514
42.296162312412498, -83.216519907796311
42.296166567062684, -83.216500998239923
42.296170820947836, -83.216482092083680
42.296175096607634, -83.216463511088435
42.296179383310502, -83.216444986408192
42.296183869935369, -83.216425597779306
42.296188536275366, -83.216405432524326
42.296192935726026, -83.216386420612537
42.296197544338774, -83.216366504821721
42.296202016823500, -83.216347177298445
42.296206706077065, -83.216326913024133
42.296211177068436, -83.216307591954262
42.296215757727580, -83.216287796962973
42.296219808537053, -83.216268307178922
42.296223087265247, -83.216249727719173
42.296226303492809, -83.216231502429636
42.296229689724875, -83.216212313781270
42.296233112351480, -83.216192918897164
42.296236397098767, -83.216174305329204
42.296239778746525, -83.216155142658607
42.296243310871702, -83.216135127282570
42.296246734968086, -83.216115724069724
42.296250234688131, -83.216095892322812
42.296253859085255, -83.216076080110795
42.296258514691814, -83.216056127511266
42.296263223078896, -83.216035948709489
42.296267771257710, -83.216016456514566
42.296272236089031, -83.215997321523218
42.296276891695584, -83.215977368923689
42.296281344346781, -83.215958286132860
42.296285972419724, -83.215938451534512
42.296290519478532, -83.215918964139647
42.296295066117331, -83.215899478544785
42.296299567675682, -83.215880186151864
42.296304174112286, -83.215860917209667
42.296308903277719, -83.215841185174583
42.296313482704775, -83.215822077909962
42.296317868254519, -83.215803779581734
42.296322375389146, -83.215784973951031
42.296327020905323, -83.215765590935263
42.296331561251520, -83.215746646732157
42.296336174319613, -83.215727399103230
42.296340863974727, -83.215707831921549
42.296345520418271, -83.215688403312271
42.296349812359715, -83.215669567340029
42.296353765685254, -83.215650591377440
42.296357847972907, -83.215630996396726
42.296361820405487, -83.215611928720335
42.296365923132257, -83.215592235631831
42.296369830126352, -83.215573482060194
42.296373729960507, -83.215554762856243
42.296377533260404, -83.215536507016736
42.296381577333975, -83.215517095463596
42.296385643595023, -83.215497577410559
42.296389617734334, -83.215478501541881
42.296393966720359, -83.215459808105152
42.296398461166525, -83.215440706708947
42.296402926948176, -83.215421727136913
42.296407406875346, -83.215402687446428
42.296411854309845, -83.215383785849809
42.296416197310286, -83.215365328097960
42.296420447781301, -83.215347263596129
42.296424896382923, -83.215328357039240
42.296429437467275, -83.215309057430730
42.296433943818087, -83.215289905439789
42.296438414863609, -83.215270841060715
42.296443024068914, -83.215251087323708
42.296447534525797, -83.215231756794182
42.296451993007345, -83.215212649016124
42.296456641749849, -83.215192725833973
42.296461248637783, -83.215172982028548
42.296465665312049, -83.215154053424541
42.296470250492355, -83.215134402651799
42.296474873270839, -83.215114590744022
42.296479327117645, -83.215095502829158
42.296483916281929, -83.215075901030573
42.296488644955346, -83.215056171048403
42.296493411487518, -83.215036283103814
42.296498053381413, -83.215016915201716
42.296502700424853, -83.214997525813544
42.296507356766107, -83.214978097631075
42.296511915885681, -83.214959075097667
42.296516662534856, -83.214939270113192
42.296521420436761, -83.214919418177672
42.296526086218861, -83.214899950604078
42.296530741415765, -83.214880527196286
42.296535456077393, -83.214860290998885
42.296540068530554, -83.214840358612022
42.296544694560744, -83.214820367552989
42.296549377548232, -83.214800130357062
42.296554069476684, -83.214779854523371
42.296558661398727, -83.214760010860275
42.296563384313089, -83.214739601123199
42.296567739464962, -83.214720780645465
42.296572229441004, -83.214701377534709
42.296576645429326, -83.214682294156603
42.296581079713121, -83.214662793867632
42.296585544926032, -83.214642948476907
42.296589909512910, -83.214623550313021
42.296594292190868, -83.214604071744304
42.296598743047916, -83.214584290157404
42.296602981897252, -83.214565450827052
42.296607334333395, -83.214546106666390
42.296611631821243, -83.214527006720402
42.296615979847125, -83.214507682160928
42.296620420353555, -83.214487946576781
42.296624501673854, -83.214469937191083
42.296628798212041, -83.214451318858949
42.296632926049611, -83.214433431562796
42.296637204030731, -83.214414893644616
42.296641584608459, -83.214395911141139
42.296645820769584, -83.214377554442947
42.296650240636794, -83.214358401685033
42.296654673911256, -83.214339190828994
42.296659079927259, -83.214320098092998
42.296663246299609, -83.214302043812836
42.296667475535124, -83.214283717125582
42.296670864057994, -83.214265701405694
42.296674031648230, -83.214247804520838
42.296677292896156, -83.214229378470066
42.296680370062887, -83.214211992478042
42.296683456532030, -83.214194553927356
42.296686735551241, -83.214176027468810
42.296689924447023, -83.214158010207655
42.296693199898641, -83.214139503906011
42.296696379225260, -83.214121540710579
42.296699733897476, -83.214102586812572
42.296703074041645, -83.214085364074364
42.296706643935678, -83.214069377157600
42.296710269141222, -83.214053142541459
42.296713931131613, -83.214036743193205
42.296717433784949, -83.214021057397829
42.296721014687584, -83.214005021181677
42.296724658726660, -83.213988702224071
42.296728396779969, -83.213971962246220
42.296732023558171, -83.213955720587307
42.296735671394643, -83.213939384623984
42.296739371052098, -83.213922816592785
42.296742787999001, -83.213907653147274
42.296746060049834, -83.213893162636438
42.296749433795163, -83.213878221764261
42.296752667540495, -83.213863900892093
42.296755884679790, -83.213849653560928
42.296759136984797, -83.213835250495890
42.296762617343632, -83.213819837478198
42.296765992275105, -83.213804891353092
42.296769376311985, -83.213789904904061
42.296772676900069, -83.213775288013949
42.296775932026229, -83.213760879462981
42.296778928099229, -83.213747633666543
42.296782023772522, -83.213733947532006
42.296785036482618, -83.213720628182116
42.296787963626002, -83.213707687127140
42.296790879561577, -83.213694795622487
42.296793927133358, -83.213681322147238
42.296797039189734, -83.213667563582220
42.296800070632429, -83.213654161414510
42.296803158241175, -83.213640510933743
42.296806141550611, -83.213627321565710
42.296808922179530, -83.213615314562418
42.296811597845561, -83.213603824937707
42.296814364806089, -83.213591943283660
42.296816991677758, -83.213580663187670
42.296819690337529, -83.213569074825131
42.296822208052731, -83.213558263459845
42.296824929706240, -83.213546576359491
42.296827672964220, -83.213534796486982
42.296830278004599, -83.213523610137131
42.296832866118635, -83.213512496470969
42.296835348528035, -83.213501814746905
42.296837515410630, -83.213492373329885
42.296839625530687, -83.213483179235354
42.296841798691808, -83.213473710461884
42.296844015686354, -83.213464050699940
42.296846208287654, -83.213454497222827
42.296848342405639, -83.213445198565907
42.296850386973219, -83.213436290092886
42.296852471188537, -83.213427208869007
42.296854689322515, -83.213417544142374
42.296856907619272, -83.213407878706491
42.296858860153677, -83.213399319921493
42.296860552926795, -83.213391779386683
42.296862165406068, -83.213384596524492
42.296863817517320, -83.213377237119815
42.296865549315534, -83.213369522745964
42.296867299191810, -83.213361727842539
42.296868999505122, -83.213354153719607
42.296870678264519, -83.213346675609571
42.296872296775945, -83.213339465876871
42.296873901420767, -83.213332317913554
42.296875656262543, -83.213324500891105
42.296877155899388, -83.213317981915026
42.296878384476223, -83.213312914035598
42.296879610177271, -83.213307858018752
42.296880755896687, -83.213303131926168
42.296882025287914, -83.213297895687347
42.296883262154537, -83.213292793612538
42.296884488962696, -83.213287733028878
42.296885697962658, -83.213282745904053
42.296886837714503, -83.213278044427682
42.296888108766389, -83.213272801338661
42.296889372068527, -83.213267590217313
42.296890279444987, -83.213263812358804
42.296890890803795, -83.213261214083886
42.296891479277043, -83.213258713072563
42.296892076274062, -83.213256175835213
42.296892714050557, -83.213253465285135
42.296893324469679, -83.213250871003865
42.296893930037122, -83.213248297342233
42.296894539150024, -83.213245708612405
42.296895114581041, -83.213243263030563
42.296895717249470, -83.213240701689756
42.296896319977876, -83.213238140094035
42.296896666666669, -83.213236487605855
42.296896666666669, -83.213236047072741
42.296896666666669, -83.213235610515426
42.296896666666669, -83.213235151833700
42.296896666666669, -83.213234726338598
42.296896666666669, -83.213234299083155
42.296896666666669, -83.213233864736281
42.296896666666669, -83.213233405404409
42.296896666666669, -83.213232962825899
42.296896666666669, -83.213232512255786
42.296896666666669, -83.213232090446425
42.296896666666669, -83.213231666666672
42.296896666666669, -83.213231666666672
42.296896666666669, -83.213231666666672
42.296896666666669, -83.213231666666672
42.296896666666669, -83.213231666666672
42.296896666666669, -83.213231666666672
42.296896666666669, -83.213231666666672
42.296896666666669, -83.213231666666672
42.296896666666669, -83.213231666666672
42.296896666666669, -83.213231666666672
42.296896666666669, -83.213231666666672
42.296896666666669, -83.213231666666672
42.296896666666669, -83.213231666666672
42.296896666666669, -83.213231666666672
42.296896666666669, -83.213231666666672
42.296896666666669, -83.213231666666672
42.296896666666669, -83.213231666666672
42.296896666666669, -83.213231666666672
42.296896666666669, -83.213231666666672
