42.296896700872210, -83.213229931588913
42.296896700872210, -83.213229931588913
42.296896700872210, -83.213229931588913
42.296896700872210, -83.213229931588913
42.296896700872210, -83.213229931588913
42.296896700872210, -83.213229931588913
42.296896700872210, -83.213229931588913
42.296896700872210, -83.213229931588913
42.296896700872210, -83.213229931588913
42.296896700872210, -83.213229931588913
42.296896700872210, -83.213229931588913
42.296896846989291, -83.213229639354751
42.296897001979460, -83.213229329374414
42.296897150125233, -83.213229033082868
42.296897301983726, -83.213228729365881
42.296897445115206, -83.213228443102921
42.296897587426017, -83.213228158481300
42.296897739632470, -83.213227854068393
42.296897892956679, -83.213227547419976
42.296898040807015, -83.213227251719303
42.296898183278678, -83.213226966775977
42.296898330685849, -83.213226671961635
42.296898648527758, -83.213225248291764
42.296898968763962, -83.213223807228815
42.296899271335306, -83.213222445657777
42.296899570297157, -83.213221100329463
42.296899864599837, -83.213219775967389
42.296900169886769, -83.213218402176196
42.296900481942352, -83.213216997926068
42.296900775662643, -83.213215676184774
42.296901066667338, -83.213214366663621
42.296901365239798, -83.213213023087576
42.296901692045203, -83.213211539773965
42.296902277132354, -83.213208614338214
42.296902854408700, -83.213205727956506
42.296903391394963, -83.213203043025175
42.296903998724495, -83.213200006377505
42.296904594528492, -83.213197027357538
42.296905186828141, -83.213194065859284
42.296905728988740, -83.213191355056310
42.296906307343342, -83.213188463283302
42.296906891891361, -83.213185540543208
42.296907471159855, -83.213182644200742
42.296907995864480, -83.213180020677598
42.296908804339083, -83.213175843731520
42.296909810727044, -83.213170524252291
42.296910735810442, -83.213165634525751
42.296911752561101, -83.213160260272275
42.296912695578108, -83.213155275753792
42.296913608346941, -83.213150451118565
42.296914628303405, -83.213145059920095
42.296915553966450, -83.213140167129708
42.296916549400244, -83.213134905551101
42.296917524581822, -83.213129751019878
42.296918472342490, -83.213124741427791
42.296919486869186, -83.213119378929520
42.296920458430165, -83.213113457655496
42.296921341939552, -83.213107273089818
42.296922371385541, -83.213100066967897
42.296923347732992, -83.213093232535712
42.296924329910460, -83.213086357293420
42.296925339248133, -83.213079291929745
42.296926345723158, -83.213072246604568
42.296927340666151, -83.213065282003583
42.296928259912022, -83.213058847282483
42.296929295839689, -83.213051595788826
42.296930304130051, -83.213044537756303
42.296931240447051, -83.213037983537319
42.296932315802316, -83.213029969198743
42.296933412483583, -83.213021469918900
42.296934445978323, -83.213013460334651
42.296935615256601, -83.213004398428026
42.296936730772188, -83.212995753182213
42.296937775548805, -83.212987656163421
42.296938971320778, -83.212978388930665
42.296940091661902, -83.212969706286898
42.296941169722736, -83.212961351315499
42.296942374370488, -83.212952015295357
42.296943458018788, -83.212943617021054
42.296944514077282, -83.212935432567733
42.296946039613125, -83.212925428987901
42.296947686857344, -83.212915545522591
42.296949389768741, -83.212905328054205
42.296951169818385, -83.212894647756372
42.296953046034751, -83.212883390458174
42.296954913386912, -83.212872186345194
42.296956710692193, -83.212861402513497
42.296958482685262, -83.212850770555093
42.296960240141040, -83.212840225820429
42.296962009533942, -83.212829609463029
42.296963893984163, -83.212818302761690
42.296965976905682, -83.212806391375992
42.296968474329084, -83.212792905289618
42.296970938581921, -83.212779598324289
42.296973340746263, -83.212766626636849
42.296975739408431, -83.212753673861130
42.296978151603994, -83.212740648005095
42.296980576707561, -83.212727552445855
42.296983159834099, -83.212713603562548
42.296985588214696, -83.212700490307327
42.296988016595293, -83.212687377052106
42.296990499720913, -83.212673991690011
42.296993296219995, -83.212659022194927
42.296996015715067, -83.212644464897764
42.296998867796205, -83.212629197875231
42.297001723902937, -83.212613909303869
42.297004526066615, -83.212598909486545
42.297007446007889, -83.212583279212680
42.297010356776539, -83.212567698039294
42.297013254346972, -83.212552187515229
42.297016320561355, -83.212535774250014
42.297019380445981, -83.212520113474326
42.297022957652118, -83.212503419845675
42.297026576471175, -83.212486532023405
42.297030227383630, -83.212469494431943
42.297033903809812, -83.212452337776440
42.297037624088794, -83.212434976474512
42.297041209624517, -83.212418243974469
42.297044876041198, -83.212401134029960
42.297048419439022, -83.212384598173429
42.297052173246335, -83.212367080405983
42.297055990284569, -83.212348381910473
42.297059987372272, -83.212328396471960
42.297063756808122, -83.212309549292726
42.297067518445665, -83.212290741105008
42.297071376372109, -83.212271451472787
42.297075092428024, -83.212252871193201
42.297078917037773, -83.212233748144442
42.297082751862206, -83.212214574022298
42.297086411243136, -83.212196277117656
42.297090170860052, -83.212177561045877
42.297094405648743, -83.212158419801014
42.297098557556318, -83.212139653178752
42.297102686523594, -83.212120990246660
42.297106809488568, -83.212102354444994
42.297110953996054, -83.212083621271162
42.297115122389407, -83.212064780133204
42.297119273269196, -83.212046018156556
42.297123420818941, -83.212027271231705
42.297127469659593, -83.212008970471956
42.297131506043414, -83.211990726017106
42.297135915068004, -83.211971372394146
42.297140286890951, -83.211952203631981
42.297144664821275, -83.211933008091336
42.297149068718909, -83.211913698694033
42.297153512160662, -83.211894215910931
42.297157884335121, -83.211875045607556
42.297162328128380, -83.211855561283258
42.297166755752492, -83.211836147854470
42.297171197041294, -83.211816674511269
42.297175851346488, -83.211796279300543
42.297180390361099, -83.211776442125569
42.297185004209958, -83.211756277897223
42.297189779922206, -83.211735406265930
42.297194402230978, -83.211715205064607
42.297199092399076, -83.211694707292921
42.297203746792533, -83.211674365869669
42.297208508104923, -83.211653557171090
42.297213287867123, -83.211632667839979
42.297217848616519, -83.211612735675970
42.297222440219244, -83.211593311004307
42.297227147073144, -83.211573979282932
42.297231944570022, -83.211554275277877
42.297236710747939, -83.211534699904306
42.297241381662033, -83.211515515792840
42.297246167303449, -83.211495860479886
42.297250965967208, -83.211476151682305
42.297255555853390, -83.211457300364060
42.297260177431937, -83.211438318880724
42.297264862535258, -83.211419076492092
42.297269905285646, -83.211400129086542
42.297275303037267, -83.211380899596378
42.297280495855539, -83.211362400181301
42.297285753785339, -83.211343668806379
42.297290836537918, -83.211325561500331
42.297296099267093, -83.211306813027633
42.297301394738682, -83.211287947910094
42.297306597635639, -83.211269412589687
42.297311792213677, -83.211250906905434
42.297316856195359, -83.211232866470681
42.297322565498568, -83.211213831495357
42.297328693507964, -83.211195116223422
42.297334550854828, -83.211177227569479
42.297340612709121, -83.211158714338794
42.297346744787710, -83.211139986639338
42.297352368279675, -83.211122812190894
42.297358276614673, -83.211104767816437
42.297363971810640, -83.211087374380128
42.297369825581548, -83.211069496647340
42.297375849580085, -83.211051099030186
42.297382021853522, -83.211032371729885
42.297388559300288, -83.211014672788650
42.297394904226067, -83.210997495062756
42.297401232892099, -83.210980361357173
42.297407781543058, -83.210962632082612
42.297413919327745, -83.210946015153326
42.297420085737805, -83.210929320726109
42.297426399852029, -83.210912226416852
42.297432701668967, -83.210895165400274
42.297439062786182, -83.210877943839023
42.297445399308813, -83.210860788863116
42.297451583357976, -83.210844803764502
42.297458691945181, -83.210828957538851
42.297466183693189, -83.210812257183932
42.297473365315980, -83.210796248149791
42.297480318288471, -83.210780748815267
42.297486967445529, -83.210765926736002
42.297493911978705, -83.210750446214135
42.297501110401264, -83.210734399730512
42.297507965730063, -83.210719118060069
42.297514777836930, -83.210703932738497
42.297521603430937, -83.210688717351857
42.297529033185448, -83.210672155190764
42.297536693315536, -83.210656350885955
42.297544526473914, -83.210640377386525
42.297552084720515, -83.210624964491501
42.297559466802639, -83.210609910833838
42.297567425307179, -83.210593681726536
42.297575193710450, -83.210577840276741
42.297582755441248, -83.210562420276673
42.297590173045201, -83.210547294182334
42.297597578751891, -83.210532192349092
42.297605567169555, -83.210515902242491
42.297613492276774, -83.210499741239516
42.297621899269487, -83.210484346542586
42.297630293478768, -83.210469356883152
42.297638149711467, -83.210455327896199
42.297646641802594, -83.210440163447743
42.297655254004468, -83.210424784515837
42.297663611414656, -83.210409860569072
42.297671779132060, -83.210395275359417
42.297679601741216, -83.210381306414490
42.297687103805998, -83.210367909870243
42.297694263004104, -83.210355125587910
42.297702337322789, -83.210340707161677
42.297710140113026, -83.210327215782101
42.297718037222751, -83.210315046465482
42.297726740919508, -83.210301634211461
42.297734875345611, -83.210289099194199
42.297743457394525, -83.210275874397510
42.297751926352184, -83.210262823872583
42.297760580977439, -83.210249487236950
42.297769549825247, -83.210235666389494
42.297778837947092, -83.210221353546004
42.297787948648654, -83.210207314104252
42.297796651520684, -83.210193903121137
42.297805643976417, -83.210180045894262
42.297814743434870, -83.210167125014166
42.297823786595728, -83.210155289112450
42.297833583551672, -83.210142466625996
42.297843321913106, -83.210129720829414
42.297852352040373, -83.210117901986365
42.297862173136792, -83.210105047904293
42.297872574511487, -83.210091434340356
42.297883117895687, -83.210077634911030
42.297893162716584, -83.210064488013089
42.297901937498750, -83.210053003371740
42.297911631432626, -83.210040315722978
42.297921241724829, -83.210027737546426
42.297930583660794, -83.210016976304274
42.297941377473478, -83.210005031151567
42.297951648093708, -83.209993664998521
42.297961813225541, -83.209982415585955
42.297973596179418, -83.209969375783658
42.297984986926437, -83.209956770023624
42.297996275309714, -83.209944277546128
42.298005894751576, -83.209933632030470
42.298016397721248, -83.209922008744030
42.298026988806228, -83.209910287943316
42.298036873468916, -83.209899348916622
42.298047716401193, -83.209887349404895
42.298059862462409, -83.209875706877298
42.298072351170831, -83.209863834895216
42.298083964956760, -83.209852794629583
42.298096610692163, -83.209840773374935
42.298109256427566, -83.209828752120302
42.298120341479475, -83.209818214478361
42.298130745225997, -83.209808324497104
42.298142312565425, -83.209797328384312
42.298152611267248, -83.209787538260358
42.298163806899630, -83.209776895498706
42.298175430676963, -83.209765845735078
42.298186416877570, -83.209755787616587
42.298199266651331, -83.209745179082432
42.298212926955898, -83.209733901389129
42.298225995385145, -83.209723112337073
42.298238031186962, -83.209713175803017
42.298249414033300, -83.209703778336845
42.298262350695730, -83.209693098069025
42.298274027185641, -83.209683458176201
42.298285694212424, -83.209673826095937
42.298299145468008, -83.209662720989584
42.298312667123483, -83.209651557762385
42.298325551021840, -83.209640921055609
42.298339383245811, -83.209631098394595
42.298351147086770, -83.209622863705917
42.298364511077772, -83.209613508912227
42.298378250162543, -83.209603891552888
42.298391832908230, -83.209594383630900
42.298405037259315, -83.209585140585148
42.298418546336585, -83.209575684231055
42.298432590147534, -83.209565853563390
42.298446732233060, -83.209555954103521
42.298460381445359, -83.209546399654911
42.298472556989246, -83.209537876774192
42.298485556886384, -83.209529703698891
42.298499093960267, -83.209521639059133
42.298511595684907, -83.209514191223178
42.298525066032802, -83.209506166335075
42.298539018969350, -83.209497853947340
42.298552986002939, -83.209489533161374
42.298567339295417, -83.209480982263727
42.298580279751256, -83.209473273055991
42.298594541882871, -83.209464776466945
42.298607414359651, -83.209457107757373
42.298619596551390, -83.209449850281445
42.298633378428036, -83.209441644119309
42.298646991596385, -83.209434837535142
42.298659743192637, -83.209428461737019
42.298673930577806, -83.209421368044431
42.298688571049510, -83.209414047808579
42.298702762549162, -83.209406952058757
42.298717415199732, -83.209399625733468
42.298732348128667, -83.209392159269001
42.298746427714470, -83.209385119476096
42.298760407565268, -83.209378129550700
42.298774712295412, -83.209370977185628
42.298789983763761, -83.209363341451464
42.298805137947582, -83.209356677929051
42.298820683640216, -83.209350581579002
42.298835527669489, -83.209344760391048
42.298850316129872, -83.209338960994828
42.298866243327538, -83.209332715034961
42.298881442351906, -83.209326754633238
42.298896961534616, -83.209320668679240
42.298912020022392, -83.209314763389912
42.298927027019730, -83.209308878292916
42.298943160179128, -83.209302551563738
42.298959731941864, -83.209296052833253
42.298975278231225, -83.209290918875979
42.298989598551948, -83.209286903832790
42.299004357135999, -83.209282765912022
42.299019869887132, -83.209278416542546
42.299036054287889, -83.209273878860088
42.299052061789631, -83.209269390775489
42.299067944452723, -83.209264937692382
42.299084304335885, -83.209260350809259
42.299101176500187, -83.209255620295906
42.299116042215275, -83.209251452338393
42.299130984958467, -83.209247262784231
42.299146667649921, -83.209243014963803
42.299163635992457, -83.209239775552959
42.299180887928969, -83.209236482001444
42.299198066538011, -83.209233202448800
42.299215416183372, -83.209229890243776
42.299231644101809, -83.209226792186627
42.299248535633815, -83.209223567439608
42.299264520288382, -83.209220515823731
42.299279964152873, -83.209217567449613
42.299295477311816, -83.209214605846540
42.299311054815618, -83.209211631959448
42.299328159730557, -83.209208366475679
42.299346144249398, -83.209206425020895
42.299363365255097, -83.209204579913148
42.299380296253254, -83.209202765877635
42.299396293670696, -83.209201051868618
42.299413460062119, -83.209199212612390
42.299430528262008, -83.209197383876685
42.299447618345667, -83.209195552796302
42.299463247735169, -83.209193878218855
42.299481312122388, -83.209191942748788
42.299499138071646, -83.209190032825660
42.299517091661230, -83.209188407374441
42.299533678726618, -83.209188994527196
42.299550360418770, -83.209189585029563
42.299566524830375, -83.209190157221130
42.299584135839282, -83.209190780619679
42.299600886266226, -83.209191373555143
42.299618251580846, -83.209191988256549
42.299635009458719, -83.209192581455767
42.299652049726689, -83.209193184651085
42.299668647595922, -83.209193772186282
42.299686333300365, -83.209194398228917
42.299703240755576, -83.209194996722900
42.299720664573144, -83.209197607354653
42.299737902579565, -83.209200200683057
42.299756359400682, -83.209202977372954
42.299772798236845, -83.209205450472197
42.299790937311023, -83.209208179359464
42.299808573489948, -83.209210832589932
42.299825313121517, -83.209213350941582
42.299840733359339, -83.209215670800361
42.299857314211614, -83.209218165264872
42.299875444056632, -83.209220892763682
42.299893246877062, -83.209223770712995
42.299910649524648, -83.209228587517231
42.299927690091209, -83.209233304102625
42.299944076636088, -83.209237839664155
42.299960932337989, -83.209242505081647
42.299978483287695, -83.209247362933795
42.299994452534662, -83.209251782993221
42.300011225784317, -83.209256425589118
42.300028226617101, -83.209261131176760
42.300044898946695, -83.209265745839417
42.300062003684232, -83.209270480186419
42.300077350995011, -83.209274728102784
42.300092092875289, -83.209279992400184
42.300109227529745, -83.209286209398698
42.300126688198937, -83.209292544685752
42.300143612925318, -83.209298685515677
42.300160903670545, -83.209304959148909
42.300176871289423, -83.209310752709740
42.300193621418458, -83.209316830190176
42.300210477165798, -83.209322945992312
42.300227069708576, -83.209328966295445
42.300243277725940, -83.209334847080513
42.300258830348987, -83.209340490067632
42.300275174366213, -83.209347435259900
42.300291416286733, -83.209355266185867
42.300307312702571, -83.209362930529224
42.300323454266689, -83.209370713069063
42.300338671911774, -83.209378050147947
42.300353087647096, -83.209385000591766
42.300369059565597, -83.209392701338174
42.300383842270186, -83.209399828713600
42.300399720045725, -83.209407484069672
42.300415653553891, -83.209415166296822
42.300432415143568, -83.209423247777551
42.300447785488529, -83.209430658479590
42.300463798269185, -83.209438990055418
42.300478843289568, -83.209447122498872
42.300493453572521, -83.209455019949118
42.300509299677948, -83.209463585411513
42.300523778356713, -83.209471411724351
42.300540195055014, -83.209480285615328
42.300557403781333, -83.209489587629562
42.300573935818143, -83.209498523865676
42.300588464402992, -83.209506377154781
42.300603946933364, -83.209514746090107
42.300618945005063, -83.209522853155889
42.300633284316469, -83.209530604135040
42.300649135258027, -83.209539618089522
42.300665477834549, -83.209549126497677
42.300682046860786, -83.209558766658404
42.300698274666402, -83.209568208290762
42.300713256907585, -83.209576925231076
42.300728110918200, -83.209585567564531
42.300741945632218, -83.209593616852686
42.300757142500451, -83.209602458666936
42.300772608925705, -83.209611457314352
42.300787716123480, -83.209620246956689
42.300804437207532, -83.209629975587404
42.300821024058727, -83.209639626119014
42.300835921893487, -83.209648711527493
42.300850031699213, -83.209657334186545
42.300865443275704, -83.209666752372186
42.300880200277298, -83.209675770539832
42.300895069224332, -83.209684857118575
42.300910999673370, -83.209694592392992
42.300927785371236, -83.209704850319454
42.300944279147039, -83.209714929849113
42.300959465212856, -83.209724210222674
42.300974979915942, -83.209733691430117
42.300990040718041, -83.209742895253612
42.301006538876493, -83.209753232523823
42.301021117711386, -83.209762905020057
42.301037176430384, -83.209773559362461
42.301053825993456, -83.209784605707199
42.301069744109597, -83.209795166765019
42.301085565658788, -83.209805663754381
42.301101377152534, -83.209816154072357
42.301116860630735, -83.209826426764621
42.301133200555448, -83.209837267676207
42.301149493670337, -83.209848077531277
42.301165349199998, -83.209858597065377
42.301181101242378, -83.209869651442204
42.301196877862893, -83.209881679162791
42.301211801468114, -83.209893056564795
42.301227317987767, -83.209904885990667
42.301243246319622, -83.209917029372377
42.301258839289559, -83.209928917082138
42.301274252856167, -83.209940668019044
42.301290414956000, -83.209952989619907
42.301305153551532, -83.209964225974929
42.301320771495234, -83.209976132724080
42.301335692382224, -83.209987508053771
42.301350319138052, -83.209998935810376
42.301363730017933, -83.210009691070482
42.301378864665629, -83.210021828758244
42.301392947208946, -83.210033122679121
42.301408914786634, -83.210045928360231
42.301423855005439, -83.210057910119872
42.301437988554774, -83.210069244946567
42.301452804709427, -83.210081127209207
42.301466263901951, -83.210091921215081
42.301480102188712, -83.210103019247043
42.301495403826415, -83.210115290857487
42.301510161904908, -83.210127126544194
42.301524895033218, -83.210139859038833
42.301539782310613, -83.210152830132017
42.301554963297370, -83.210166057130380
42.301569716764490, -83.210178911636376
42.301585032908051, -83.210192256395132
42.301600005689373, -83.210205301986775
42.301615556127160, -83.210218850883066
42.301631469283379, -83.210232715811259
42.301647485953211, -83.210246670929521
42.301662597930893, -83.210259837801175
42.301678235219121, -83.210273462369130
42.301692247631046, -83.210286872703563
42.301707290948976, -83.210301455511768
42.301722753162487, -83.210316444392205
42.301737994655277, -83.210331219308685
42.301752850581146, -83.210345620461311
42.301767990290806, -83.210360296710476
42.301780921649623, -83.210372832211362
42.301794963800589, -83.210386444500571
42.301808865611726, -83.210399920746056
42.301821771483915, -83.210412431540533
42.301836830976050, -83.210427030027802
42.301851273570342, -83.210441604413546
42.301865887421037, -83.210456827174681
42.301879923322829, -83.210471447905718
42.301894056189475, -83.210486169641811
42.301908595476441, -83.210501314732397
42.301922536973514, -83.210515837125186
42.301936485030915, -83.210530366351648
42.301951125122919, -83.210545616447490
42.301966061549741, -83.210561175225422
42.301980991416237, -83.210576727169695
42.301995381255729, -83.210591716585824
42.302009719623484, -83.210607269500500
42.302023448753076, -83.210622897339491
42.302037526915051, -83.210638922481323
42.302052171079737, -83.210655591902821
42.302067557016578, -83.210673105681991
42.302082528438291, -83.210690147619474
42.302097168843204, -83.210706812761231
42.302111966845324, -83.210723657295560
42.302126005373012, -83.210739637321765
42.302139752361526, -83.210755285489540
42.302154582635040, -83.210772166758332
42.302169169545031, -83.210790316261495
42.302182410157435, -83.210807619334531
42.302196031666981, -83.210825420170877
42.302208562112291, -83.210841795184621
42.302221993686601, -83.210859347810143
42.302235854265213, -83.210877461066275
42.302249804898047, -83.210895692006929
42.302264379163795, -83.210914737922380
42.302278286676199, -83.210932912512462
42.302292404364046, -83.210951361763620
42.302305968086344, -83.210969087082546
42.302318386242078, -83.210988543631984
42.302330468274555, -83.211007660771969
42.302341493303508, -83.211025105438040
42.302354324752777, -83.211045408364100
42.302366755948313, -83.211065077977295
42.302378948894479, -83.211084370613619
42.302391615993386, -83.211104413491654
42.302403794081549, -83.211123682618478
42.302416103545731, -83.211143159618771
42.302428356314898, -83.211162546911766
42.302440711366593, -83.211182759117449
42.302451309835064, -83.211202484044890
42.302462860680635, -83.211223981451923
42.302474682716074, -83.211245983573434
42.302485549343679, -83.211266207574809
42.302496913496185, -83.211287357525308
42.302507639012923, -83.211307318903678
42.302518706274959, -83.211327916308022
42.302529991022297, -83.211348918476688
42.302541127748704, -83.211369645161938
42.302551702335009, -83.211389325642003
42.302561569544011, -83.211408636966596
42.302571048426337, -83.211429053020822
42.302581281550694, -83.211451093596366
42.302590193478714, -83.211470288518257
42.302599754793640, -83.211490882119634
42.302608951498669, -83.211510690407380
42.302619163392023, -83.211532685254625
42.302628842777295, -83.211553533161350
42.302638862075170, -83.211575113187550
42.302648599195756, -83.211596085447269
42.302657643275907, -83.211615565004521
42.302667594513110, -83.211637376589138
42.302676349538011, -83.211659801740637
42.302685041579167, -83.211682065565356
42.302693408251834, -83.211703495990079
42.302701174916500, -83.211723389552205
42.302709973545532, -83.211745926391472
42.302718658461835, -83.211768171966554
42.302727400281995, -83.211790563295395
42.302735258809825, -83.211810692156149
42.302743828588433, -83.211832642817143
42.302752867657652, -83.211855795520748
42.302761483415331, -83.211877863952722
42.302769074675886, -83.211901010912584
42.302776413397225, -83.211923476386062
42.302783591752608, -83.211945450943361
42.302791174491347, -83.211968663408882
42.302798829537586, -83.211992097223884
42.302806184336319, -83.212014611913901
42.302813202897035, -83.212036097303837
42.302820559654435, -83.212058617989769
42.302828309614462, -83.212082342357206
42.302836067572386, -83.212106091207986
42.302843302076255, -83.212128237648400
42.302849610857933, -83.212151912328153
42.302855725227950, -83.212174878498473
42.302862109649254, -83.212198859007771
42.302868129714575, -83.212221470960444
42.302874545209718, -83.212245568186106
42.302880999564088, -83.212269811370788
42.302887437196802, -83.212293991747330
42.302893559893796, -83.212316989194576
42.302899545568025, -83.212339471970964
42.302905561774509, -83.212362069429446
42.302911962389302, -83.212386365542741
42.302917058632559, -83.212409898195460
42.302922023531686, -83.212432824347289
42.302926675086077, -83.212454303583755
42.302931781981925, -83.212477885426352
42.302937129354277, -83.212502577704555
42.302942331443468, -83.212526599116401
42.302947533985950, -83.212550622621421
42.302952960232780, -83.212575679114138
42.302958041177114, -83.212599141121785
42.302963061265707, -83.212622322119117
42.302968421328607, -83.212647222796804
42.302972422399193, -83.212672509562921
42.302976481754548, -83.212698164688774
42.302980312894526, -83.212722377493407
42.302984210904178, -83.212747012914392
42.302988013385715, -83.212771044597744
42.302991672827595, -83.212794172270421
42.302995749436931, -83.212819936441406
42.302999555032606, -83.212843987806068
42.303003530264313, -83.212869111270464
42.303007498257770, -83.212894188989097
42.303010911885210, -83.212918636089356
42.303013458872989, -83.212942757561805
42.303016146327359, -83.212968209335543
42.303018689376287, -83.212992293504811
42.303021364078994, -83.213017624512844
42.303024071709324, -83.213043267364753
42.303026856898065, -83.213069644740486
42.303029604228549, -83.213095663576269
42.303032110382681, -83.213119398330107
42.303034679671690, -83.213143731008358
42.303037293081431, -83.213168481535931
42.303039152017782, -83.213195014028997
42.303040418817091, -83.213220825064909
42.303041709838467, -83.213247129625373
42.303042981983424, -83.213273049578916
42.303044235451928, -83.213298588999749
42.303045497425487, -83.213324301710998
42.303046726871898, -83.213349351681515
42.303048000656545, -83.213375305043698
42.303049289824934, -83.213401571849673
42.303050564915999, -83.213427551830151
42.303051694161482, -83.213454509148988
42.303051856899607, -83.213481198202203
42.303052015527705, -83.213507213210178
42.303052179252504, -83.213534064077564
42.303052333894314, -83.213559425334694
42.303052488211087, -83.213584733285145
42.303052647055331, -83.213610783740705
42.303052807995009, -83.213637177848398
42.303052957825557, -83.213661750058577
42.303053117521173, -83.213687940139721
42.303053266891389, -83.213712436854664
42.303052769651707, -83.213738740631129
42.303051804504385, -83.213765121324528
42.303050812502704, -83.213792236037108
42.303049868730902, -83.213818032466520
42.303048920140107, -83.213843960614938
42.303048005532169, -83.213868959898420
42.303047025807913, -83.213895739028146
42.303046059270883, -83.213922157706889
42.303045132705464, -83.213947483828406
42.303044145202840, -83.213974475566800
42.303043048857369, -83.214000255440396
42.303040960511339, -83.214026600728758
42.303038817288332, -83.214053638311341
42.303036677655200, -83.214080630606247
42.303034533906839, -83.214107674816304
42.303032415265740, -83.214134402288636
42.303030263243151, -83.214161550881300
42.303028119319677, -83.214188597300520
42.303025980211892, -83.214215582967952
42.303023826416251, -83.214242753928318
42.303021644732539, -83.214270162511923
42.303018067109704, -83.214296669444749
42.303014466572250, -83.214323346154103
42.303010830918403, -83.214350283043970
42.303007201837531, -83.214377171234077
42.303003740530919, -83.214402816369372
42.303000182554378, -83.214429177741025
42.302996910447760, -83.214453421076428
42.302993531539386, -83.214478455715778
42.302990126484367, -83.214503684077954
42.302986567309439, -83.214530054328549
42.302982803442795, -83.214555944288477
42.302978903429810, -83.214581294372891
42.302974952304353, -83.214606976688344
42.302971042140811, -83.214632392751412
42.302967191881550, -83.214657419436591
42.302963345858352, -83.214682418587387
42.302959533923449, -83.214707196164241
42.302955680706944, -83.214732242071548
42.302951944381725, -83.214756528185461
42.302948223082531, -83.214780716630202
42.302944484318296, -83.214804151314894
42.302939231876309, -83.214829458535377
42.302933939842632, -83.214854956515808
42.302928674368381, -83.214880326528103
42.302923495775886, -83.214905277928310
42.302918082987574, -83.214931357726556
42.302913010742742, -83.214955796724354
42.302907710130874, -83.214981336036104
42.302902305425860, -83.215007376887527
42.302896827366254, -83.215033771174731
42.302891567280867, -83.215059115222473
42.302885690975764, -83.215084717984396
42.302879632031619, -83.215110100047724
42.302873503885785, -83.215135772010001
42.302867758972845, -83.215159838537190
42.302861816887564, -83.215184731056596
42.302855703866094, -83.215210339660047
42.302849571152088, -83.215236030759272
42.302843486959510, -83.215261518593053
42.302837371900878, -83.215287135730549
42.302831324685833, -83.215312468658453
42.302825143376765, -83.215338011664940
42.302819164011908, -83.215362401179490
42.302813008453910, -83.215387509376583
42.302806769862364, -83.215412956263165
42.302800538042611, -83.215438375527953
42.302794499630267, -83.215463005894094
42.302788465901216, -83.215487617157308
42.302782338253124, -83.215512611511372
42.302776384329952, -83.215536897250644
42.302770231873055, -83.215561992798513
42.302763889378674, -83.215587775818634
42.302757599301309, -83.215612936128096
42.302751400248894, -83.215637732337768
42.302745034544799, -83.215663195154136
42.302738633236380, -83.215688800387824
42.302732136679865, -83.215714786613887
42.302725625699694, -83.215740830534571
42.302719065211306, -83.215767072488106
42.302712611211071, -83.215792888489062
42.302706131092322, -83.215818808964059
42.302699641282821, -83.215844777399937
42.302693143056374, -83.215870936926933
42.302686545313989, -83.215897497069349
42.302679931412577, -83.215924122262194
42.302673304636500, -83.215950799283846
42.302666804242378, -83.215976967537102
42.302660383526693, -83.216002815033590
42.302653849829213, -83.216029117354196
42.302647299972719, -83.216055484725231
42.302640628529417, -83.216082341561062
42.302634064034237, -83.216109003853546
42.302628107661526, -83.216134483892375
42.302622145879980, -83.216159987068991
42.302616216729739, -83.216185350656133
42.302610199433360, -83.216211091312843
42.302604155865509, -83.216236944353085
42.302598142492023, -83.216262668228566
42.302592183147425, -83.216288160980454
42.302586337744934, -83.216313166313341
42.302580259108829, -83.216339169367785
42.302574208848313, -83.216364980950772
42.302568041934990, -83.216390815317396
42.302561862935477, -83.216416700315321
42.302555413106809, -83.216443719867883
42.302549055281119, -83.216470354002510
42.302542705533440, -83.216496954296829
42.302536175417977, -83.216524310185932
42.302529671571470, -83.216551556029430
42.302523255596441, -83.216578433762649
42.302517041694998, -83.216604464971411
42.302510536574466, -83.216631481431122
42.302504082218398, -83.216657978261310
42.302497532424717, -83.216684866887988
42.302491396109566, -83.216710058076515
42.302484989503959, -83.216736358878478
42.302478470298446, -83.216763121932686
42.302472106250292, -83.216789248025123
42.302465834536591, -83.216814995060304
42.302459425334483, -83.216841306521616
42.302453185285550, -83.216866923564595
42.302447083392479, -83.216892297047920
42.302441117142017, -83.216917452049870
42.302434912500459, -83.216943612160236
42.302428955312187, -83.216968728954029
42.302423073888761, -83.216993526306851
42.302417140434798, -83.217018543031656
42.302411150943207, -83.217043796023233
42.302405217489245, -83.217068812748053
42.302399403754833, -83.217093324709339
42.302393398604764, -83.217118643720454
42.302387686730079, -83.217142708743381
42.302381698302881, -83.217167795397856
42.302375342430054, -83.217194421351564
42.302368964377415, -83.217221140220730
42.302362377341616, -83.217248734559888
42.302356830539210, -83.217271971164578
42.302350992010602, -83.217296429865485
42.302345027796370, -83.217321415087270
42.302339253342794, -83.217345605365779
42.302333657067066, -83.217369049223535
42.302327691374181, -83.217394040639689
42.302321332450767, -83.217420823540905
42.302315133316149, -83.217446960432795
42.302308963720513, -83.217472972781962
42.302302975409447, -83.217498220796202
42.302297053966150, -83.217523186881451
42.302291287695965, -83.217547498723306
42.302285392301812, -83.217572354979751
42.302279333009949, -83.217597902264359
42.302273384021866, -83.217622984484379
42.302267459524963, -83.217647963444293
42.302261450012871, -83.217673618000120
42.302256372481821, -83.217695479592138
42.302250573519800, -83.217720447345314
42.302244889903534, -83.217744918470899
42.302239006734943, -83.217770248780113
42.302233474060571, -83.217794070016964
42.302228058217615, -83.217817388229705
42.302222462254619, -83.217841481959269
42.302216552760335, -83.217866925615226
42.302210827783611, -83.217891574820570
42.302204942944492, -83.217916905682998
42.302198719845194, -83.217942975423298
42.302192468654148, -83.217969162845236
42.302186291398577, -83.217995040537488
42.302180323429596, -83.218020041488643
42.302174496230755, -83.218044452727028
42.302168651715938, -83.218068936505290
42.302162534692549, -83.218094561873542
42.302156384033815, -83.218120328146625
42.302150434377410, -83.218145252382925
42.302144555666665, -83.218169879414432
42.302139092557603, -83.218195175811800
42.302133840905682, -83.218220160943673
42.302128505847953, -83.218245542884986
42.302122940695753, -83.218272019518167
42.302117814674865, -83.218296406950898
42.302112388239117, -83.218322223630068
42.302106884280498, -83.218348409130130
42.302101421392507, -83.218374399233596
42.302095799445190, -83.218401146073873
42.302090296861095, -83.218427325034568
42.302085474982000, -83.218453393315201
42.302081114290857, -83.218478911433749
42.302076702753780, -83.218504727095166
42.302072367170624, -83.218530098285470
42.302067911042116, -83.218556174889343
42.302063307100426, -83.218583116474008
42.302058660772133, -83.218610306098839
42.302054148578108, -83.218636710789795
42.302049787931963, -83.218662228645044
42.302045368295531, -83.218688091702660
42.302041593159487, -83.218714654095521
42.302038488557884, -83.218740798109039
42.302035396312839, -83.218766838067310
42.302032359578227, -83.218792410569264
42.302029115510571, -83.218819729033783
42.302025937177298, -83.218846493945506
42.302022649171718, -83.218874182413600
42.302019487836560, -83.218900804183335
42.302016351653592, -83.218927214145168
42.302013584160292, -83.218950519351893
42.302010582691601, -83.218977641914179
42.302007846951362, -83.219005341284117
42.302005109024236, -83.219033062796271
42.302002483588360, -83.219059645334525
42.301999826495980, -83.219086548394827
42.301997135533554, -83.219113794389429
42.301994434756807, -83.219141139753972
42.301991756915690, -83.219168252895287
42.301989125585891, -83.219194895109510
42.301986580131349, -83.219220667836780
42.301984574961196, -83.219246563998794
42.301983415573119, -83.219273561178412
42.301982239628899, -83.219300943879460
42.301981093245850, -83.219327638227597
42.301979940019287, -83.219354491931909
42.301978827924373, -83.219380387856376
42.301977722190870, -83.219406135650786
42.301976618291711, -83.219431840731190
42.301975443111800, -83.219459205634735
42.301974293448097, -83.219485976375253
42.301973257698542, -83.219512468035447
42.301972753274818, -83.219540043199103
42.301972254375791, -83.219567316345959
42.301971767423794, -83.219593936388279
42.301971274049464, -83.219620907518348
42.301970773935402, -83.219648247087221
42.301970278532700, -83.219675329101364
42.301969793931434, -83.219701820637439
42.301969318966144, -83.219727785406334
42.301968843752896, -83.219753763730736
42.301968374837998, -83.219779397745157
42.301968867475438, -83.219803432957491
42.301969509892196, -83.219829611440346
42.301970164115183, -83.219856271026941
42.301970785761476, -83.219881603113578
42.301971413543299, -83.219907185222624
42.301972057872419, -83.219933441634552
42.301972691099181, -83.219959245624963
42.301973355003533, -83.219986299727424
42.301973998024550, -83.220012502833697
42.301974670468162, -83.220039904911076
42.301975877395797, -83.220066334743819
42.301977719154927, -83.220093626265395
42.301979562138939, -83.220120935937672
42.301981411043286, -83.220148333338400
42.301983272864703, -83.220175922146638
42.301985074332215, -83.220202616619773
42.301986931588111, -83.220230137775346
42.301988786579813, -83.220257625379617
42.301990699939601, -83.220285977892843
42.301992351042003, -83.220310444228488
42.301994174054244, -83.220332566488153
42.301996789324086, -83.220356103916771
42.301999552747205, -83.220380974724819
42.302002256677802, -83.220405310100190
42.302004908170794, -83.220429173537141
42.302007509360443, -83.220452584244015
42.302010043795164, -83.220475394156480
42.302013013648725, -83.220502122838568
42.302015767823384, -83.220526910410456
42.302018315864011, -83.220549842776123
42.302020840813128, -83.220572567318143
42.302023493614548, -83.220596180252628
42.302026877891450, -83.220621100837064
42.302030193926903, -83.220645518916328
42.302033506075425, -83.220669908373594
42.302036555965579, -83.220692366655669
42.302039853703093, -83.220716649995509
42.302043302554509, -83.220742046083231
42.302046598165205, -83.220766313761970
42.302050421299491, -83.220794465932613
42.302054131749223, -83.220821788335186
42.302057737398279, -83.220848339023732
42.302061797798714, -83.220874856896401
42.302066699049206, -83.220901729269812
42.302071666041584, -83.220928962090071
42.302076571690989, -83.220955858581618
42.302081188221138, -83.220981169902089
42.302085537868258, -83.221005017967343
42.302090456182640, -83.221031983897916
42.302095429507503, -83.221059251437694
42.302100511741529, -83.221087116100094
42.302105520305979, -83.221114576849999
42.302111067504271, -83.221142264709613
42.302116581382606, -83.221166998392434
42.302121759946893, -83.221190227952249
42.302127594271418, -83.221216399065113
42.302133467310689, -83.221242743841287
42.302139480282797, -83.221269716316172
42.302144905770227, -83.221294053502646
42.302150036057689, -83.221317066506401
42.302155170659752, -83.221340098864204
42.302160617137105, -83.221364530205491
42.302165714015601, -83.221387393346191
42.302171365150755, -83.221410340129069
42.302176787974446, -83.221431892377083
42.302182847009874, -83.221455973158896
42.302189420699086, -83.221482099359605
42.302196051882795, -83.221508454064107
42.302202408211592, -83.221533716396507
42.302208830034687, -83.221559239026746
42.302215513509772, -83.221585801555932
42.302222015786136, -83.221611643936356
42.302228518062499, -83.221637486316780
42.302235502439615, -83.221663425205321
42.302243051721227, -83.221689847690968
42.302250597365344, -83.221716257445379
42.302258301797146, -83.221743222956690
42.302265877877431, -83.221769739237672
42.302273685643712, -83.221797066419668
42.302281697109571, -83.221825106550185
42.302289272002099, -83.221851618674037
42.302295938931962, -83.221874952928559
42.302302381450808, -83.221897501744508
42.302310442856012, -83.221924015770213
42.302318495695438, -83.221949684195891
42.302326772450833, -83.221976066353704
42.302334650659503, -83.222001178143842
42.302342587078428, -83.222026475479169
42.302349536134585, -83.222048625595662
42.302356775057262, -83.222071699661697
42.302363638101255, -83.222093575614423
42.302370961140511, -83.222116917802040
42.302377631940608, -83.222138180977339
42.302384891003868, -83.222161319241508
42.302392814390451, -83.222184057900833
42.302400584529614, -83.222206322338053
42.302408120242333, -83.222227915053338
42.302415814873349, -83.222249963130679
42.302424179858640, -83.222273932030845
42.302433023091446, -83.222299271294077
42.302441004038812, -83.222322139777859
42.302448913692437, -83.222344803977677
42.302457690109314, -83.222369951787570
42.302466233416745, -83.222394431649249
42.302475033321478, -83.222418564297314
42.302484441683717, -83.222442497850381
42.302493763102760, -83.222466210232156
42.302503105271740, -83.222489975398872
42.302512562739054, -83.222514033868350
42.302521446531465, -83.222536632989389
42.302530940240757, -83.222560783653378
42.302540618540043, -83.222585403888402
42.302548410847884, -83.222605226425912
42.302557993753766, -83.222629603993497
42.302566868804917, -83.222652160021056
42.302576851014997, -83.222676523381239
42.302586107119296, -83.222699114551062
42.302594976733687, -83.222720762423464
42.302603575913231, -83.222741750251501
42.302611757255207, -83.222761718272608
42.302620584319349, -83.222783262293547
42.302629276853942, -83.222804477971209
42.302638203660578, -83.222826265431479
42.302646807655279, -83.222847265011765
42.302656565223614, -83.222871080093810
42.302666370656176, -83.222894879844262
42.302676640401884, -83.222918954821907
42.302687105316011, -83.222943487325509
42.302696991644311, -83.222966663472192
42.302707308910172, -83.222990849849538
42.302717433653278, -83.223014584903055
42.302727512606090, -83.223038212612096
42.302737551466954, -83.223061746335105
42.302747712842297, -83.223085567264192
42.302758189356631, -83.223110126961728
42.302769057231643, -83.223135350312091
42.302779778327398, -83.223159345145447
42.302790853806549, -83.223184133122601
42.302801407058588, -83.223207752305740
42.302811988669710, -83.223231434959189
42.302822485098567, -83.223254926966632
42.302833254404746, -83.223279029699498
42.302843912585359, -83.223302883722795
42.302854520875016, -83.223326626085353
42.302865076647862, -83.223350250910286
42.302876261096458, -83.223374463153903
42.302887970410559, -83.223398580845625
42.302899100261094, -83.223421505015381
42.302910463168885, -83.223444909213526
42.302921901047704, -83.223468467829605
42.302933315163379, -83.223491977500700
42.302944577551983, -83.223515174659312
42.302955625179834, -83.223537929474887
42.302966786156730, -83.223560917755663
42.302977928837130, -83.223583868351113
42.302988897344385, -83.223605886108587
42.303000244109292, -83.223628086300792
42.303011363496815, -83.223649841624209
42.303022168930845, -83.223670982690791
42.303032845191495, -83.223691871026844
42.303043958016730, -83.223713613510995
42.303054819057486, -83.223734863373352
42.303065548046661, -83.223755854873914
42.303076328958475, -83.223776947962236
42.303087147517076, -83.223798114707336
42.303098239619310, -83.223819816646483
42.303109259529663, -83.223841071950076
42.303120322711848, -83.223862408087129
42.303131435717667, -83.223883840312652
42.303142742650635, -83.223905646540516
42.303154108858571, -83.223927567084402
42.303165720684227, -83.223949961319590
42.303177401352855, -83.223972488323369
42.303189089722565, -83.223995030179225
42.303200657675411, -83.224017339802572
42.303212508467851, -83.224040194902287
42.303224154433593, -83.224063043521284
42.303235534655101, -83.224085474102807
42.303247122822185, -83.224108314548076
42.303258776051301, -83.224131283231543
42.303270379391861, -83.224154153583967
42.303281768004759, -83.224176600705036
42.303293170756575, -83.224199075694116
42.303304630064076, -83.224221662155273
42.303315735208862, -83.224243550556594
42.303327281993745, -83.224266309436942
42.303338999666011, -83.224289274708852
42.303350560655439, -83.224311894036006
42.303362044360554, -83.224334362154707
42.303373735010730, -83.224357235165911
42.303385254099027, -83.224379772512577
42.303396154330798, -83.224401099053011
42.303407642807990, -83.224423576508372
42.303418665018626, -83.224445141703100
42.303430099257120, -83.224467513039286
42.303441893845395, -83.224490589407651
42.303452900831111, -83.224512124814481
42.303464018066691, -83.224533875927577
42.303475410314633, -83.224556165108339
42.303486607653113, -83.224578072944496
42.303497842312261, -83.224600053799350
42.303509099386567, -83.224622078509938
42.303520199896113, -83.224643796898192
42.303531469031363, -83.224665845206289
42.303542599238149, -83.224687621697839
42.303553997971697, -83.224709923567829
42.303565202530365, -83.224731845530428
42.303576571328236, -83.224754088830622
42.303588150467874, -83.224776743669025
42.303599751571369, -83.224799441480229
42.303611303169021, -83.224822042432137
42.303622697649509, -83.224844335980919
42.303633543730669, -83.224865556574514
42.303644941116431, -83.224887855807509
42.303656316538330, -83.224910112067747
42.303667631065700, -83.224932249186523
42.303678606625944, -83.224953933748793
42.303689366144617, -83.224975613375975
42.303699998864822, -83.224997037513702
42.303710664196664, -83.225018527361442
42.303722168145036, -83.225041706958905
42.303733187672421, -83.225063910484238
42.303743882852203, -83.225085460473338
42.303754110745921, -83.225106068915906
42.303765102194127, -83.225128215863791
42.303776271071754, -83.225150720318709
42.303787402503040, -83.225173301858604
42.303797360893242, -83.225195431614623
42.303806941739495, -83.225216722384062
42.303817631687956, -83.225240477825082
42.303827325583491, -83.225262019815162
42.303836747711543, -83.225282957877511
42.303846190160669, -83.225303941097778
42.303856142454549, -83.225326057306418
42.303865940522272, -83.225347830790227
42.303875658803079, -83.225369426969792
42.303884808521943, -83.225389759678393
42.303893649010661, -83.225410460796667
42.303901934491059, -83.225433284950213
42.303909982450698, -83.225455454801292
42.303918648688885, -83.225479327834790
42.303927136786506, -83.225502710141441
42.303935886969903, -83.225526814420235
42.303944590850890, -83.225550791148990
42.303953377970181, -83.225574997175713
42.303962305410508, -83.225599589747191
42.303970174699401, -83.225621267410929
42.303978899522505, -83.225645301829289
42.303986240024813, -83.225670031601439
42.303993723843071, -83.225696054878540
42.304000993049719, -83.225721331892586
42.304007543949524, -83.225744111157809
42.304014707427868, -83.225769020525675
42.304021640593113, -83.225793129032098
42.304028617120906, -83.225817388321929
42.304035190325635, -83.225840245147481
42.304042527400917, -83.225865758159244
42.304049737103298, -83.225890828260702
42.304056084587124, -83.225916506003003
42.304060962434171, -83.225939860543406
42.304066218544548, -83.225965026162768
42.304071480433258, -83.225990219448136
42.304076798197450, -83.226015680258499
42.304082159680789, -83.226041350390844
42.304087404179967, -83.226066460417201
42.304092757159331, -83.226092089833557
42.304098189236555, -83.226118097960907
42.304103433245118, -83.226143205638266
42.304108702106248, -83.226169264110666
42.304112127846466, -83.226193393237452
42.304115867222016, -83.226219731447841
42.304119530475070, -83.226245533491067
42.304123204884654, -83.226271414115118
42.304126953291693, -83.226297815938580
42.304130634569759, -83.226323744940629
42.304134313646877, -83.226349658440327
42.304138017010338, -83.226375743000361
42.304141744280663, -83.226401995947882
42.304145031057480, -83.226425146288918
42.304147664252355, -83.226450300337746
42.304149455530528, -83.226474781139416
42.304151253435428, -83.226499352506409
42.304153127628553, -83.226524966479118
42.304154906663435, -83.226549279955819
42.304156749581622, -83.226574466504360
42.304158501463064, -83.226598408884129
42.304160437559560, -83.226624868869521
42.304162208311027, -83.226649069139569
42.304164022600922, -83.226673864434858
42.304166046259162, -83.226701521097453
42.304166873340186, -83.226727050565188
42.304167179451532, -83.226752304751258
42.304167480337441, -83.226777127838560
42.304167812639790, -83.226804542782446
42.304168144173097, -83.226831894280565
42.304168463435360, -83.226858233416948
42.304168784487565, -83.226884720224064
42.304169109996174, -83.226911574684152
42.304169423754253, -83.226937459726173
42.304169751737895, -83.226964518376349
42.304169687027297, -83.226991415940446
42.304168387904049, -83.227018047966908
42.304167055722083, -83.227045357697264
42.304165740122414, -83.227072327490490
42.304164427341604, -83.227099239497107
42.304163101326715, -83.227126422802314
42.304161802097596, -83.227153056999171
42.304160490296113, -83.227179948929702
42.304159165697271, -83.227207103205956
42.304157861598014, -83.227233837240703
42.304156367334897, -83.227260901284808
42.304153202694593, -83.227288050567424
42.304150065061904, -83.227314968153109
42.304147018710523, -83.227341102641276
42.304143865753467, -83.227368151693923
42.304140760764220, -83.227394789233287
42.304137620788545, -83.227421726919303
42.304134523081537, -83.227448301984708
42.304131484772284, -83.227474367479886
42.304128650587408, -83.227498681802729
42.304126024168042, -83.227521213716273
42.304121884797524, -83.227547187323992
42.304117090074413, -83.227573640968728
42.304112647289067, -83.227598152887893
42.304107759592149, -83.227625119491577
42.304103086788437, -83.227650900477570
42.304098452836570, -83.227676467108566
42.304093715907996, -83.227702601886932
42.304088963564318, -83.227728821714109
42.304084061225474, -83.227755869100818
42.304079706291681, -83.227779896321763
42.304074980780655, -83.227803453438554
42.304068881045033, -83.227828008784527
42.304062918914369, -83.227852010182318
42.304056587670310, -83.227877497498156
42.304050583897734, -83.227901666531338
42.304044008594744, -83.227928136340836
42.304037764367479, -83.227953273358281
42.304031356661916, -83.227979068480678
42.304025034428470, -83.228004519522997
42.304018551934810, -83.228030615715440
42.304011766169602, -83.228057932770255
42.304003473849114, -83.228083747787792
42.303995105399885, -83.228109707058877
42.303987423638333, -83.228133536196751
42.303978835587635, -83.228160176680547
42.303970536764112, -83.228185919969832
42.303962231835968, -83.228211682195919
42.303953887805235, -83.228237565719837
42.303945405183036, -83.228263879160110
42.303937521308946, -83.228288335259336
42.303929114302882, -83.228313896180111
42.303919423131894, -83.228338291196735
42.303909615948271, -83.228362978245158
42.303899971010047, -83.228387256882769
42.303890279073300, -83.228411653826981
42.303880776949306, -83.228435572966688
42.303871207246992, -83.228459662217332
42.303861440074328, -83.228484248548526
42.303851747276106, -83.228508647661300
42.303841794215209, -83.228533701918025
42.303831112476750, -83.228559441713159
42.303819229961796, -83.228583206743068
42.303806649238346, -83.228608368189967
42.303794892954485, -83.228631880757689
42.303782886177181, -83.228655894312297
42.303771023581263, -83.228679619504135
42.303758911534175, -83.228703843598311
42.303747926533873, -83.228725813598928
42.303737179635526, -83.228747307395622
42.303725214549225, -83.228771237568225
42.303713146682583, -83.228793577922403
42.303700190484790, -83.228815005480286
42.303687265183193, -83.228836381940610
42.303673619100621, -83.228858950461785
42.303660433201969, -83.228880757909565
42.303647160872167, -83.228902708301163
42.303633877852540, -83.228924676372074
42.303620717635532, -83.228946441346352
42.303607985663334, -83.228967498069608
42.303595753505611, -83.228987728176605
42.303582938776252, -83.229007960261043
42.303569841827276, -83.229027286246733
42.303556875626462, -83.229046419299152
42.303542291126838, -83.229067940329088
42.303527948449826, -83.229089104523226
42.303513448929678, -83.229110500156622
42.303499225934367, -83.229131487747253
42.303485299547475, -83.229152037659617
42.303471135983152, -83.229172937553315
42.303458719416454, -83.229191259560281
42.303445625121661, -83.229209081290080
42.303432750503312, -83.229224881958061
42.303419723211071, -83.229240869998534
42.303406145647507, -83.229257533372007
42.303392319493888, -83.229274501833260
42.303377133208009, -83.229293139547750
42.303362082730025, -83.229311610588908
42.303347083876645, -83.229330018272606
42.303332176246286, -83.229348314000774
42.303317644800877, -83.229366148047419
42.303302899430548, -83.229383951901568
42.303287036164264, -83.229401209740715
42.303270745411538, -83.229418932647519
42.303257322822795, -83.229433535244070
42.303242397811879, -83.229449772343855
42.303228315334557, -83.229465092841167
42.303212663384315, -83.229482120787026
42.303196991561563, -83.229499170352440
42.303181641491378, -83.229515869879336
42.303166013206109, -83.229532872079801
42.303150507551067, -83.229549492448925
42.303134984737909, -83.229565015262082
42.303119383503279, -83.229580616496719
42.303104100593153, -83.229595899406846
42.303089234577961, -83.229610765422038
42.303074907511082, -83.229625092488916
42.303060101942748, -83.229639898057243
42.303046455446697, -83.229653544553301
42.303031898043919, -83.229668101956079
42.303017233808191, -83.229682766191814
42.303003513713762, -83.229696242254860
42.302992366237035, -83.229706825302387
42.302980329958636, -83.229718252148970
42.302968259186670, -83.229729711742607
42.302956686728194, -83.229740698253821
42.302944553420190, -83.229752217217111
42.302932951865998, -83.229763231350844
42.302920008485906, -83.229775519369923
42.302907804084299, -83.229787105827143
42.302895131518163, -83.229799136744361
42.302882951736017, -83.229810699828676
42.302871911051767, -83.229820946720082
42.302860535666653, -83.229831184566677
42.302849776804173, -83.229840867542904
42.302838561063766, -83.229850961709275
42.302826973285853, -83.229861390709402
42.302815634194239, -83.229871595891851
42.302804262543511, -83.229881830377508
42.302792021949479, -83.229892846912136
42.302781396007546, -83.229902410259868
42.302770198355539, -83.229912488146681
42.302759146957648, -83.229922379866011
42.302749658780392, -83.229930312604367
42.302740280397643, -83.229938153547323
42.302731928186923, -83.229945136543179
42.302722902163225, -83.229952682890854
42.302713304801429, -83.229960706914653
42.302704038144761, -83.229968454447274
42.302695741644584, -83.229975390865462
42.302686897188472, -83.229982785410726
42.302677626363682, -83.229990536428176
42.302668649442531, -83.229998041722922
42.302659330328481, -83.230005833113353
42.302650507531723, -83.230012439798998
42.302641825674542, -83.230018844447741
42.302632723943432, -83.230025558839543
42.302624251570208, -83.230031808950940
42.302615727153160, -83.230038097455321
42.302606672533294, -83.230044777092928
42.302597966717826, -83.230051199415811
42.302589007729757, -83.230057808505364
42.302581290646401, -83.230063501435708
42.302571980437975, -83.230070369622254
42.302563179796032, -83.230076861899107
42.302554204787967, -83.230083307919131
42.302545531005329, -83.230089090440885
42.302535994317992, -83.230095448232447
42.302526348568392, -83.230101878732185
42.302516603450947, -83.230108375477144
42.302507770821130, -83.230114263897022
42.302498482351439, -83.230120456210145
42.302490610984322, -83.230125703788232
42.302481016433390, -83.230132100155515
42.302471619709301, -83.230138364638236
42.302462474333339, -83.230144461555554
42.302452959729955, -83.230150418485238
42.302444019213659, -83.230155447525647
42.302434226178690, -83.230160956107824
42.302423973562057, -83.230166723204675
42.302414383126901, -83.230172117824452
42.302404353370051, -83.230177759562679
42.302394358481699, -83.230183381687382
42.302384587199555, -83.230188878033587
42.302374782755024, -83.230194393033628
42.302364563407409, -83.230200141416674
42.302354005931370, -83.230206079996933
42.302343595357172, -83.230211584921236
42.302333653179957, -83.230216632488123
42.302323854038505, -83.230221607436860
42.302313724614486, -83.230226750067516
42.302304504117693, -83.230231431242814
42.302294865674753, -83.230236324606153
42.302285329198966, -83.230241166201552
42.302276382203885, -83.230245708522133
42.302266787213469, -83.230250579824968
42.302256503267486, -83.230255800905226
42.302246341010253, -83.230260960205058
42.302236895595271, -83.230265398423938
42.302227326694066, -83.230269540187152
42.302217285760968, -83.230273886262665
42.302207119881508, -83.230278286419448
42.302197328177705, -83.230282524619597
42.302187807264744, -83.230286645611784
42.302178973777934, -83.230290469061302
42.302168787995512, -83.230294877832790
42.302158992642838, -83.230299117612304
42.302148706350465, -83.230303569888108
42.302138082150044, -83.230308168422610
42.302127832206054, -83.230312389264640
42.302116854505897, -83.230316048498025
42.302106119206734, -83.230319626931092
42.302095798705821, -83.230323067098055
42.302085826250007, -83.230326391249989
42.302075586433332, -83.230329804522228
42.302065899332717, -83.230333033555766
42.302055984807033, -83.230336338397649
42.302045883024256, -83.230339705658579
42.302036638003614, -83.230342787332134
42.302025820975373, -83.230346393008205
42.302015214190533, -83.230349928603161
42.302005119145498, -83.230352291212640
42.301995306187344, -83.230354566681200
42.301985049054956, -83.230356945146681
42.301975180048146, -83.230359233612020
42.301965647105440, -83.230361444149466
42.301956383811465, -83.230363592159662
42.301945841081547, -83.230366036850654
42.301936023452669, -83.230368313402280
42.301926013640688, -83.230370634518110
42.301916480697983, -83.230372845055541
42.301905816643227, -83.230375317879833
42.301894961391177, -83.230377323876525
42.301884692499200, -83.230378663297216
42.301874205027197, -83.230380031228336
42.301864675581911, -83.230381274199459
42.301854129699251, -83.230382649749373
42.301843757208850, -83.230384002682911
42.301833800032000, -83.230385301445097
42.301823867346229, -83.230386597012810
42.301813315944450, -83.230387973282603
42.301802362222048, -83.230389402029004
42.301791480133183, -83.230390821431897
42.301781052965829, -83.230391723052861
42.301770417395915, -83.230391874989579
42.301761124690387, -83.230392007742509
42.301750334170094, -83.230392161892809
42.301740289348494, -83.230392305390254
42.301730329469578, -83.230392447674248
42.301720323735609, -83.230392590613306
42.301709293322268, -83.230392748190638
42.301698562191838, -83.230392901492507
42.301687713448480, -83.230393056474554
42.301676920127882, -83.230393210664843
42.301666910451388, -83.230393250847428
42.301656361990752, -83.230392639342469
42.301645467756231, -83.230392007792631
42.301635902802076, -83.230391453302545
42.301626268049205, -83.230390894766145
42.301616452417612, -83.230390325744011
42.301606552038649, -83.230389751809000
42.301596528275788, -83.230389170721295
42.301586479100209, -83.230388588160395
42.301575838302881, -83.230387971302576
42.301564579551169, -83.230387318621325
42.301553956692231, -83.230386702803415
42.301542690544707, -83.230385571085478
42.301531699164904, -83.230384439619911
42.301520870865353, -83.230383324942011
42.301509616039418, -83.230382166356989
42.301498866590592, -83.230381059796088
42.301488638311909, -83.230380006885042
42.301478506622502, -83.230378963917019
42.301467488005436, -83.230377829647608
42.301456403812949, -83.230376688627800
42.301445537175226, -83.230375570003332
42.301435034967042, -83.230374269848085
42.301424526098636, -83.230372724426260
42.301414354222906, -83.230371228562191
42.301404141554521, -83.230369726699195
42.301393304985105, -83.230368133086046
42.301382340485382, -83.230366520659615
42.301371064828331, -83.230364862474744
42.301360110526772, -83.230363251548056
42.301348909203014, -83.230361604294558
42.301337654055608, -83.230359949125813
42.301326498113035, -83.230358303588574
42.301315352489731, -83.230356336713868
42.301304067444129, -83.230354345235227
42.301293006267670, -83.230352393262919
42.301282738098095, -83.230350581232997
42.301272553468557, -83.230348783945431
42.301261824751961, -83.230346890642508
42.301251489705024, -83.230345066810685
42.301240123953171, -83.230343061089769
42.301228990345123, -83.230341096335408
42.301217931889106, -83.230339144843171
42.301207178951401, -83.230336975749083
42.301196773797855, -83.230334680494622
42.301186259327849, -83.230332361126244
42.301175451476709, -83.230329977041436
42.301164173811721, -83.230327489321212
42.301153030379254, -83.230325031211109
42.301143165859571, -83.230322855214112
42.301132004020637, -83.230320393043769
42.301120498295028, -83.230317855016054
42.301109856887734, -83.230315507646793
42.301099277252632, -83.230313106800565
42.301088454762123, -83.230309714676679
42.301077234078292, -83.230306197745932
42.301066297914922, -83.230302769993230
42.301055106777014, -83.230299262323143
42.301043827903506, -83.230295727153830
42.301032571133064, -83.230292198912352
42.301021660906947, -83.230288779289239
42.301011482224311, -83.230285588955880
42.301000897228874, -83.230282271270738
42.300990718546238, -83.230279080937379
42.300980933857829, -83.230275601219290
42.300970693216293, -83.230271820059343
42.300960232983783, -83.230267957819649
42.300950070652661, -83.230264205574315
42.300939967966173, -83.230260475351614
42.300929258213102, -83.230256520981243
42.300919159066680, -83.230252792065642
42.300908322622384, -83.230248790916988
42.300897357126821, -83.230244742118614
42.300886506629567, -83.230240735781166
42.300875616224658, -83.230236377495103
42.300864867398630, -83.230231581865027
42.300854312075742, -83.230226872567115
42.300843488144253, -83.230222043428455
42.300832884500238, -83.230217312571895
42.300822030942001, -83.230212470215150
42.300811096812119, -83.230207591911039
42.300800714330165, -83.230202959726782
42.300790973032342, -83.230198613609289
42.300780865499760, -83.230194104094764
42.300769409333782, -83.230188800791893
42.300758891141101, -83.230183213002036
42.300747953945326, -83.230177402616775
42.300738074666299, -83.230172154249800
42.300727898439305, -83.230166748129207
42.300717512763612, -83.230161230739000
42.300707137444107, -83.230155718850511
42.300696784527801, -83.230150218863713
42.300686374652429, -83.230144688617429
42.300675938675226, -83.230139144504548
42.300665327910863, -83.230133507535967
42.300654883833744, -83.230126969938425
42.300644255796030, -83.230120284559860
42.300633463604626, -83.230113495923334
42.300622768882739, -83.230106768598276
42.300611778412900, -83.230099855238223
42.300600831459960, -83.230092969251686
42.300589894003508, -83.230086089238767
42.300579299360059, -83.230079424866275
42.300569331276492, -83.230073154620158
42.300559667299893, -83.230066842280152
42.300550265773154, -83.230059830972067
42.300540802995158, -83.230052773985093
42.300530846471098, -83.230045348780706
42.300520365722825, -83.230037532629453
42.300509737499624, -83.230029606496899
42.300499286541289, -83.230021812561873
42.300489476607311, -83.230014496678905
42.300480119421366, -83.230007518438541
42.300469930968404, -83.229999920270217
42.300461629624628, -83.229993642808324
42.300452266554636, -83.229986184091544
42.300442826959880, -83.229978664414375
42.300433463889888, -83.229971205697595
42.300424374754932, -83.229963965200255
42.300415068832606, -83.229956552007891
42.300405941927075, -83.229949281422137
42.300397547318248, -83.229942594191371
42.300388597659008, -83.229935464801812
42.300379400523809, -83.229928138270381
42.300370383192295, -83.229920954972400
42.300361290647096, -83.229913404994278
42.300352925100746, -83.229906049082842
42.300343978400214, -83.229898182156518
42.300334526428067, -83.229889870939630
42.300324977886888, -83.229881474808593
42.300315510158235, -83.229873149736832
42.300306127108733, -83.229864899124351
42.300296592004081, -83.229856514808191
42.300287562074381, -83.229848574697584
42.300278876757901, -83.229840937608955
42.300270674383256, -83.229833725176078
42.300262459333211, -83.229825689613918
42.300253862389852, -83.229816941846977
42.300245526095203, -83.229808459301552
42.300237938405729, -83.229800738494717
42.300229493919062, -83.229792145859165
42.300221100061329, -83.229783604740774
42.300212827599019, -83.229775187147553
42.300205007947383, -83.229767230309037
42.300196285714051, -83.229758355054059
42.300188398430521, -83.229750329397149
42.300181002143077, -83.229742803350263
42.300172226555340, -83.229733721480599
42.300163905711379, -83.229724109471192
42.300156440904622, -83.229715486332353
42.300148340256321, -83.229706128686900
42.300140410602808, -83.229696968569911
42.300132884802430, -83.229688274972929
42.300124565601720, -83.229678664861765
42.300116201259939, -83.229669002604879
42.300107779887675, -83.229659274467949
42.300099694318618, -83.229649934241621
42.300091090835458, -83.229639995735212
42.300082611659420, -83.229630200824957
42.300074769801668, -83.229620770901676
42.300066178856667, -83.229609165590006
42.300057874241666, -83.229597947075007
42.300049718301672, -83.229586929401663
42.300042106331667, -83.229576646565008
42.300033555001669, -83.229565094768333
42.300025402196667, -83.229554081330008
42.300017993336667, -83.229544072869999
42.300009503471671, -83.229532604105003
42.300001654951664, -83.229522001718337
42.299994053146669, -83.229511732613332
42.299985616196665, -83.229500335330002
42.299977109785807, -83.229487839187215
42.299968848462129, -83.229474857107149
42.299960923541192, -83.229462403659966
42.299952870871202, -83.229449749464266
42.299945084337310, -83.229437513482438
42.299937561419995, -83.229425691755239
42.299929209113600, -83.229412566702322
42.299920483078218, -83.229398854361008
42.299912324121749, -83.229386033143697
42.299904318949402, -83.229373453587158
42.299896134051195, -83.229360591604262
42.299887455720572, -83.229346801500157
42.299879127062709, -83.229332264206420
42.299870945636229, -83.229317983898397
42.299863838008804, -83.229305577857787
42.299855623487346, -83.229291239783976
42.299848024110744, -83.229277975417546
42.299840870737071, -83.229265489528956
42.299832575815913, -83.229251011121121
42.299824656398975, -83.229237188138825
42.299816521543818, -83.229222989118924
42.299808882288225, -83.229209655145524
42.299800383113308, -83.229194820222034
42.299792557578726, -83.229180488710909
42.299785141971974, -83.229166331643469
42.299777234521237, -83.229151235601151
42.299769260984121, -83.229136013393926
42.299761870125387, -83.229121903572718
42.299754195489363, -83.229107251994847
42.299745866772327, -83.229091351716860
42.299737432188756, -83.229075249330052
42.299728928585715, -83.229059015178777
42.299720913710239, -83.229043714052878
42.299712750988256, -83.229028130674536
42.299703924781937, -83.229011221297839
42.299695759620164, -83.228995182587212
42.299687696091276, -83.228979343512620
42.299678993367131, -83.228962248875902
42.299670004036386, -83.228944591261936
42.299661364027848, -83.228927619816616
42.299652386829585, -83.228909986034310
42.299643143649945, -83.228891829788580
42.299633945547143, -83.228873762086650
42.299624616693499, -83.228855437552710
42.299615356715030, -83.228837248309290
42.299606003504714, -83.228818673676102
42.299596586813053, -83.228799840292780
42.299587498415129, -83.228781663496918
42.299578370405364, -83.228763407477402
42.299568956753461, -83.228744580173583
42.299559315974719, -83.228725298616112
42.299549656387491, -83.228705979441642
42.299540228011757, -83.228687122690189
42.299530707018441, -83.228668080703542
42.299520747160230, -83.228648160987120
42.299511255916904, -83.228628888638880
42.299501818979429, -83.228609509213697
42.299492299531984, -83.228589960348415
42.299483153992824, -83.228571179330501
42.299473733109323, -83.228551832873308
42.299464345920505, -83.228532555610556
42.299454924290302, -83.228513207619969
42.299445543168389, -83.228493942816044
42.299436304292172, -83.228474970123798
42.299426874261634, -83.228455604882527
42.299417062789971, -83.228435792246614
42.299407474067074, -83.228416614800821
42.299397814574832, -83.228397295816336
42.299388162871971, -83.228377992410600
42.299378704858611, -83.228359076383882
42.299369089727819, -83.228339846122310
42.299359076863851, -83.228319820394361
42.299349036072115, -83.228299738810890
42.299339069944409, -83.228279806555477
42.299329444649430, -83.228260555965520
42.299320044573378, -83.228241607799845
42.299310699330768, -83.228222750435293
42.299301351762139, -83.228203888377166
42.299291683387501, -83.228184378978341
42.299282120149400, -83.228165081730040
42.299272759648041, -83.228146193575512
42.299263275681028, -83.228127056284933
42.299254058463099, -83.228108457255885
42.299244952522415, -83.228090082768446
42.299235450226291, -83.228070908492342
42.299226440609161, -83.228052088682134
42.299217437549373, -83.228033248945906
42.299208588558805, -83.228014731613783
42.299199425580213, -83.227995557232660
42.299190396782230, -83.227976663636881
42.299181466707331, -83.227957976628304
42.299172458517909, -83.227939126157835
42.299163254952155, -83.227919866844317
42.299154041037127, -83.227900585873982
42.299144813988839, -83.227881242561210
42.299136313645491, -83.227861861778365
42.299127777716663, -83.227842399860648
42.299119321042596, -83.227823118643784
42.299110754445266, -83.227803586801869
42.299102440363093, -83.227784630694515
42.299094004190252, -83.227765396220448
42.299085385006435, -83.227745744481339
42.299076634064711, -83.227725792334212
42.299067861288343, -83.227705790404102
42.299059157311575, -83.227685526755266
42.299050952987862, -83.227665452346201
42.299042622232889, -83.227645068584025
42.299034567449006, -83.227625360070277
42.299026354195206, -83.227605263810972
42.299018037618708, -83.227584914740817
42.299009786451194, -83.227564725713933
42.299001673308396, -83.227544874407087
42.298993170610039, -83.227524069932372
42.298984789799562, -83.227503563693972
42.298976909476707, -83.227483440725152
42.298969130971074, -83.227463389466180
42.298961348715025, -83.227443328539479
42.298953722551147, -83.227423669983708
42.298945650913268, -83.227402863094937
42.298937946065735, -83.227383001710194
42.298930182936786, -83.227362990088906
42.298922584375944, -83.227343402687623
42.298914800319700, -83.227323337120410
42.298907046060812, -83.227303420501173
42.298898908235074, -83.227282899027571
42.298890602110852, -83.227261953149110
42.298882532141221, -83.227241602790912
42.298874119900788, -83.227220389315036
42.298865945655109, -83.227199775999836
42.298858162137925, -83.227180147999988
42.298850506128886, -83.227160841542400
42.298842855103622, -83.227141547652622
42.298835204691756, -83.227122255309652
42.298827574939324, -83.227102694842259
42.298819966855682, -83.227082913824773
42.298812364922526, -83.227063148798578
42.298804790591582, -83.227043455538109
42.298797289391487, -83.227023952417866
42.298789768539820, -83.227004398203519
42.298782191733672, -83.226984698507550
42.298774585525180, -83.226964922365454
42.298766982916966, -83.226945155584104
42.298759223021179, -83.226924979855056
42.298751114076047, -83.226904331148290
42.298742975157744, -83.226883806919531
42.298735296661590, -83.226864443755318
42.298727142589179, -83.226843881311837
42.298719286728051, -83.226824070879431
42.298711384090197, -83.226804142488334
42.298703517482025, -83.226784304954663
42.298695759813363, -83.226764742138045
42.298687695041970, -83.226744404888450
42.298679723627764, -83.226724275290579
42.298672004929948, -83.226704035149652
42.298664519179809, -83.226684405849269
42.298656942455573, -83.226664537994623
42.298649518729810, -83.226645071335952
42.298641854181454, -83.226624973186929
42.298634343831559, -83.226605279380536
42.298627148703517, -83.226586412155882
42.298619513629866, -83.226566391296089
42.298611874881253, -83.226546360799730
42.298604280003573, -83.226526461342615
42.298596935638265, -83.226507365992816
42.298589649077996, -83.226488420936121
42.298582283361277, -83.226469270072641
42.298574778004820, -83.226449756145868
42.298567338488091, -83.226430413402369
42.298559668048767, -83.226410470260120
42.298551919568908, -83.226390324212488
42.298544407516886, -83.226370792877233
42.298537024094117, -83.226351595978031
42.298529581331707, -83.226332259358145
42.298521750908314, -83.226312172619870
42.298513933058004, -83.226292118134296
42.298506212572413, -83.226272313410391
42.298498479513746, -83.226252476433800
42.298490771601237, -83.226232703962580
42.298482982577013, -83.226212723422194
42.298475426001481, -83.226193339163217
42.298467591208180, -83.226173241215164
42.298459999443345, -83.226153766688000
42.298452230409900, -83.226133803759026
42.298444602450139, -83.226114003523051
42.298436907677385, -83.226094029857606
42.298429228335067, -83.226074096245625
42.298421588782901, -83.226054265918719
42.298414268805161, -83.226035265125446
42.298407108614647, -83.226016679099004
42.298399585143187, -83.225997150087991
42.298392134280924, -83.225977809551893
42.298385241577343, -83.225959917853231
42.298377881182837, -83.225940812148352
42.298370145882714, -83.225921100957763
42.298361979567751, -83.225900521844068
42.298354515163332, -83.225881711544929
42.298347041841268, -83.225862878773327
42.298339636860057, -83.225844218220672
42.298332465987926, -83.225826147622911
42.298324875319615, -83.225807019138770
42.298317905886314, -83.225789456166851
42.298311335163532, -83.225772897945447
42.298303718492363, -83.225753703934103
42.298296273923462, -83.225734943620466
42.298289741607256, -83.225718520684822
42.298282529479984, -83.225700490366634
42.298275499841694, -83.225682916270898
42.298268524100905, -83.225665476918920
42.298261195600084, -83.225647155666863
42.298254381031889, -83.225630119246389
42.298247573569157, -83.225613100589570
42.298239999410100, -83.225594165191907
42.298232732605456, -83.225575998180304
42.298225945072673, -83.225559029348346
42.298218740744076, -83.225541018526840
42.298211480351675, -83.225522867545848
42.298203973657543, -83.225504313157217
42.298195611794597, -83.225485138540478
42.298187268108983, -83.225466005606222
42.298179420335806, -83.225448009850496
42.298170379626853, -83.225427278569612
42.298161778557947, -83.225407555428859
42.298153701054233, -83.225389032877231
42.298146002953985, -83.225371380337009
42.298136916414947, -83.225350543963003
42.298128873718888, -83.225332101228929
42.298121234985032, -83.225314584821987
42.298112394806857, -83.225294313378939
42.298102944565571, -83.225273890847987
42.298093251566002, -83.225253908356578
42.298083655210405, -83.225234125100428
42.298074431562469, -83.225215110195450
42.298064064005374, -83.225193737077745
42.298053564050377, -83.225172091016674
42.298044008540941, -83.225152391966446
42.298034096250589, -83.225131957398645
42.298024616149441, -83.225112413805519
42.298015054464322, -83.225092702023886
42.298004735662595, -83.225071429417227
42.297993600212877, -83.225050250830165
42.297982062458239, -83.225029669970553
42.297970806709174, -83.225009592147885
42.297959454183747, -83.224989341697139
42.297948700081591, -83.224970158704096
42.297936845785024, -83.224949013202107
42.297925325422810, -83.224928463366808
42.297913722570854, -83.224907766387645
42.297902256125120, -83.224887312727688
42.297890451769625, -83.224866256309781
42.297879497157787, -83.224846715650813
42.297866860718941, -83.224826900063036
42.297853581249647, -83.224806902744561
42.297840160174637, -83.224786692184537
42.297827014231444, -83.224766895940675
42.297813817259176, -83.224747022853023
42.297801428530931, -83.224728366885785
42.297788516045813, -83.224708922202311
42.297775345722066, -83.224689089244194
42.297762038470260, -83.224669050088551
42.297749258377280, -83.224649804772042
42.297736299398991, -83.224630290075339
42.297722891284288, -83.224611833544884
42.297709382972030, -83.224593426613893
42.297695060186435, -83.224573909851117
42.297681248853110, -83.224555090012288
42.297667784046126, -83.224536742363213
42.297654107018282, -83.224518105534074
42.297640854583740, -83.224500047271619
42.297626573939148, -83.224480587931737
42.297612434876186, -83.224461321516273
42.297598172725124, -83.224441887376358
42.297584347900617, -83.224423049153955
42.297570711385774, -83.224404276427805
42.297557728095441, -83.224386388338900
42.297543459630809, -83.224366729565418
42.297529568258632, -83.224347590341523
42.297515732235354, -83.224328527376116
42.297502286954263, -83.224310002766615
42.297489255814881, -83.224292048752361
42.297475745435086, -83.224273434451320
42.297461383522325, -83.224253646927068
42.297447749095014, -83.224234861716099
42.297434429061418, -83.224216509669802
42.297421277753877, -83.224198474374234
42.297408141846134, -83.224180467849010
42.297394234084550, -83.224161403276952
42.297380304511641, -83.224142308806222
42.297366735790042, -83.224123708985601
42.297353166029815, -83.224105107741252
42.297340614724938, -83.224087902581758
42.297326930714910, -83.224069144725306
42.297313439890900, -83.224050651685658
42.297300482628295, -83.224032890044782
42.297287672555044, -83.224015330169081
42.297274986894195, -83.223997970579418
42.297261444022915, -83.223979446422149
42.297248742897274, -83.223962073618111
42.297235522837695, -83.223943991007886
42.297223457188700, -83.223927487419033
42.297210268004243, -83.223909447040285
42.297197304512558, -83.223891715367756
42.297184814729285, -83.223874631641209
42.297173121900990, -83.223858638002511
42.297160077670142, -83.223840795893651
42.297147809955810, -83.223824015916577
42.297135640273595, -83.223807249994167
42.297123153055132, -83.223789825968410
42.297109629977029, -83.223770956557104
42.297096984090160, -83.223753311133564
42.297084105862275, -83.223735341513262
42.297071727719391, -83.223718069685972
42.297058721352784, -83.223699921267453
42.297046034329654, -83.223682218444480
42.297032785015482, -83.223663731029362
42.297018801698648, -83.223644219424472
42.297006836924965, -83.223627524391418
42.296994962435186, -83.223610679909640
42.296983839160369, -83.223593361393156
42.296972251861483, -83.223575320408813
42.296960757420095, -83.223557424000063
42.296948259459143, -83.223537965149475
42.296935713949878, -83.223518432267966
42.296923478229047, -83.223499381715271
42.296911101180413, -83.223480111120566
42.296899846192829, -83.223462587532310
42.296888638753558, -83.223445137974963
42.296875926100796, -83.223425344857375
42.296863489671942, -83.223405664397461
42.296852158319588, -83.223385640500823
42.296841225407768, -83.223366320697764
42.296830298455539, -83.223347011426000
42.296820442646741, -83.223329594996756
42.296809834592892, -83.223310849257757
42.296799816294296, -83.223293145689013
42.296789843847982, -83.223275523146896
42.296778936963726, -83.223256249337723
42.296768382667729, -83.223237598595489
42.296758439167959, -83.223220027205471
42.296747400564797, -83.223200520632773
42.296737691987829, -83.223181443112793
42.296728081821698, -83.223161187839565
42.296719037794240, -83.223142125812473
42.296709203165939, -83.223121397442043
42.296699507743178, -83.223100962474078
42.296689751979962, -83.223080400326992
42.296679715855682, -83.223059247265056
42.296670597296391, -83.223040028147764
42.296660577963443, -83.223018910476796
42.296650737051927, -83.222998168863285
42.296640923656526, -83.222977485245295
42.296631392502270, -83.222956230048624
42.296623097974688, -83.222936065766049
42.296614116603983, -83.222914231744156
42.296605225548845, -83.222892617282525
42.296596619654956, -83.222871696057737
42.296587749969987, -83.222850133547738
42.296579453798550, -83.222829965268886
42.296570596877665, -83.222808433788813
42.296561436422984, -83.222786164407609
42.296552621468869, -83.222764734950189
42.296543833396683, -83.222743370843673
42.296535470086795, -83.222722816767458
42.296527108529496, -83.222701839527218
42.296518081131822, -83.222679191845330
42.296509505635797, -83.222657677881614
42.296500881236774, -83.222636041231439
42.296492394430842, -83.222614749770941
42.296484185374915, -83.222594155121868
42.296475391287252, -83.222572092761595
42.296466786259515, -83.222550504709545
42.296458185979645, -83.222528928568806
42.296449965149016, -83.222508304379701
42.296441632118636, -83.222487398706988
42.296432609089393, -83.222464761984511
42.296423472563525, -83.222441840524866
42.296414960696495, -83.222420486191780
42.296406533643257, -83.222399344637168
42.296398230344082, -83.222378513553281
42.296389456342581, -83.222356501584599
42.296380423245857, -83.222333839605099
42.296371559776723, -83.222311603182533
42.296362395992666, -83.222288613338321
42.296353767399815, -83.222266966166785
42.296345362537060, -83.222245694142913
42.296337253285714, -83.222224841782293
42.296328275906340, -83.222201757092492
42.296319371174455, -83.222178859210487
42.296310661507576, -83.222156462924232
42.296302097135658, -83.222134440253583
42.296293317062357, -83.222111862922233
42.296285415201815, -83.222091543852272
42.296276714685902, -83.222069171097090
42.296267934612601, -83.222046593765739
42.296259271634334, -83.222024317535912
42.296250555919983, -83.222001905698988
42.296241596270896, -83.221978866601333
42.296233092247803, -83.221956999113388
42.296224784026293, -83.221935635115230
42.296215984154287, -83.221913006872924
42.296207017598945, -83.221889950016333
42.296198277363359, -83.221867475124824
42.296189831483446, -83.221845757147904
42.296180966655335, -83.221822961875617
42.296172163703517, -83.221800325713787
42.296164054176749, -83.221779472644968
42.296155526923769, -83.221757370001782
42.296146695094201, -83.221734407244924
42.296137793764991, -83.221711263788961
42.296129452896245, -83.221689577530242
42.296120885128914, -83.221667301335174
42.296112001834999, -83.221644204770996
42.296103572156092, -83.221622287605825
42.296095764057263, -83.221601986548890
42.296087204487790, -83.221579731668257
42.296078397980509, -83.221556834749336
42.296069756406027, -83.221534362226691
42.296061061805787, -83.221511598182417
42.296052089519414, -83.221488107105372
42.296042996260859, -83.221464299301161
42.296034364071261, -83.221441698659305
42.296025564353528, -83.221418659398338
42.296016733201363, -83.221395537836301
42.296007851644120, -83.221372284304607
42.295999462681912, -83.221350320476290
42.295990732064958, -83.221327462133701
42.295981737233767, -83.221303912030237
42.295972642106882, -83.221280365417712
42.295963385985388, -83.221256563962442
42.295954016676227, -83.221232471453163
42.295945089033808, -83.221209514658369
42.295935986020950, -83.221186106911020
42.295926927625636, -83.221162813894509
42.295917966919276, -83.221139772078146
42.295909105498694, -83.221116985568074
42.295900270191119, -83.221094266205739
42.295891692725995, -83.221072209866861
42.295883338680817, -83.221050620158536
42.295874594398967, -83.221027567051820
42.295865639291200, -83.221003958131348
42.295856792207665, -83.220980634002032
42.295848311343669, -83.220958275360587
42.295839714942311, -83.220935612120641
42.295831116341986, -83.220912943083420
42.295823111370993, -83.220891839068983
42.295814705638350, -83.220869678501117
42.295805704627163, -83.220845948562513
42.295796719466850, -83.220822260412618
42.295788840610157, -83.220799574368598
42.295781526941738, -83.220777176259077
42.295773857264315, -83.220753687871976
42.295766236799203, -83.220730350197556
42.295758844471116, -83.220707711192802
42.295751378684670, -83.220684847221804
42.295743836879218, -83.220661750442616
42.295736046691673, -83.220637892993253
42.295728340365088, -83.220614292368097
42.295720823445862, -83.220591271802945
42.295713245461734, -83.220568007565447
42.295706789805323, -83.220544074400237
42.295700779524587, -83.220521792383849
42.295694684107559, -83.220499194740214
42.295688230707775, -83.220475269941019
42.295681702292313, -83.220451067034929
42.295675414720264, -83.220427757011720
42.295669082289251, -83.220404280682089
42.295662640104212, -83.220380397459508
42.295656341385801, -83.220357046113207
42.295650387657446, -83.220334973754433
42.295644138658055, -83.220310827874940
42.295639021113544, -83.220286039768723
42.295634170985046, -83.220262546958807
42.295629351843516, -83.220239204242034
42.295624534462014, -83.220215870050367
42.295619823694906, -83.220193052272194
42.295614698736991, -83.220168228257279
42.295609625299583, -83.220143653794864
42.295604544448778, -83.220119043423765
42.295599621359550, -83.220095197210298
42.295594551868852, -83.220070641864751
42.295590200923883, -83.220046073343795
42.295587043527675, -83.220023253980315
42.295583550638419, -83.219998009917049
42.295580049940178, -83.219972709416112
42.295576651931917, -83.219948151083685
42.295573303527206, -83.219923951249669
42.295569955709091, -83.219899755655092
42.295566563713386, -83.219875240777029
42.295563271768003, -83.219851448989957
42.295559848536357, -83.219826708361239
42.295556282066663, -83.219800932512101
42.295554056304709, -83.219774575296356
42.295552698614514, -83.219749986018442
42.295551312294300, -83.219724878219040
42.295549960381138, -83.219700393569411
42.295548715050266, -83.219677839243730
42.295547303521232, -83.219652274884538
42.295545939438803, -83.219627569836106
42.295544566518281, -83.219602704719989
42.295543270784776, -83.219579237546483
42.295541963002051, -83.219555552148250
42.295540569554348, -83.219530315262006
42.295540214325001, -83.219508426450005
42.295540602220001, -83.219487480120009
42.295541064369999, -83.219462524020003
42.295541493344999, -83.219439359370000
42.295541923875000, -83.219416110750004
42.295542331059998, -83.219394122760008
42.295542764700002, -83.219370706199996
42.295543175859997, -83.219348503559999
42.295543650705000, -83.219322861929996
42.295544113759995, -83.219297856959997
42.295544586969996, -83.219272303620002
42.295545378957399, -83.219246631489781
42.295547935639185, -83.219223905429416
42.295550694100008, -83.219199385777685
42.295553063149640, -83.219178327558765
42.295555675704115, -83.219155104852291
42.295558193608592, -83.219132723479163
42.295560535823846, -83.219111903788047
42.295563056408781, -83.219089498588616
42.295565494256863, -83.219067828827846
42.295567871139390, -83.219046700983156
42.295570651788459, -83.219021984102554
42.295573216273368, -83.218999188681181
42.295576309581904, -83.218976743179226
42.295580726572730, -83.218954515741501
42.295585457642090, -83.218930707779577
42.295589631750346, -83.218909702589642
42.295593593769063, -83.218889764689010
42.295598172474939, -83.218866723459428
42.295602406257601, -83.218845417972489
42.295606673003270, -83.218823946607202
42.295611440083931, -83.218799957427095
42.295615756790760, -83.218778234644319
42.295620352856467, -83.218755106055596
42.295624822391773, -83.218732614200519
42.295630223308471, -83.218708020014446
42.295635955902704, -83.218683338011488
42.295641180172005, -83.218660844629781
42.295646529859567, -83.218637811252762
42.295651809158102, -83.218615080939657
42.295657468944434, -83.218590712415164
42.295663072673520, -83.218566585248269
42.295668579406033, -83.218542875705495
42.295674261445946, -83.218518411366986
42.295680047557617, -83.218493498941740
42.295685329335484, -83.218470757953696
42.295691085265432, -83.218447093047118
42.295697223826330, -83.218422215721361
42.295703428176751, -83.218397071774930
42.295709354552208, -83.218373054358580
42.295715202030905, -83.218349356681756
42.295721212938616, -83.218324996687357
42.295727127853148, -83.218301025717935
42.295732739907955, -83.218278282127415
42.295738504943962, -83.218254918560433
42.295744522057035, -83.218230533417980
42.295750508418244, -83.218206203473130
42.295756184531662, -83.218182425160151
42.295761926721099, -83.218158370042232
42.295767724096251, -83.218134083740935
42.295773282374107, -83.218110799063425
42.295778648725602, -83.218088318401740
42.295784474672509, -83.218063912407942
42.295790146258504, -83.218040153061224
42.295795984686436, -83.218015694782054
42.295801666306190, -83.217991893401987
42.295807226603038, -83.217968600266559
42.295812657116954, -83.217945763073772
42.295818288248014, -83.217921674346442
42.295824158831898, -83.217896561293159
42.295830009676372, -83.217871532680689
42.295835570069563, -83.217847746554270
42.295841129982762, -83.217823962481120
42.295846758713900, -83.217799884020138
42.295852484282136, -83.217775391311591
42.295857849501182, -83.217752440096788
42.295863355835991, -83.217728885220112
42.295869193960847, -83.217703911019328
42.295874945446300, -83.217679216365440
42.295880461300598, -83.217655467548340
42.295885982492969, -83.217631695747855
42.295891358777503, -83.217608547856102
42.295896775367531, -83.217585226426820
42.295902280845560, -83.217561522285308
42.295908002545751, -83.217536887187279
42.295913665287166, -83.217512505939524
42.295919349620803, -83.217488031725239
42.295924840344142, -83.217464391110866
42.295930245118427, -83.217441120554923
42.295935487286442, -83.217418189272991
42.295941007223689, -83.217393901549102
42.295946554410236, -83.217369493928302
42.295952283706107, -83.217344285026471
42.295957624918316, -83.217320783692770
42.295963110896054, -83.217296645390704
42.295968675295754, -83.217272162032032
42.295974142659951, -83.217248105629579
42.295979242479561, -83.217225666423261
42.295984776770830, -83.217201315541686
42.295990491506195, -83.217176142620033
42.295995916446699, -83.217151962885197
42.296001408752780, -83.217127482892394
42.296006810771495, -83.217103405323257
42.296012425385449, -83.217078380186777
42.296017788209653, -83.217054477313184
42.296023106590077, -83.217030772531857
42.296028598896157, -83.217006292539054
42.296034225000163, -83.216981216189737
42.296039843463582, -83.216956173895653
42.296045460468868, -83.216931138100676
42.296050825184103, -83.216906973425409
42.296056217610605, -83.216882390304605
42.296061501905207, -83.216858300138014
42.296066834428451, -83.216833990105584
42.296071896281923, -83.216810914008875
42.296077192647857, -83.216786768811247
42.296082785639754, -83.216761271348190
42.296088290391943, -83.216736176154384
42.296093560745014, -83.216712149544790
42.296098794374046, -83.216688290353616
42.296104282917781, -83.216663269051267
42.296109750945689, -83.216638960097654
42.296115051600587, -83.216615485768799
42.296120262435629, -83.216592409213618
42.296125930477096, -83.216567307887161
42.296131627739172, -83.216542077155097
42.296137050234130, -83.216518063248856
42.296142331758567, -83.216494673640625
42.296147934418173, -83.216469861862393
42.296153604850936, -83.216444749945850
42.296158981502771, -83.216420939059148
42.296164329648185, -83.216397254415185
42.296169846802208, -83.216372821304518
42.296175498303263, -83.216347793228394
42.296181144029092, -83.216322790728299
42.296186929352174, -83.216297170011799
42.296192468965423, -83.216272637438834
42.296198143859087, -83.216247505766901
42.296203679680524, -83.216222989986264
42.296209389983936, -83.216197701499723
42.296215165214946, -83.216172125476689
42.296220808549009, -83.216147133568683
42.296226602200647, -83.216121475968578
42.296232288302122, -83.216096294662051
42.296237701522983, -83.216072321826786
42.296243039727941, -83.216048681204853
42.296248554214458, -83.216024259907400
42.296254238390951, -83.215999087125795
42.296259863768029, -83.215974174741589
42.296265438512286, -83.215949486588471
42.296270914849188, -83.215925234239322
42.296276332328347, -83.215901242545911
42.296281959121941, -83.215876564891659
42.296287643370675, -83.215852091042919
42.296293246306959, -83.215827967289485
42.296298859709800, -83.215803798471697
42.296304685710830, -83.215778714300598
42.296310608330899, -83.215753214130856
42.296316550311076, -83.215727630605102
42.296322128018716, -83.215703615474979
42.296327964425799, -83.215678486500025
42.296333713107401, -83.215653735232038
42.296339438980368, -83.215629082167865
42.296344927117168, -83.215604846576355
42.296350149470875, -83.215581719009947
42.296355603173112, -83.215557566900031
42.296361158657149, -83.215532964042154
42.296366749204495, -83.215508205903902
42.296372237970040, -83.215483898513625
42.296377475920281, -83.215460701876864
42.296382865792275, -83.215436832443757
42.296388269816674, -83.215412900335693
42.296393705149661, -83.215388829575303
42.296399016309500, -83.215365411713066
42.296404751999468, -83.215340875705991
42.296410590613526, -83.215315899412516
42.296416200787775, -83.215291900333796
42.296421704673207, -83.215268355934981
42.296427504893522, -83.215243543881442
42.296433198764937, -83.215219186764813
42.296438880319116, -83.215194882338608
42.296444317270847, -83.215171624267313
42.296450073629750, -83.215146999843114
42.296455877274852, -83.215122173139065
42.296461481602158, -83.215097499456959
42.296466956660915, -83.215072861692548
42.296472369412811, -83.215048504309024
42.296477745695178, -83.215024311038377
42.296483194059157, -83.214999793400452
42.296488738855878, -83.214974841815206
42.296494033167562, -83.214951017412631
42.296499226302039, -83.214927648307494
42.296504624591876, -83.214903356003205
42.296510167502241, -83.214878412906558
42.296515753511734, -83.214853408836504
42.296521025260503, -83.214830616275648
42.296526515576979, -83.214806878730911
42.296531951662367, -83.214783375655841
42.296537381684303, -83.214759898796302
42.296542739228116, -83.214736735298032
42.296548052287712, -83.214713764128618
42.296553385747714, -83.214690704757430
42.296558688097093, -83.214667779893929
42.296564229527924, -83.214643821354770
42.296569669296716, -83.214620302354390
42.296575005653331, -83.214597371630006
42.296579874079995, -83.214576528678336
42.296584892426665, -83.214555043881674
42.296590071093334, -83.214532872714997
42.296595210400000, -83.214510870058334
42.296600196373333, -83.214489523859996
42.296605364533335, -83.214467397674994
42.296610290239997, -83.214446309493326
42.296615332160002, -83.214424723773334
42.296620579839995, -83.214402257143334
42.296625800585325, -83.214379882534502
42.296630513134865, -83.214359569820971
42.296635300455328, -83.214338934818983
42.296639948432180, -83.214318900435998
42.296644668086650, -83.214298557097763
42.296649427277394, -83.214278043344564
42.296654193669731, -83.214257498550012
42.296658914870847, -83.214237148545180
42.296663652746801, -83.214216726666066
42.296668378684544, -83.214196356244770
42.296673119702135, -83.214175920824118
42.296677354274252, -83.214157369720581
42.296681597751281, -83.214138763705918
42.296685749782760, -83.214120558644822
42.296689670644717, -83.214103367173166
42.296693643178344, -83.214085949141108
42.296697758958040, -83.214067903030113
42.296701903601722, -83.214049730361680
42.296706163271779, -83.214031053346815
42.296710338153908, -83.214012748094390
42.296714450755140, -83.213994715919782
42.296718247874274, -83.213977525200406
42.296721779797679, -83.213960828835226
42.296725357662119, -83.213943915294237
42.296728817502462, -83.213927559685345
42.296732228945224, -83.213911432865018
42.296735636208190, -83.213895325803705
42.296739121860575, -83.213878848174261
42.296742674829595, -83.213862052320721
42.296746239751350, -83.213845199963345
42.296749889735516, -83.213827945492724
42.296753297585120, -83.213811835658220
42.296756515922027, -83.213797026758698
42.296759775093840, -83.213782034568354
42.296763062921258, -83.213766910562214
42.296766315770007, -83.213751947457993
42.296769614898224, -83.213736771468163
42.296772873531907, -83.213721781753236
42.296776002374514, -83.213707389077229
42.296779167877467, -83.213692827763651
42.296782436130286, -83.213677793800699
42.296785643506752, -83.213663039868962
42.296788697692016, -83.213649080884522
42.296791610765055, -83.213635810218463
42.296794527737511, -83.213622521788395
42.296797272445801, -83.213610018117279
42.296800220163639, -83.213596589624885
42.296803124597979, -83.213583358312917
42.296805947714510, -83.213570497448714
42.296808722898234, -83.213557854945094
42.296811424622973, -83.213545547087932
42.296814290273126, -83.213532492459464
42.296817073260179, -83.213519877655202
42.296819447327209, -83.213509431760286
42.296821758898567, -83.213499260846291
42.296824028219689, -83.213489275833354
42.296826309336190, -83.213479238920769
42.296828463751524, -83.213469759493293
42.296830762511519, -83.213459644949296
42.296833176400327, -83.213449023838550
42.296835451396113, -83.213439013857098
42.296837739203269, -83.213428947505633
42.296840054417316, -83.213418760563798
42.296842153735156, -83.213409452719006
42.296843735486732, -83.213402262939084
42.296845476967476, -83.213394347117529
42.296847231638729, -83.213386371339098
42.296848939930442, -83.213378606376793
42.296850624135125, -83.213370950900952
42.296852195730196, -83.213363807286996
42.296853874329372, -83.213356177290720
42.296855637029637, -83.213348165016811
42.296857311373813, -83.213340554361466
42.296858979816484, -83.213332970531155
42.296860365314579, -83.213326558948239
42.296861403526265, -83.213321516205781
42.296862495643680, -83.213316211635473
42.296863565477736, -83.213311015298629
42.296864613214510, -83.213305926291454
42.296865643796814, -83.213300920605974
42.296866656364017, -83.213296002422396
42.296867728198457, -83.213290796369407
42.296868808418232, -83.213285549587638
42.296869836709398, -83.213280555030536
42.296870925128431, -83.213275268423814
42.296871819046672, -83.213271019051646
42.296872429871812, -83.213268423044823
42.296873052853691, -83.213265775371823
42.296873664440689, -83.213263176127072
42.296874286230086, -83.213260533522146
42.296874902428037, -83.213257914680852
42.296875461585344, -83.213255538262288
42.296876077783296, -83.213252919420981
42.296876710695948, -83.213250229542226
42.296877338832026, -83.213247559963904
42.296877932399219, -83.213245037303324
42.296878387552546, -83.213243008018040
42.296878535155976, -83.213242122397475
42.296878685244828, -83.213241221864394
42.296878841056312, -83.213240286995457
42.296878992593740, -83.213239377770890
42.296879141112321, -83.213238486659407
42.296879285506868, -83.213237620292119
42.296879432291824, -83.213236739582399
42.296879591462215, -83.213235784560041
42.296879739502380, -83.213234896319037
42.296879892391708, -83.213233978983098
42.296880000000002, -83.213233333333335
42.296880000000002, -83.213233333333335
42.296880000000002, -83.213233333333335
42.296880000000002, -83.213233333333335
42.296880000000002, -83.213233333333335
42.296880000000002, -83.213233333333335
42.296880000000002, -83.213233333333335
42.296880000000002, -83.213233333333335
42.296880000000002, -83.213233333333335
42.296880000000002, -83.213233333333335
42.296880000000002, -83.213233333333335
42.296880000000002, -83.213233333333335
42.296880000000002, -83.213233333333335
42.296880000000002, -83.213233333333335
42.296880000000002, -83.213233333333335
42.296880000000002, -83.213233333333335
42.296880000000002, -83.213233333333335
42.296880000000002, -83.213233333333335
42.296880000000002, -83.213233333333335
42.296880000000002, -83.213233333333335
