segId: 1,laneNum: 2
lineType: 1,1,0
connectInfo: 1,2
-3.48321985487180,-15.20658004336553,-10.32344494806005,-31.73048160918285,15.64093074541755,30.99154615042561,-29.44759554834940,-77.92860780297400,
segId: 2,laneNum: 2
lineType: 0,0,0
connectInfo: 1,2
-10.32344494806005,-31.73048160918285,-25.32102788008000,-36.50796290871909,37.31777221133932,-16.55436789153590,-72.96224503947937,-51.68407662636604,
segId: 3,laneNum: 2
lineType: 1,0,1
connectInfo: 1,2
-25.32102788008000,-36.50796290871909,-39.52033926299497,-31.28022984018855,21.59997737207012,-53.78277885933633,-86.44134451514509,-14.00541388957131,
segId: 4,laneNum: 2
lineType: 1,0,1
connectInfo: 1,2
-39.52033926299497,-31.28022984018855,-59.47682672076061,-25.20664162562554,8.31343845390813,-45.83803562711621,-107.31060443766370,-10.64883583869789,
segId: 5,laneNum: 2
lineType: 1,0,1
connectInfo: 1,2
-59.47682672076061,-25.20664162562554,-83.05921029614365,-18.52288469903357,-11.37160424426858,-38.84070083362393,-131.16443277263568,-4.88882549103517,
segId: 6,laneNum: 2
lineType: 1,0,1
connectInfo: 1,2
-83.05921029614365,-18.52288469903357,-126.94380093149591,-6.72250516454994,-34.77436379967051,-31.50647429559837,-175.22864742796907,6.26108443201486,
segId: 7,laneNum: 2
lineType: 1,0,1
connectInfo: 1,2
-126.94380093149591,-6.72250516454994,-165.49465338350203,5.99069235810845,-79.45922299653563,-22.38184290082358,-212.97923131846230,21.65003009438208,
segId: 8,laneNum: 2
lineType: 1,0,1
connectInfo: 1,2
-165.49465338350203,5.99069235810845,-206.25774116198858,18.38388756106724,-117.65672424063354,-8.55346575853392,-254.09567030485707,32.92804567770961,
segId: 9,laneNum: 2
lineType: 1,0,1
connectInfo: 1,2
-206.25774116198858,18.38388756106724,-240.29515046105439,28.26801338870155,-158.24129766158205,4.44038894801218,-288.31159396146091,42.21151200175660,
segId: 10,laneNum: 2
lineType: 1,0,1
connectInfo: 1,2
-240.29515046105439,28.26801338870155,-275.85887874517658,38.04097984252138,-192.08243506700791,15.01908609881604,-324.07159413922307,51.28990713240688,
segId: 11,laneNum: 2
lineType: 1,0,1
connectInfo: 1,2
-275.85887874517658,38.04097984252138,-309.68680931190954,48.39302163216502,-228.04751750617385,23.40972096047073,-357.49817055091228,63.02428051421567,
segId: 12,laneNum: 2
lineType: 1,0,1
connectInfo: 1,2
-309.68680931190954,48.39302163216502,-339.68532407976573,59.78321982505605,-262.94285247880072,30.64471186519113,-386.42928091287456,77.53152959202994,
segId: 13,laneNum: 2
lineType: 1,0,1
connectInfo: 1,2
-339.68532407976573,59.78321982505605,-377.40560484668936,70.22238754607884,-291.49670475606212,46.44691720119599,-425.59422417039298,83.55869016993890,
segId: 14,laneNum: 2
lineType: 1,0,1
connectInfo: 1,2
-377.40560484668936,70.22238754607884,-410.54864144009548,80.07955741827459,-329.48030194053547,55.96877953430172,-458.47394434624937,94.33316543005171,
segId: 15,laneNum: 2
lineType: 1,0,1
connectInfo: 1,2
-410.54864144009548,80.07955741827459,-436.15573490435395,86.88869426720487,-362.22778249183250,67.23064343684909,-484.47659385261693,99.73760824863037,
segId: 16,laneNum: 2
lineType: 1,0,1
connectInfo: 1,2
-436.15573490435395,86.88869426720487,-460.48779091010044,94.54887100894865,-388.46332010837625,71.87424885858567,-508.18020570607814,109.56331641756785,
segId: 17,laneNum: 2
lineType: 1,0,1
connectInfo: 1,2
-460.48779091010044,94.54887100894865,-480.85638358096668,101.93924857956688,-413.48598961564949,77.49511262327455,-527.85818487541758,118.99300696524098,
segId: 18,laneNum: 2
lineType: 1,0,1
connectInfo: 1,2
-480.85638358096668,101.93924857956688,-496.81563223420585,107.27959546889963,-433.44060938848992,86.07279473102038,-544.23140642668261,123.14604931744613,
segId: 19,laneNum: 2
lineType: 0,0,0
connectInfo: 1,2
-496.81563223420585,107.27959546889963,-504.84649703560717,121.55814816992432,-472.30447399956608,63.69974780972978,-529.35765527024694,165.13799582909417,
segId: 20,laneNum: 2
lineType: 1,0,1
connectInfo: -1,-1
-504.84649703560717,121.55814816992432,-502.24680685802349,129.28296593105159,-520.79447231818654,74.16973097345914,-486.29883157544407,176.67138312751678,
