   513,
   489,
   303,
   561,
   505,
   534,
   313,
   488,
   510,
   504,
   506,
   533,
   737,
   283,
   297,
   302,
   512,
   518,
   520,
   560,
   718,
   321,
   517,
   769,
   343,
   529,
   342,
   566,
   590,
   550,
  1119,
   227,
   312,
   509,
   535,
   975,
   280,
   305,
   496,
   540,
   654,
   742,
  1291,
  1314,
   104,
   252,
   317,
   487,
   494,
   565,
   717,
   743,
  1043,
   263,
   288,
   314,
   326,
   327,
   338,
   492,
   493,
   558,
   593,
   712,
   713,
   768,
   879,
   941,
   952,
  1144,
  1478,
    93,
   121,
   174,
   181,
   196,
   272,
   318,
   412,
   431,
   547,
   553,
   564,
   585,
   672,
   709,
   722,
   904,
  1164,
  1235,
  1307,
  1309,
  1325,
  1564,
    60,
   132,
   238,
   374,
   409,
   421,
   503,
   541,
   562,
   572,
   575,
   588,
   759,
   892,
   990,
  1019,
  1057,
  1062,
  1075,
  1110,
  1189,
  1336,
  1346,
  1362,
  1486,
    21,
    36,
    58,
   220,
   269,
   276,
   295,
   319,
   370,
   410,
   491,
   559,
   569,
   595,
   609,
   616,
   668,
   678,
   684,
   692,
   729,
   745,
   749,
   758,
   773,
   802,
   906,
   932,
   948,
   986,
   997,
   999,
  1002,
  1037,
  1048,
  1190,
  1195,
  1206,
  1256,
  1261,
  1334,
  1411,
  1454,
  1506,
    16,
    25,
    42,
    48,
    56,
    94,
   187,
   197,
   199,
   209,
   216,
   217,
   232,
   268,
   281,
   294,
   325,
   341,
   373,
   398,
   477,
   478,
   516,
   532,
   538,
   556,
   576,
   584,
   614,
   625,
   721,
   727,
   753,
   756,
   772,
   788,
   832,
   850,
   870,
   884,
   894,
   960,
   964,
   966,
   988,
  1034,
  1059,
  1128,
  1138,
  1160,
  1163,
  1255,
  1258,
  1279,
  1283,
  1323,
  1385,
  1398,
  1459,
  1466,
  1468,
  1501,
  1522,
  1550,
  1559,
     7,
    83,
   113,
   139,
   144,
   205,
   241,
   249,
   255,
   259,
   285,
   290,
   311,
   351,
   364,
   385,
   387,
   390,
   411,
   473,
   482,
   486,
   499,
   515,
   519,
   521,
   528,
   555,
   563,
   567,
   570,
   606,
   627,
   642,
   643,
   653,
   676,
   685,
   696,
   736,
   741,
   748,
   751,
   752,
   754,
   767,
   770,
   774,
   795,
   808,
   809,
   812,
   857,
   859,
   861,
   887,
   930,
   933,
   943,
   962,
   963,
   981,
   985,
  1009,
  1042,
  1047,
  1079,
  1088,
  1093,
  1097,
  1109,
  1198,
  1213,
  1220,
  1221,
  1224,
  1234,
  1259,
  1265,
  1273,
  1282,
  1376,
  1382,
  1397,
  1415,
  1421,
  1431,
  1433,
  1439,
  1461,
  1474,
  1480,
  1488,
  1507,
  1519,
    14,
    30,
    53,
    59,
    62,
    72,
    95,
   136,
   150,
   180,
   190,
   213,
   230,
   236,
   265,
   271,
   286,
   307,
   322,
   344,
   345,
   348,
   350,
   394,
   397,
   404,
   407,
   429,
   439,
   440,
   467,
   479,
   481,
   524,
   526,
   530,
   543,
   568,
   573,
   582,
   596,
   607,
   608,
   624,
   626,
   658,
   707,
   744,
   763,
   785,
   797,
   801,
   804,
   810,
   820,
   821,
   822,
   860,
   874,
   878,
   900,
   909,
   912,
   913,
   925,
   934,
   979,
   984,
  1006,
  1011,
  1016,
  1017,
  1033,
  1073,
  1086,
  1145,
  1173,
  1181,
  1182,
  1215,
  1216,
  1247,
  1250,
  1263,
  1281,
  1298,
  1305,
  1313,
  1324,
  1327,
  1345,
  1349,
  1420,
  1425,
  1435,
  1436,
  1451,
  1465,
  1532,
  1557,
  1558,
     1,
    22,
    24,
    34,
    67,
    71,
    84,
    86,
    91,
    97,
   109,
   125,
   128,
   152,
   153,
   160,
   175,
   178,
   218,
   221,
   247,
   266,
   270,
   282,
   284,
   287,
   306,
   336,
   367,
   376,
   393,
   402,
   422,
   430,
   434,
   436,
   445,
   458,
   461,
   462,
   464,
   474,
   484,
   498,
   525,
   539,
   546,
   589,
   592,
   601,
   602,
   628,
   633,
   638,
   656,
   669,
   670,
   704,
   708,
   766,
   776,
   781,
   818,
   825,
   840,
   849,
   855,
   862,
   881,
   889,
   895,
   903,
   916,
   927,
   928,
   931,
   935,
   949,
   972,
  1000,
  1001,
  1005,
  1076,
  1087,
  1090,
  1095,
  1111,
  1132,
  1141,
  1142,
  1147,
  1154,
  1157,
  1200,
  1218,
  1226,
  1227,
  1232,
  1237,
  1251,
  1297,
  1303,
  1306,
  1338,
  1343,
  1355,
  1373,
  1381,
  1414,
  1419,
  1426,
  1432,
  1446,
  1476,
  1503,
  1514,
  1517,
  1518,
  1526,
  1545,
  1552,
     6,
    23,
    26,
    27,
    33,
    37,
    49,
    51,
    54,
    55,
    64,
    65,
    79,
    80,
    87,
    88,
   138,
   141,
   165,
   166,
   173,
   189,
   191,
   198,
   208,
   210,
   254,
   260,
   291,
   310,
   328,
   329,
   335,
   337,
   347,
   360,
   361,
   382,
   388,
   396,
   400,
   413,
   426,
   437,
   450,
   463,
   476,
   480,
   502,
   511,
   514,
   536,
   544,
   578,
   580,
   599,
   644,
   651,
   661,
   671,
   675,
   682,
   689,
   699,
   710,
   725,
   739,
   747,
   760,
   762,
   775,
   791,
   792,
   793,
   816,
   817,
   819,
   826,
   828,
   833,
   842,
   871,
   901,
   902,
   917,
   918,
   937,
   940,
   947,
   961,
   967,
   968,
   987,
   991,
   998,
  1003,
  1007,
  1028,
  1036,
  1091,
  1092,
  1114,
  1117,
  1127,
  1129,
  1133,
  1146,
  1149,
  1162,
  1165,
  1174,
  1180,
  1196,
  1202,
  1211,
  1212,
  1214,
  1219,
  1222,
  1238,
  1248,
  1254,
  1264,
  1266,
  1276,
  1280,
  1290,
  1296,
  1315,
  1316,
  1335,
  1339,
  1358,
  1360,
  1361,
  1363,
  1375,
  1402,
  1423,
  1437,
  1445,
  1450,
  1452,
  1458,
  1467,
  1473,
  1479,
  1482,
  1485,
  1489,
  1496,
  1498,
  1500,
  1512,
  1515,
  1516,
  1529,
  1534,
  1553,
  1555,
  1565,
  1566,
     0,
    11,
    12,
    13,
    17,
    28,
    38,
    44,
    46,
    57,
    63,
    92,
   103,
   106,
   108,
   118,
   119,
   123,
   130,
   137,
   168,
   185,
   186,
   214,
   219,
   222,
   226,
   235,
   242,
   250,
   253,
   292,
   298,
   300,
   332,
   339,
   354,
   359,
   363,
   375,
   399,
   415,
   419,
   424,
   442,
   448,
   449,
   451,
   456,
   466,
   469,
   471,
   475,
   501,
   507,
   522,
   554,
   579,
   583,
   594,
   597,
   604,
   610,
   618,
   620,
   635,
   648,
   652,
   655,
   657,
   662,
   664,
   667,
   677,
   681,
   688,
   694,
   700,
   701,
   705,
   715,
   724,
   735,
   764,
   771,
   778,
   787,
   799,
   811,
   813,
   823,
   824,
   827,
   836,
   837,
   838,
   846,
   863,
   869,
   873,
   886,
   888,
   896,
   908,
   926,
   936,
   942,
   946,
   971,
   973,
   976,
   983,
  1012,
  1014,
  1032,
  1040,
  1041,
  1044,
  1051,
  1055,
  1063,
  1077,
  1085,
  1102,
  1158,
  1194,
  1201,
  1207,
  1209,
  1223,
  1225,
  1228,
  1229,
  1233,
  1242,
  1243,
  1245,
  1267,
  1268,
  1275,
  1294,
  1299,
  1302,
  1304,
  1310,
  1318,
  1319,
  1330,
  1331,
  1340,
  1348,
  1364,
  1365,
  1367,
  1384,
  1389,
  1399,
  1403,
  1406,
  1417,
  1418,
  1427,
  1428,
  1443,
  1455,
  1470,
  1484,
  1490,
  1511,
  1523,
  1525,
  1528,
  1531,
  1544,
  1556,
     4,
     8,
    15,
    20,
    39,
    41,
    50,
    66,
    70,
    81,
    89,
    96,
    98,
   111,
   115,
   129,
   131,
   133,
   146,
   151,
   154,
   171,
   176,
   183,
   215,
   224,
   228,
   231,
   240,
   243,
   245,
   256,
   273,
   274,
   275,
   289,
   299,
   308,
   323,
   330,
   331,
   355,
   357,
   379,
   383,
   386,
   408,
   427,
   432,
   438,
   443,
   446,
   465,
   490,
   508,
   537,
   542,
   545,
   581,
   586,
   605,
   613,
   619,
   632,
   634,
   640,
   641,
   646,
   649,
   680,
   683,
   687,
   698,
   703,
   706,
   716,
   719,
   720,
   726,
   730,
   734,
   757,
   779,
   782,
   783,
   789,
   794,
   803,
   841,
   843,
   845,
   854,
   856,
   858,
   868,
   877,
   882,
   883,
   924,
   929,
   939,
   951,
   956,
   958,
   969,
   977,
   980,
   982,
   989,
   992,
   995,
  1022,
  1026,
  1035,
  1038,
  1046,
  1061,
  1067,
  1071,
  1078,
  1084,
  1089,
  1101,
  1107,
  1112,
  1113,
  1122,
  1125,
  1139,
  1148,
  1150,
  1151,
  1155,
  1169,
  1172,
  1178,
  1184,
  1192,
  1210,
  1217,
  1244,
  1271,
  1329,
  1350,
  1351,
  1352,
  1356,
  1377,
  1390,
  1392,
  1393,
  1395,
  1408,
  1413,
  1422,
  1424,
  1434,
  1441,
  1442,
  1453,
  1463,
  1464,
  1475,
  1481,
  1491,
  1492,
  1493,
  1508,
  1509,
  1510,
  1521,
  1533,
  1537,
  1538,
  1543,
  1547,
  1551,
  1554,
  1560,
  1563,
    19,
    29,
    35,
    74,
    76,
    78,
    85,
   100,
   110,
   114,
   116,
   120,
   127,
   134,
   156,
   158,
   177,
   179,
   202,
   212,
   223,
   229,
   237,
   239,
   257,
   258,
   277,
   296,
   304,
   309,
   316,
   334,
   356,
   366,
   368,
   372,
   378,
   384,
   406,
   416,
   417,
   418,
   425,
   435,
   452,
   483,
   485,
   495,
   549,
   552,
   557,
   574,
   587,
   591,
   611,
   617,
   621,
   631,
   660,
   666,
   691,
   697,
   711,
   714,
   723,
   732,
   738,
   746,
   777,
   798,
   814,
   829,
   830,
   847,
   852,
   864,
   890,
   891,
   899,
   905,
   907,
   910,
   911,
   914,
   920,
   921,
   922,
   923,
   965,
   974,
   993,
   994,
  1004,
  1008,
  1018,
  1021,
  1025,
  1030,
  1031,
  1054,
  1058,
  1064,
  1074,
  1100,
  1103,
  1104,
  1108,
  1123,
  1159,
  1185,
  1186,
  1187,
  1191,
  1204,
  1205,
  1208,
  1240,
  1241,
  1253,
  1269,
  1270,
  1272,
  1289,
  1292,
  1293,
  1301,
  1317,
  1322,
  1328,
  1333,
  1341,
  1347,
  1353,
  1357,
  1370,
  1387,
  1416,
  1430,
  1449,
  1460,
  1462,
  1477,
  1483,
  1487,
  1494,
  1497,
  1527,
  1536,
  1562,
  1567,
     2,
     3,
    10,
    31,
    90,
    99,
   105,
   112,
   117,
   122,
   135,
   143,
   145,
   147,
   148,
   155,
   159,
   167,
   169,
   192,
   194,
   195,
   204,
   211,
   244,
   246,
   267,
   293,
   315,
   320,
   340,
   346,
   352,
   353,
   369,
   371,
   377,
   389,
   391,
   395,
   428,
   444,
   447,
   457,
   460,
   472,
   497,
   500,
   571,
   577,
   598,
   603,
   622,
   629,
   659,
   663,
   665,
   686,
   695,
   702,
   728,
   750,
   761,
   780,
   786,
   815,
   831,
   835,
   839,
   851,
   853,
   866,
   875,
   876,
   880,
   893,
   898,
   919,
   938,
   996,
  1020,
  1023,
  1039,
  1052,
  1065,
  1069,
  1070,
  1072,
  1080,
  1081,
  1094,
  1099,
  1106,
  1115,
  1130,
  1135,
  1137,
  1140,
  1143,
  1156,
  1161,
  1170,
  1203,
  1257,
  1278,
  1284,
  1308,
  1311,
  1320,
  1332,
  1337,
  1344,
  1368,
  1369,
  1371,
  1383,
  1401,
  1405,
  1407,
  1440,
  1471,
  1504,
  1513,
  1524,
  1546,
     9,
    18,
    32,
    40,
    43,
    47,
    52,
    61,
    68,
    69,
    73,
    75,
    77,
    82,
   102,
   126,
   142,
   149,
   161,
   164,
   184,
   188,
   201,
   233,
   234,
   248,
   261,
   264,
   279,
   301,
   333,
   349,
   358,
   362,
   403,
   405,
   414,
   420,
   433,
   441,
   470,
   523,
   531,
   548,
   600,
   615,
   623,
   636,
   637,
   639,
   650,
   733,
   784,
   800,
   805,
   806,
   848,
   885,
   897,
   915,
   945,
   954,
   978,
  1010,
  1013,
  1024,
  1045,
  1049,
  1053,
  1082,
  1096,
  1105,
  1118,
  1131,
  1134,
  1166,
  1171,
  1177,
  1179,
  1183,
  1188,
  1193,
  1197,
  1199,
  1231,
  1239,
  1249,
  1260,
  1262,
  1287,
  1300,
  1342,
  1359,
  1366,
  1372,
  1380,
  1388,
  1394,
  1396,
  1409,
  1410,
  1457,
  1469,
  1472,
  1499,
  1520,
  1540,
  1541,
  1548,
  1549,
  1561,
     5,
   101,
   107,
   124,
   157,
   162,
   193,
   203,
   207,
   225,
   278,
   324,
   380,
   392,
   401,
   423,
   454,
   455,
   459,
   468,
   612,
   630,
   645,
   647,
   679,
   690,
   731,
   755,
   765,
   796,
   834,
   844,
   872,
   950,
   970,
  1029,
  1050,
  1083,
  1116,
  1126,
  1136,
  1152,
  1167,
  1168,
  1236,
  1285,
  1295,
  1354,
  1404,
  1429,
  1438,
  1444,
  1447,
  1448,
  1456,
  1502,
  1530,
  1535,
  1542,
    45,
   163,
   170,
   172,
   182,
   206,
   262,
   381,
   527,
   551,
   807,
   865,
   867,
  1027,
  1060,
  1068,
  1098,
  1120,
  1153,
  1274,
  1277,
  1288,
  1312,
  1321,
  1326,
  1386,
  1391,
  1400,
  1412,
  1495,
  1505,
   140,
   200,
   251,
   365,
   674,
   693,
   790,
   944,
   953,
   955,
   959,
  1015,
  1056,
  1066,
  1121,
  1124,
  1175,
  1176,
  1246,
  1252,
  1286,
  1374,
   453,
   673,
  1230,
  1378,
  1539,
   957,
  1379,
   740