52.299515000000000,10.602620000000000
52.299516479286332,10.602627462177706
52.299517958583493,10.602634924410065
52.299519437869819,10.602642386587771
52.299520917156151,10.602649848765477
52.299522396453312,10.602657310997836
52.299523875739645,10.602664773175542
52.299525355025970,10.602672235353248
52.299526834323139,10.602679697585609
52.299528313609464,10.602687159763313
52.299529792895797,10.602694621941019
52.299531272192958,10.602702084173380
52.299532751479290,10.602709546351084
52.299534230765616,10.602717008528790
52.299535710062784,10.602724470761151
52.299537189349110,10.602731932938855
52.299538668635442,10.602739395116561
52.299540147932603,10.602746857348922
52.299541627218936,10.602754319526628
52.299543106505261,10.602761781704332
52.299544585802430,10.602769243936693
52.299546065088755,10.602776706114399
52.299547544375088,10.602784168292104
52.299549023672249,10.602791630524464
52.299550502958581,10.602799092702170
52.299551982244907,10.602806554879876
52.299553461542075,10.602814017112236
52.299554940828401,10.602821479289942
52.299556420114733,10.602828941467648
52.299557899411894,10.602836403700007
52.299559378698227,10.602843865877713
52.299560815829082,10.602851325791409
52.299562222443733,10.602858784120270
52.299563629048087,10.602866242394505
52.299565035652435,10.602873700668740
52.299566442267093,10.602881158997601
52.299567848871440,10.602888617271836
52.299569255475795,10.602896075546070
52.299570662090446,10.602903533874931
52.299572068694800,10.602910992149166
52.299573475299148,10.602918450423401
52.299574881913806,10.602925908752262
52.299576288518153,10.602933367026496
52.299577695122508,10.602940825300731
52.299579101737159,10.602948283629592
52.299580508341506,10.602955741903827
52.299581914945861,10.602963200178063
52.299583321560512,10.602970658506925
52.299584728164866,10.602978116781159
52.299586134769214,10.602985575055394
52.299587541383872,10.602993033384255
52.299588947988219,10.603000491658490
52.299590354592574,10.603007949932724
52.299591761207225,10.603015408261586
52.299593167811580,10.603022866535820
52.299594574415927,10.603030324810055
52.299595981030585,10.603037783138916
52.299597387634932,10.603045241413151
52.299598794239287,10.603052699687385
52.299600200853938,10.603060158016246
52.299601607458293,10.603067616290481
52.299603013101638,10.603075077602018
52.299604323591907,10.603082839736693
52.299605634072577,10.603090601814516
52.299606944553247,10.603098363892340
52.299608255043523,10.603106126027015
52.299609565524193,10.603113888104840
52.299610876004863,10.603121650182663
52.299612186495132,10.603129412317339
52.299613496975802,10.603137174395162
52.299614807456479,10.603144936472985
52.299616117946748,10.603152698607660
52.299617428427418,10.603160460685483
52.299618738908087,10.603168222763308
52.299620049398357,10.603175984897982
52.299621359879033,10.603183746975807
52.299622670359703,10.603191509053630
52.299623980849972,10.603199271188306
52.299625291330642,10.603207033266129
52.299626601811312,10.603214795343954
52.299627912301588,10.603222557478627
52.299629222782258,10.603230319556452
52.299630533262928,10.603238081634276
52.299631843753197,10.603245843768951
52.299633154233867,10.603253605846774
52.299634464714543,10.603261367924597
52.299635775204813,10.603269130059273
52.299637085685482,10.603276892137096
52.299638396166152,10.603284654214921
52.299639706656421,10.603292416349596
52.299641017137098,10.603300178427419
52.299642356049418,10.603308085432330
52.299643780267971,10.603316427283845
52.299645204476093,10.603324769074263
52.299646628684215,10.603333110864680
52.299648052902761,10.603341452716196
52.299649477110883,10.603349794506613
52.299650901319005,10.603358136297031
52.299652325537558,10.603366478148544
52.299653749745673,10.603374819938962
52.299655173953795,10.603383161729379
52.299656598172348,10.603391503580895
52.299658022380470,10.603399845371312
52.299659446588585,10.603408187161730
52.299660870807138,10.603416529013245
52.299662295015260,10.603424870803662
52.299663719223375,10.603433212594080
52.299665143441928,10.603441554445595
52.299666567650050,10.603449896236013
52.299667991858172,10.603458238026430
52.299669416076718,10.603466579877946
52.299670840284840,10.603474921668363
52.299672264492962,10.603483263458781
52.299673688711515,10.603491605310294
52.299675112919630,10.603499947100712
52.299676537127752,10.603508288891129
52.299677961346305,10.603516630742645
52.299679385554427,10.603524972533062
52.299680809762542,10.603533314323480
52.299682233981095,10.603541656174995
52.299683658189217,10.603549997965413
52.299685164165425,10.603558504141612
52.299686695974437,10.603567062291956
52.299688227772229,10.603575620379621
52.299689759570022,10.603584178467285
52.299691291379027,10.603592736617632
52.299692823176819,10.603601294705296
52.299694354974612,10.603609852792959
52.299695886783624,10.603618410943305
52.299697418581417,10.603626969030969
52.299698950379209,10.603635527118634
52.299700482188221,10.603644085268979
52.299702013986014,10.603652643356643
52.299703545783807,10.603661201444307
52.299705077592819,10.603669759594654
52.299706609390604,10.603678317682318
52.299708141188397,10.603686875769982
52.299709672997409,10.603695433920327
52.299711204795202,10.603703992007992
52.299712736592994,10.603712550095656
52.299714268402006,10.603721108246003
52.299715800199799,10.603729666333667
52.299717331997591,10.603738224421331
52.299718863806604,10.603746782571676
52.299720395604396,10.603755340659340
52.299721927402182,10.603763898747005
52.299723459211194,10.603772456897351
52.299724991008986,10.603781014985016
52.299726522806779,10.603789573072680
52.299728054615791,10.603798131223025
52.299729586413584,10.603806689310689
52.299731051587770,10.603815089426870
52.299732492130815,10.603823431176144
52.299733932663315,10.603831772864321
52.299735373195809,10.603840114552499
52.299736813738861,10.603848456301773
52.299738254271354,10.603856797989950
52.299739694803854,10.603865139678128
52.299741135346899,10.603873481427401
52.299742575879392,10.603881823115579
52.299744016411893,10.603890164803754
52.299745456954938,10.603898506553030
52.299746897487438,10.603906848241206
52.299748338019931,10.603915189929383
52.299749778562983,10.603923531678657
52.299751219095477,10.603931873366834
52.299752659627970,10.603940215055012
52.299754100171022,10.603948556804285
52.299755540703515,10.603956898492463
52.299756981236015,10.603965240180640
52.299758421779060,10.603973581929914
52.299759862311561,10.603981923618091
52.299761302844054,10.603990265306267
52.299762743387099,10.603998607055541
52.299764183919599,10.604006948743718
52.299765624452093,10.604015290431896
52.299767064995144,10.604023632181169
52.299768505527638,10.604031973869347
52.299769946060138,10.604040315557524
52.299771386603183,10.604048657306798
52.299772827135683,10.604056998994976
52.299774285293417,10.604065054832748
52.299775745865304,10.604073071749530
52.299777206426484,10.604081088607595
52.299778666987670,10.604089105465659
52.299780127559558,10.604097122382441
52.299781588120744,10.604105139240506
52.299783048681931,10.604113156098570
52.299784509253811,10.604121173015352
52.299785969814998,10.604129189873419
52.299787430376185,10.604137206731483
52.299788890948065,10.604145223648265
52.299790351509252,10.604153240506330
52.299791812070438,10.604161257364394
52.299793272642319,10.604169274281176
52.299794733203505,10.604177291139241
52.299796193764692,10.604185307997305
52.299797654336579,10.604193324914087
52.299799114897759,10.604201341772152
52.299800575458946,10.604209358630216
52.299802036030833,10.604217375546998
52.299803496592020,10.604225392405063
52.299804957153206,10.604233409263129
52.299806417725087,10.604241426179911
52.299807878286273,10.604249443037975
52.299809338847460,10.604257459896040
52.299810799419340,10.604265476812822
52.299812259980527,10.604273493670886
52.299813720541714,10.604281510528951
52.299815181113594,10.604289527445733
52.299816641674781,10.604297544303797
52.299818104102414,10.604305583878762
52.299819591338903,10.604313925335592
52.299821078564506,10.604322266731328
52.299822565790102,10.604330608127064
52.299824053026590,10.604338949583896
52.299825540252186,10.604347290979632
52.299827027477782,10.604355632375368
52.299828514714271,10.604363973832198
52.299830001939867,10.604372315227934
52.299831489165463,10.604380656623670
52.299832976401952,10.604388998080500
52.299834463627548,10.604397339476236
52.299835950853144,10.604405680871974
52.299837438089632,10.604414022328804
52.299838925315228,10.604422363724540
52.299840412540824,10.604430705120276
52.299841899777313,10.604439046577106
52.299843387002909,10.604447387972842
52.299844874228505,10.604455729368578
52.299846361464994,10.604464070825410
52.299847848690590,10.604472412221146
52.299849335916186,10.604480753616881
52.299850823152674,10.604489095073712
52.299852310378270,10.604497436469448
52.299853797603873,10.604505777865183
52.299855284840362,10.604514119322014
52.299856772065958,10.604522460717750
52.299858259291554,10.604530802113487
52.299859746528043,10.604539143570317
52.299861233753639,10.604547484966053
52.299862720979235,10.604555826361789
52.299864226445578,10.604564304523452
52.299865843881854,10.604573622362869
52.299867461318129,10.604582940202286
52.299869078766257,10.604592258109950
52.299870696202532,10.604601575949367
52.299872313638808,10.604610893788784
52.299873931086928,10.604620211696448
52.299875548523204,10.604629529535865
52.299877165959479,10.604638847375282
52.299878783407607,10.604648165282946
52.299880400843882,10.604657483122363
52.299882018280158,10.604666800961780
52.299883635728278,10.604676118869444
52.299885253164554,10.604685436708861
52.299886870600830,10.604694754548278
52.299888488048957,10.604704072455942
52.299890105485233,10.604713390295359
52.299891722921508,10.604722708134776
52.299893340369628,10.604732026042440
52.299894957805904,10.604741343881857
52.299896575242180,10.604750661721274
52.299898192690307,10.604759979628938
52.299899810126583,10.604769297468355
52.299901427562858,10.604778615307771
52.299903045010979,10.604787933215436
52.299904662447254,10.604797251054851
52.299906279883530,10.604806568894269
52.299907897331650,10.604815886801932
52.299909514767933,10.604825204641349
52.299911060602362,10.604833892235341
52.299912575761269,10.604842309784861
52.299914090909091,10.604850727272726
52.299915606056906,10.604859144760594
52.299917121215820,10.604867562310112
52.299918636363635,10.604875979797979
52.299920151511451,10.604884397285847
52.299921666670365,10.604892814835365
52.299923181818180,10.604901232323233
52.299924696965995,10.604909649811098
52.299926212124909,10.604918067360618
52.299927727272724,10.604926484848486
52.299929242420539,10.604934902336351
52.299930757579453,10.604943319885871
52.299932272727268,10.604951737373737
52.299933787875084,10.604960154861605
52.299935303033998,10.604968572411122
52.299936818181813,10.604976989898990
52.299938333329628,10.604985407386858
52.299939848488542,10.604993824936376
52.299941363636364,10.605002242424243
52.299942878784179,10.605010659912109
52.299944393943093,10.605019077461629
52.299945909090908,10.605027494949496
52.299947424238724,10.605035912437362
52.299948939397638,10.605044329986882
52.299950454545453,10.605052747474748
52.299951969693268,10.605061164962615
52.299953484852182,10.605069582512133
52.299954999999997,10.605078000000001
52.299956487225593,10.605086891022587
52.299957974462082,10.605095782110295
52.299959461687678,10.605104673132882
52.299960948913274,10.605113564155468
52.299962436149762,10.605122455243174
52.299963923375358,10.605131346265761
52.299965410600961,10.605140237288349
52.299966897837450,10.605149128376056
52.299968385063046,10.605158019398642
52.299969872288642,10.605166910421229
52.299971359525131,10.605175801508937
52.299972846750727,10.605184692531523
52.299974333976323,10.605193583554110
52.299975821212811,10.605202474641816
52.299977308438407,10.605211365664404
52.299978795664003,10.605220256686991
52.299980282900492,10.605229147774697
52.299981770126088,10.605238038797284
52.299983257351684,10.605246929819870
52.299984744588180,10.605255820907578
52.299986231813776,10.605264711930165
52.299987719039372,10.605273602952751
52.299989206275860,10.605282494040459
52.299990693501456,10.605291385063046
52.299992180727052,10.605300276085632
52.299993667963541,10.605309167173338
52.299995155189137,10.605318058195925
52.299996642414733,10.605326949218512
52.299998129651222,10.605335840306219
52.299999616876818,10.605344731328806
52.300001112333092,10.605353664637466
52.300002717155373,10.605363159835953
52.300004321965901,10.605372654964894
52.300005926776421,10.605382150093835
52.300007531598702,10.605391645292322
52.300009136409230,10.605401140421263
52.300010741219758,10.605410635550205
52.300012346042031,10.605420130748691
52.300013950852559,10.605429625877631
52.300015555663087,10.605439121006574
52.300017160485361,10.605448616205059
52.300018765295889,10.605458111334002
52.300020370106417,10.605467606462943
52.300021974928697,10.605477101661428
52.300023579739218,10.605486596790371
52.300025184549746,10.605496091919312
52.300026789372026,10.605505587117799
52.300028394182547,10.605515082246740
52.300029998993075,10.605524577375681
52.300031603815356,10.605534072574168
52.300033208625877,10.605543567703108
52.300034813436405,10.605553062832051
52.300036418258685,10.605562558030536
52.300038023069206,10.605572053159477
52.300039627879734,10.605581548288420
52.300041232702014,10.605591043486905
52.300042837512542,10.605600538615848
52.300044442323063,10.605610033744789
52.300046047145344,10.605619528943274
52.300047651955872,10.605629024072217
52.300049280413653,10.605638536882514
52.300051033034279,10.605648142591702
52.300052785642066,10.605657748230536
52.300054538249853,10.605667353869370
52.300056290870472,10.605676959578558
52.300058043478259,10.605686565217392
52.300059796086046,10.605696170856225
52.300061548706672,10.605705776565413
52.300063301314459,10.605715382204247
52.300065053922246,10.605724987843081
52.300066806542873,10.605734593552269
52.300068559150660,10.605744199191102
52.300070311758446,10.605753804829936
52.300072064379066,10.605763410539124
52.300073816986853,10.605773016177958
52.300075569594640,10.605782621816791
52.300077322215266,10.605792227525979
52.300079074823053,10.605801833164813
52.300080827430840,10.605811438803647
52.300082580051466,10.605821044512835
52.300084332659253,10.605830650151669
52.300086085267040,10.605840255790502
52.300087837887659,10.605849861499690
52.300089590495446,10.605859467138524
52.300091343103233,10.605869072777358
52.300093095723859,10.605878678486546
52.300094848331646,10.605888284125379
52.300096600939433,10.605897889764213
52.300098353560060,10.605907495473401
52.300100106167847,10.605917101112235
52.300101828027678,10.605926464855155
52.300103517896765,10.605935576894346
52.300105207753475,10.605944688866799
52.300106897610185,10.605953800839250
52.300108587479272,10.605962912878441
52.300110277335982,10.605972024850894
52.300111967192692,10.605981136823347
52.300113657061779,10.605990248862538
52.300115346918489,10.605999360834989
52.300117036775198,10.606008472807442
52.300118726644286,10.606017584846633
52.300120416500995,10.606026696819086
52.300122106357698,10.606035808791537
52.300123796226785,10.606044920830728
52.300125486083495,10.606054032803181
52.300127175940204,10.606063144775634
52.300128865809292,10.606072256814823
52.300130555666001,10.606081368787276
52.300132245522711,10.606090480759729
52.300133935391798,10.606099592798920
52.300135625248508,10.606108704771371
52.300137315105218,10.606117816743824
52.300139004974305,10.606126928783015
52.300140694831008,10.606136040755468
52.300142384687717,10.606145152727919
52.300144074556805,10.606154264767110
52.300145764413514,10.606163376739563
52.300147454270224,10.606172488712016
52.300149144139311,10.606181600751205
52.300150833996021,10.606190712723658
52.300152546066158,10.606200013865152
52.300154307592372,10.606209736134847
52.300156069105689,10.606219458333333
52.300157830619000,10.606229180531820
52.300159592145221,10.606238902801513
52.300161353658531,10.606248624999999
52.300163115171848,10.606258347198485
52.300164876698062,10.606268069468181
52.300166638211380,10.606277791666667
52.300168399724697,10.606287513865153
52.300170161250911,10.606297236134846
52.300171922764228,10.606306958333333
52.300173684277539,10.606316680531819
52.300175445803760,10.606326402801514
52.300177207317070,10.606336125000000
52.300178968830387,10.606345847198487
52.300180730356601,10.606355569468180
52.300182491869919,10.606365291666666
52.300184253383236,10.606375013865152
52.300186014909450,10.606384736134848
52.300187776422767,10.606394458333334
52.300189537936077,10.606404180531820
52.300191299462298,10.606413902801513
52.300193060975609,10.606423625000000
52.300194822488926,10.606433347198486
52.300196584015140,10.606443069468181
52.300198345528457,10.606452791666667
52.300200107041768,10.606462513865154
52.300201868567989,10.606472236134847
52.300203630081299,10.606481958333333
52.300205480584445,10.606491958141403
52.300207354756921,10.606502031818437
52.300209228915662,10.606512105421686
52.300211103074410,10.606522179024937
52.300212977246879,10.606532252701969
52.300214851405620,10.606542326305220
52.300216725564368,10.606552399908471
52.300218599736837,10.606562473585504
52.300220473895585,10.606572547188755
52.300222348054326,10.606582620792006
52.300224222226802,10.606592694469038
52.300226096385543,10.606602768072289
52.300227970544285,10.606612841675540
52.300229844716760,10.606622915352572
52.300231718875501,10.606632988955823
52.300233593034250,10.606643062559074
52.300235467206718,10.606653136236107
52.300237341365460,10.606663209839358
52.300239215524208,10.606673283442609
52.300241089696677,10.606683357119641
52.300242963855425,10.606693430722892
52.300244838014166,10.606703504326143
52.300246712186642,10.606713578003175
52.300248586345383,10.606723651606426
52.300250460504124,10.606733725209677
52.300252334676600,10.606743798886709
52.300254208835341,10.606753872489961
52.300256082994089,10.606763946093212
52.300257957166558,10.606774019770244
52.300259831325306,10.606784093373495
52.300261489307964,10.606793449543130
52.300263125922498,10.606802734825608
52.300264762525053,10.606812020040081
52.300266399127601,10.606821305254552
52.300268035742143,10.606830590537031
52.300269672344690,10.606839875751504
52.300271308947238,10.606849160965975
52.300272945561780,10.606858446248454
52.300274582164327,10.606867731462927
52.300276218766882,10.606877016677398
52.300277855381417,10.606886301959877
52.300279491983972,10.606895587174350
52.300281128586519,10.606904872388821
52.300282765201054,10.606914157671300
52.300284401803609,10.606923442885773
52.300286038406156,10.606932728100244
52.300287675020698,10.606942013382723
52.300289311623246,10.606951298597195
52.300290948225800,10.606960583811667
52.300292584840335,10.606969869094145
52.300294221442883,10.606979154308618
52.300295858045438,10.606988439523089
52.300297494659972,10.606997724805568
52.300299131262527,10.607007010020041
52.300300767865075,10.607016295234512
52.300302404479609,10.607025580516991
52.300304041082164,10.607034865731464
52.300305677684712,10.607044150945935
52.300307314299253,10.607053436228414
52.300308950901801,10.607062721442887
52.300310775815909,10.607072783740488
52.300312606567509,10.607082870145524
52.300314437305701,10.607092956476684
52.300316268043886,10.607103042807845
52.300318098795486,10.607113129212880
52.300319929533678,10.607123215544041
52.300321760271871,10.607133301875203
52.300323591023464,10.607143388280239
52.300325421761656,10.607153474611399
52.300327252499848,10.607163560942560
52.300329083251448,10.607173647347595
52.300330913989633,10.607183733678756
52.300332744727825,10.607193820009918
52.300334575479425,10.607203906414954
52.300336406217617,10.607213992746114
52.300338236955803,10.607224079077275
52.300340067707403,10.607234165482311
52.300341898445595,10.607244251813471
52.300343729183787,10.607254338144633
52.300345559935387,10.607264424549669
52.300347390673572,10.607274510880830
52.300349221411764,10.607284597211990
52.300351052163364,10.607294683617026
52.300352882901556,10.607304769948186
52.300354713639742,10.607314856279348
52.300356544391342,10.607324942684382
52.300358375129534,10.607335029015545
52.300360205867726,10.607345115346705
52.300362038802021,10.607355194010101
52.300363978661494,10.607364893307469
52.300365918520967,10.607374592604836
52.300367858394651,10.607384291973244
52.300369798254124,10.607393991270611
52.300371738113597,10.607403690567979
52.300373677987274,10.607413389936386
52.300375617846747,10.607423089233754
52.300377557706220,10.607432788531121
52.300379497579904,10.607442487899528
52.300381437439377,10.607452187196897
52.300383377298850,10.607461886494264
52.300385317172534,10.607471585862671
52.300387257032007,10.607481285160038
52.300389196891480,10.607490984457407
52.300391136765164,10.607500683825814
52.300393076624637,10.607510383123181
52.300395016484110,10.607520082420548
52.300396956357787,10.607529781788957
52.300398896217260,10.607539481086324
52.300400836076740,10.607549180383691
52.300402775950417,10.607558879752098
52.300404715809890,10.607568579049467
52.300406655669363,10.607578278346834
52.300408595543047,10.607587977715241
52.300410535402520,10.607597677012608
52.300412475261993,10.607607376309977
52.300414415135677,10.607617075678384
52.300416354995150,10.607626774975751
52.300418294854623,10.607636474273118
52.300420234728300,10.607646173641527
52.300422174927114,10.607655857142857
52.300424118556961,10.607665380929129
52.300426062201048,10.607674904785156
52.300428005830902,10.607684428571428
52.300429949460757,10.607693952357700
52.300431893104843,10.607703476213727
52.300433836734690,10.607712999999999
52.300435780364545,10.607722523786272
52.300437724008631,10.607732047642299
52.300439667638486,10.607741571428571
52.300441611268333,10.607751095214843
52.300443554912420,10.607760619070870
52.300445498542274,10.607770142857142
52.300447442172128,10.607779666643415
52.300449385816215,10.607789190499441
52.300451329446062,10.607798714285714
52.300453273075917,10.607808238071986
52.300455216720003,10.607817761928013
52.300457160349858,10.607827285714285
52.300459103979705,10.607836809500558
52.300461047623791,10.607846333356584
52.300462991253646,10.607855857142857
52.300464934883500,10.607865380929129
52.300466878527587,10.607874904785156
52.300468822157434,10.607884428571428
52.300470765787288,10.607893952357701
52.300472709431375,10.607903476213727
52.300474653061229,10.607913000000000
52.300476596691077,10.607922523786272
52.300478540335163,10.607932047642299
52.300480483965018,10.607941571428571
52.300482478095667,10.607951184529417
52.300484651292500,10.607961114367271
52.300486824473424,10.607971044132396
52.300488997654341,10.607980973897522
52.300491170851181,10.607990903735375
52.300493344032098,10.608000833500501
52.300495517213015,10.608010763265627
52.300497690409856,10.608020693103480
52.300499863590773,10.608030622868606
52.300502036771697,10.608040552633732
52.300504209968530,10.608050482471585
52.300506383149454,10.608060412236709
52.300508556330371,10.608070342001835
52.300510729527204,10.608080271839688
52.300512902708128,10.608090201604814
52.300515075889045,10.608100131369939
52.300517249085885,10.608110061207793
52.300519422266802,10.608119990972918
52.300521595447719,10.608129920738044
52.300523768644560,10.608139850575897
52.300525941825477,10.608149780341023
52.300528115006401,10.608159710106149
52.300530288203234,10.608169639944002
52.300532461384151,10.608179569709128
52.300534634565075,10.608189499474252
52.300536807761908,10.608199429312105
52.300538980942832,10.608209359077231
52.300541154123749,10.608219288842356
52.300543327320590,10.608229218680210
52.300545500501507,10.608239148445335
52.300547738832719,10.608249153046668
52.300550122194473,10.608259324294721
52.300552505538775,10.608269495468278
52.300554888883070,10.608279666641835
52.300557272244824,10.608289837889886
52.300559655589126,10.608300009063443
52.300562038933421,10.608310180237000
52.300564422295182,10.608320351485053
52.300566805639477,10.608330522658610
52.300569188983779,10.608340693832167
52.300571572345532,10.608350865080219
52.300573955689828,10.608361036253775
52.300576339034130,10.608371207427332
52.300578722395883,10.608381378675386
52.300581105740186,10.608391549848943
52.300583489084481,10.608401721022499
52.300585872446234,10.608411892270551
52.300588255790537,10.608422063444108
52.300590639134832,10.608432234617664
52.300593022496585,10.608442405865718
52.300595405840888,10.608452577039275
52.300597789185183,10.608462748212832
52.300600172546943,10.608472919460885
52.300602555891238,10.608483090634442
52.300604939235541,10.608493261807997
52.300607322597294,10.608503433056050
52.300609705941589,10.608513604229607
52.300612089285892,10.608523775403164
52.300614472647645,10.608533946651217
52.300616855991940,10.608544117824774
52.300619245503135,10.608554189596394
52.300621640724408,10.608564169685044
52.300624035928145,10.608574149700599
52.300626431131874,10.608584129716153
52.300628826353154,10.608594109804804
52.300631221556884,10.608604089820359
52.300633616760621,10.608614069835914
52.300636011981894,10.608624049924565
52.300638407185630,10.608634029940120
52.300640802389360,10.608644009955674
52.300643197610640,10.608653990044326
52.300645592814369,10.608663970059879
52.300647988018106,10.608673950075435
52.300650383239379,10.608683930164085
52.300652778443116,10.608693910179641
52.300655173646845,10.608703890195196
52.300657568868125,10.608713870283847
52.300659964071855,10.608723850299400
52.300662359275591,10.608733830314955
52.300664754496864,10.608743810403606
52.300667149700601,10.608753790419161
52.300669544904331,10.608763770434717
52.300671940125611,10.608773750523367
52.300674335329340,10.608783730538921
52.300676730533077,10.608793710554476
52.300679125754350,10.608803690643127
52.300681520958086,10.608813670658682
52.300683916161823,10.608823650674237
52.300686311383096,10.608833630762888
52.300688706586833,10.608843610778443
52.300691255537522,10.608853943678982
52.300693984994723,10.608864690916718
52.300696714431936,10.608875438075742
52.300699443869149,10.608886185234764
52.300702173326350,10.608896932472502
52.300704902763563,10.608907679631525
52.300707632200776,10.608918426790547
52.300710361657977,10.608929174028285
52.300713091095190,10.608939921187307
52.300715820532403,10.608950668346329
52.300718549989604,10.608961415584067
52.300721279426817,10.608972162743090
52.300724008864030,10.608982909902114
52.300726738321231,10.608993657139852
52.300729467758444,10.609004404298874
52.300732197195657,10.609015151457896
52.300734926652858,10.609025898695634
52.300737656090071,10.609036645854657
52.300740385527284,10.609047393013679
52.300743114984485,10.609058140251417
52.300745844421698,10.609068887410439
52.300748573858911,10.609079634569463
52.300751303316112,10.609090381807199
52.300754032753325,10.609101128966223
52.300756762190538,10.609111876125246
52.300759491647739,10.609122623362984
52.300762221084952,10.609133370522006
52.300764950522165,10.609144117681028
52.300767679979373,10.609154864918766
52.300770373134327,10.609165467661692
52.300772860690444,10.609175252049081
52.300775348264779,10.609185036508133
52.300777835820895,10.609194820895523
52.300780323377012,10.609204605282912
52.300782810951347,10.609214389741965
52.300785298507463,10.609224174129354
52.300787786063580,10.609233958516743
52.300790273637915,10.609243742975794
52.300792761194032,10.609253527363183
52.300795248750148,10.609263311750572
52.300797736324483,10.609273096209625
52.300800223880600,10.609282880597014
52.300802711436717,10.609292664984403
52.300805199011052,10.609302449443456
52.300807686567168,10.609312233830845
52.300810174123285,10.609322018218235
52.300812661697620,10.609331802677287
52.300815149253729,10.609341587064677
52.300817636809846,10.609351371452066
52.300820124384181,10.609361155911119
52.300822611940298,10.609370940298508
52.300825099496414,10.609380724685897
52.300827587070749,10.609390509144948
52.300830074626866,10.609400293532337
52.300832562182983,10.609410077919726
52.300835049757318,10.609419862378779
52.300837537313434,10.609429646766168
52.300840024869551,10.609439431153557
52.300842512443886,10.609449215612610
52.300845000000002,10.609458999999999
52.300847606705922,10.609468905482496
52.300850213430934,10.609478811037542
52.300852820136853,10.609488716520039
52.300855426842773,10.609498622002535
52.300858033567785,10.609508527557582
52.300860640273704,10.609518433040078
52.300863246979624,10.609528338522574
52.300865853704636,10.609538244077621
52.300868460410555,10.609548149560117
52.300871067116482,10.609558055042612
52.300873673841494,10.609567960597658
52.300876280547413,10.609577866080155
52.300878887253333,10.609587771562651
52.300881493978345,10.609597677117698
52.300884100684264,10.609607582600194
52.300886707390184,10.609617488082691
52.300889314115196,10.609627393637737
52.300891920821115,10.609637299120234
52.300894527527035,10.609647204602730
52.300897134252047,10.609657110157777
52.300899740957966,10.609667015640273
52.300902347663886,10.609676921122769
52.300904954388898,10.609686826677816
52.300907561094817,10.609696732160312
52.300910167800737,10.609706637642809
52.300912774525749,10.609716543197855
52.300915381231668,10.609726448680352
52.300917987937588,10.609736354162848
52.300920594662607,10.609746259717895
52.300923201368526,10.609756165200389
52.300925855948016,10.609766196914276
52.300928617105875,10.609776509672548
52.300931378243511,10.609786822355289
52.300934139381148,10.609797135038029
52.300936900539007,10.609807447796301
52.300939661676644,10.609817760479041
52.300942422814281,10.609828073161781
52.300945183972146,10.609838385920053
52.300947945109783,10.609848698602793
52.300950706247420,10.609859011285534
52.300953467405279,10.609869324043807
52.300956228542915,10.609879636726546
52.300958989680552,10.609889949409286
52.300961750838411,10.609900262167558
52.300964511976048,10.609910574850298
52.300967273113685,10.609920887533040
52.300970034271543,10.609931200291312
52.300972795409180,10.609941512974052
52.300975556546817,10.609951825656792
52.300978317704683,10.609962138415064
52.300981078842320,10.609972451097804
52.300983839979956,10.609982763780543
52.300986601137815,10.609993076538817
52.300989362275452,10.610003389221557
52.300992123413089,10.610013701904297
52.300994884570947,10.610024014662569
52.300997645708584,10.610034327345309
52.301000406846221,10.610044640028049
52.301003168004080,10.610054952786321
52.301005929141716,10.610065265469062
52.301008688218822,10.610075545580447
52.301011441134420,10.610085728051393
52.301014194029854,10.610095910447761
52.301016946925287,10.610106092844129
52.301019699840886,10.610116275315075
52.301022452736319,10.610126457711443
52.301025205631753,10.610136640107811
52.301027958547351,10.610146822578756
52.301030711442792,10.610157004975123
52.301033464338225,10.610167187371491
52.301036217253824,10.610177369842438
52.301038970149257,10.610187552238806
52.301041723044690,10.610197734635173
52.301044475960289,10.610207917106120
52.301047228855722,10.610218099502488
52.301049981751156,10.610228281898856
52.301052734666754,10.610238464369800
52.301055487562188,10.610248646766168
52.301058240457628,10.610258829162536
52.301060993373220,10.610269011633482
52.301063746268660,10.610279194029850
52.301066499164094,10.610289376426218
52.301069252079692,10.610299558897164
52.301072004975126,10.610309741293532
52.301074757870559,10.610319923689900
52.301077510786158,10.610330106160845
52.301080263681591,10.610340288557213
52.301083016577024,10.610350470953581
52.301085769492623,10.610360653424527
52.301088522388056,10.610370835820895
52.301091283326414,10.610381049974364
52.301094116673582,10.610391550025634
52.301096950000002,10.610402049999999
52.301099783326414,10.610412549974365
52.301102616673582,10.610423050025634
52.301105450000001,10.610433550000000
52.301108283326414,10.610444049974365
52.301111116673582,10.610454550025635
52.301113950000001,10.610465050000000
52.301116783326414,10.610475549974364
52.301119616673581,10.610486050025635
52.301122450000001,10.610496549999999
52.301125283326414,10.610507049974364
52.301128116673581,10.610517550025634
52.301130950000001,10.610528049999999
52.301133783326414,10.610538549974365
52.301136616673581,10.610549050025634
52.301139450000001,10.610559550000000
52.301142283326413,10.610570049974365
52.301145116673581,10.610580550025634
52.301147950000001,10.610591050000000
52.301150783326413,10.610601549974366
52.301153616673581,10.610612050025635
52.301156450000001,10.610622550000000
52.301159283326413,10.610633049974364
52.301162116673581,10.610643550025635
52.301164950000000,10.610654049999999
52.301167783326413,10.610664549974365
52.301170616673581,10.610675050025634
52.301173450000000,10.610685549999999
52.301176282306031,10.610696064599859
52.301179105449066,10.610706710910346
52.301181928571424,10.610717357142857
52.301184751693789,10.610728003375369
52.301187574836824,10.610738649685855
52.301190397959182,10.610749295918367
52.301193221081540,10.610759942150878
52.301196044224575,10.610770588461365
52.301198867346940,10.610781234693878
52.301201690469298,10.610791880926389
52.301204513612333,10.610802527236876
52.301207336734691,10.610813173469388
52.301210159857050,10.610823819701899
52.301212983000092,10.610834466012387
52.301215806122450,10.610845112244897
52.301218629244808,10.610855758477410
52.301221452387843,10.610866404787897
52.301224275510201,10.610877051020408
52.301227098632566,10.610887697252920
52.301229921775601,10.610898343563406
52.301232744897959,10.610908989795918
52.301235568020317,10.610919636028429
52.301238391163359,10.610930282338916
52.301241214285717,10.610940928571429
52.301244037408075,10.610951574803940
52.301246860551110,10.610962221114427
52.301249683673468,10.610972867346939
52.301252506795834,10.610983513579450
52.301255329938868,10.610994159889938
52.301258153061227,10.611004806122448
52.301260855526998,10.611015352525715
52.301263506302035,10.611025856221801
52.301266157057654,10.611036359840954
52.301268807813280,10.611046863460109
52.301271458588317,10.611057367156194
52.301274109343936,10.611067870775347
52.301276760099562,10.611078374394502
52.301279410874599,10.611088878090587
52.301282061630218,10.611099381709742
52.301284712385844,10.611109885328895
52.301287363160881,10.611120389024981
52.301290013916500,10.611130892644136
52.301292664672125,10.611141396263291
52.301295315447163,10.611151899959374
52.301297966202782,10.611162403578529
52.301300616958407,10.611172907197684
52.301303267733445,10.611183410893769
52.301305918489064,10.611193914512922
52.301308569244689,10.611204418132077
52.301311220019727,10.611214921828163
52.301313870775346,10.611225425447318
52.301316521530971,10.611235929066471
52.301319172306009,10.611246432762556
52.301321823061627,10.611256936381711
52.301324473817253,10.611267440000864
52.301327124592291,10.611277943696949
52.301329775347909,10.611288447316104
52.301332426103535,10.611298950935259
52.301335076878573,10.611309454631343
52.301337727634191,10.611319958250498
52.301340283310857,10.611330304351537
52.301342751239986,10.611340505125266
52.301345219151038,10.611350705824284
52.301347687062091,10.611360906523304
52.301350154991219,10.611371107297034
52.301352622902272,10.611381307996052
52.301355090813324,10.611391508695069
52.301357558742453,10.611401709468801
52.301360026653505,10.611411910167819
52.301362494564557,10.611422110866837
52.301364962493686,10.611432311640568
52.301367430404738,10.611442512339586
52.301369898315791,10.611452713038604
52.301372366244919,10.611462913812334
52.301374834155972,10.611473114511353
52.301377302067024,10.611483315210371
52.301379769996153,10.611493515984101
52.301382237907205,10.611503716683119
52.301384705818258,10.611513917382139
52.301387173747386,10.611524118155868
52.301389641658439,10.611534318854886
52.301392109569491,10.611544519553904
52.301394577498620,10.611554720327636
52.301397045409672,10.611564921026654
52.301399513320725,10.611575121725672
52.301401981249853,10.611585322499403
52.301404449160906,10.611595523198421
52.301406917071965,10.611605723897439
52.301409385001094,10.611615924671169
52.301411852912146,10.611626125370186
52.301414325319215,10.611636414054191
52.301416827833940,10.611647291651515
52.301419330330333,10.611658169169170
52.301421832826726,10.611669046686824
52.301424335341444,10.611679924284147
52.301426837837838,10.611690801801801
52.301429340334231,10.611701679319456
52.301431842848956,10.611712556916780
52.301434345345342,10.611723434434435
52.301436847841735,10.611734311952089
52.301439350356461,10.611745189549413
52.301441852852854,10.611756067067068
52.301444355349247,10.611766944584721
52.301446857863965,10.611777822182045
52.301449360360358,10.611788699699700
52.301451862856752,10.611799577217354
52.301454365371477,10.611810454814679
52.301456867867870,10.611821332332333
52.301459370364256,10.611832209849988
52.301461872878981,10.611843087447310
52.301464375375375,10.611853964964965
52.301466877871768,10.611864842482619
52.301469380386486,10.611875720079944
52.301471882882879,10.611886597597598
52.301474385379272,10.611897475115253
52.301476887893998,10.611908352712577
52.301479390390391,10.611919230230232
52.301481892886777,10.611930107747884
52.301484395401502,10.611940985345209
52.301486897897895,10.611951862862863
52.301489376338338,10.611962774166477
52.301491728500366,10.611973862930299
52.301494080645156,10.611984951612904
52.301496432789953,10.611996040295509
52.301498784951974,10.612007129059331
52.301501137096771,10.612018217741936
52.301503489241568,10.612029306424542
52.301505841403589,10.612040395188362
52.301508193548386,10.612051483870969
52.301510545693176,10.612062572553574
52.301512897855204,10.612073661317396
52.301515249999994,10.612084750000001
52.301517602144791,10.612095838682606
52.301519954306812,10.612106927446428
52.301522306451609,10.612118016129033
52.301524658596406,10.612129104811638
52.301527010758427,10.612140193575460
52.301529362903224,10.612151282258065
52.301531715048021,10.612162370940672
52.301534067210042,10.612173459704492
52.301536419354839,10.612184548387098
52.301538771499629,10.612195637069703
52.301541123661657,10.612206725833525
52.301543475806447,10.612217814516130
52.301545827951244,10.612228903198735
52.301548180113265,10.612239991962557
52.301550532258062,10.612251080645162
52.301552884402859,10.612262169327767
52.301555236564880,10.612273258091589
52.301557588709677,10.612284346774194
52.301559865795582,10.612295222418451
52.301562030308311,10.612305778580550
52.301564194805195,10.612316334665335
52.301566359302072,10.612326890750120
52.301568523814808,10.612337446912219
52.301570688311685,10.612348002997004
52.301572852808569,10.612358559081787
52.301575017321298,10.612369115243888
52.301577181818182,10.612379671328672
52.301579346315059,10.612390227413457
52.301581510827795,10.612400783575556
52.301583675324672,10.612411339660341
52.301585839821556,10.612421895745124
52.301588004334285,10.612432451907225
52.301590168831169,10.612443007992008
52.301592333328045,10.612453564076793
52.301594497840782,10.612464120238892
52.301596662337658,10.612474676323677
52.301598826834542,10.612485232408462
52.301600991347271,10.612495788570561
52.301603155844155,10.612506344655344
52.301605320341032,10.612516900740129
52.301607484853768,10.612527456902228
52.301609649350645,10.612538012987013
52.301611813847529,10.612548569071798
52.301613978360258,10.612559125233897
52.301616142857142,10.612569681318682
52.301618307354019,10.612580237403465
52.301620471866755,10.612590793565564
52.301622636363632,10.612601349650349
52.301624799263585,10.612612057799746
52.301626959460236,10.612623024951999
52.301629119641071,10.612633992023929
52.301631279821912,10.612644959095856
52.301633440018563,10.612655926248111
52.301635600199397,10.612666893320039
52.301637760380231,10.612677860391969
52.301639920576889,10.612688827544222
52.301642080757723,10.612699794616152
52.301644240938558,10.612710761688080
52.301646401135216,10.612721728840334
52.301648561316050,10.612732695912262
52.301650721496884,10.612743662984192
52.301652881693542,10.612754630136445
52.301655041874376,10.612765597208375
52.301657202055210,10.612776564280303
52.301659362251868,10.612787531432557
52.301661522432703,10.612798498504487
52.301663682613537,10.612809465576415
52.301665842810195,10.612820432728670
52.301668002991029,10.612831399800598
52.301670163171863,10.612842366872528
52.301672323368521,10.612853334024781
52.301674483549355,10.612864301096710
52.301676643730190,10.612875268168638
52.301678803926848,10.612886235320893
52.301680964107682,10.612897202392821
52.301683124288516,10.612908169464751
52.301685284485167,10.612919136617004
52.301687444666008,10.612930103688933
52.301689605697767,10.612941212033611
52.301691768933502,10.612952683738266
52.301693932153398,10.612964155358899
52.301696095373288,10.612975626979532
52.301698258609022,10.612987098684185
52.301700421828912,10.612998570304818
52.301702585048801,10.613010041925451
52.301704748284536,10.613021513630105
52.301706911504425,10.613032985250738
52.301709074724315,10.613044456871370
52.301711237960049,10.613055928576024
52.301713401179946,10.613067400196657
52.301715564399835,10.613078871817290
52.301717727635570,10.613090343521943
52.301719890855459,10.613101815142576
52.301722054075348,10.613113286763209
52.301724217311083,10.613124758467864
52.301726380530972,10.613136230088497
52.301728543750869,10.613147701709130
52.301730706986604,10.613159173413782
52.301732870206493,10.613170645034415
52.301735033426382,10.613182116655048
52.301737196662117,10.613193588359701
52.301739359882006,10.613205059980334
52.301741523101896,10.613216531600967
52.301743686337630,10.613228003305622
52.301745849557520,10.613239474926255
52.301748012777416,10.613250946546888
52.301750176013151,10.613262418251541
52.301752339233040,10.613273889872174
52.301754502452930,10.613285361492807
52.301756529980871,10.613296810579495
52.301758516957861,10.613308252826311
52.301760503934858,10.613319695073127
52.301762490926400,10.613331137403749
52.301764477903390,10.613342579650565
52.301766464880387,10.613354021897383
52.301768451871929,10.613365464228004
52.301770438848919,10.613376906474821
52.301772425825916,10.613388348721637
52.301774412817458,10.613399791052260
52.301776399794448,10.613411233299075
52.301778386771446,10.613422675545891
52.301780373762988,10.613434117876514
52.301782360739978,10.613445560123330
52.301784347716975,10.613457002370147
52.301786334708517,10.613468444700768
52.301788321685507,10.613479886947585
52.301790308662504,10.613491329194401
52.301792295654046,10.613502771525024
52.301794282631043,10.613514213771840
52.301796269608033,10.613525656018655
52.301798256599575,10.613537098349278
52.301800243576572,10.613548540596094
52.301802230553562,10.613559982842911
52.301804217545104,10.613571425173532
52.301806204522101,10.613582867420350
52.301808191499092,10.613594309667166
52.301810178490634,10.613605751997788
52.301812165467631,10.613617194244604
52.301814049682982,10.613628412608742
52.301815859497673,10.613639468931238
52.301817669299112,10.613650525172753
52.301819479100551,10.613661581414270
52.301821288915249,10.613672637736766
52.301823098716682,10.613683693978281
52.301824908518121,10.613694750219798
52.301826718332819,10.613705806542294
52.301828528134259,10.613716862783811
52.301830337935698,10.613727919025326
52.301832147750389,10.613738975347822
52.301833957551828,10.613750031589339
52.301835767353268,10.613761087830856
52.301837577167959,10.613772144153350
52.301839386969398,10.613783200394867
52.301841196770837,10.613794256636384
52.301843006585528,10.613805312958878
52.301844816386968,10.613816369200395
52.301846626188407,10.613827425441912
52.301848436003105,10.613838481764406
52.301850245804545,10.613849538005923
52.301852055605977,10.613860594247440
52.301853865420675,10.613871650569935
52.301855675222114,10.613882706811451
52.301857485023554,10.613893763052968
52.301859294838245,10.613904819375463
52.301861104639684,10.613915875616980
52.301862914441124,10.613926931858495
52.301864724255815,10.613937988180991
52.301866534057254,10.613949044422508
52.301868340083438,10.613960220167352
52.301870130028007,10.613971905465881
52.301871919959474,10.613983590678824
52.301873709890934,10.613995275891769
52.301875499835511,10.614006961190299
52.301877289766971,10.614018646403242
52.301879079698431,10.614030331616187
52.301880869643007,10.614042016914716
52.301882659574467,10.614053702127659
52.301884449505927,10.614065387340604
52.301886239450504,10.614077072639134
52.301888029381963,10.614088757852077
52.301889819313431,10.614100443065022
52.301891609258000,10.614112128363551
52.301893399189460,10.614123813576494
52.301895189120927,10.614135498789439
52.301896979065496,10.614147184087969
52.301898768996963,10.614158869300912
52.301900558928423,10.614170554513857
52.301902348872993,10.614182239812386
52.301904138804460,10.614193925025329
52.301905928735920,10.614205610238274
52.301907718680489,10.614217295536804
52.301909508611956,10.614228980749747
52.301911298543416,10.614240665962692
52.301913088487993,10.614252351261221
52.301914878419453,10.614264036474164
52.301916668350913,10.614275721687109
52.301918458295489,10.614287406985639
52.301920248226949,10.614299092198582
52.301921975441573,10.614310457423207
52.301923657252679,10.614321591012718
52.301925339051465,10.614332724520686
52.301927020850250,10.614343858028654
52.301928702661357,10.614354991618168
52.301930384460142,10.614366125126136
52.301932066258928,10.614377258634104
52.301933748070034,10.614388392223617
52.301935429868820,10.614399525731585
52.301937111667606,10.614410659239553
52.301938793478712,10.614421792829065
52.301940475277497,10.614432926337033
52.301942157076283,10.614444059845002
52.301943838887389,10.614455193434514
52.301945520686175,10.614466326942482
52.301947202484961,10.614477460450450
52.301948884296067,10.614488594039964
52.301950566094852,10.614499727547932
52.301952247893638,10.614510861055900
52.301953929704744,10.614521994645413
52.301955611503530,10.614533128153381
52.301957293302323,10.614544261661349
52.301958975113422,10.614555395250861
52.301960656912215,10.614566528758829
52.301962338711000,10.614577662266798
52.301964020522099,10.614588795856310
52.301965702320892,10.614599929364278
52.301967384119678,10.614611062872246
52.301969065930784,10.614622196461760
52.301970747729570,10.614633329969728
52.301972511853364,10.614644547074027
52.301974290518181,10.614655779012928
52.301976069169960,10.614667010869566
52.301977847821746,10.614678242726201
52.301979626486556,10.614689474665102
52.301981405138342,10.614700706521740
52.301983183790128,10.614711938378376
52.301984962454938,10.614723170317276
52.301986741106724,10.614734402173912
52.301988519758503,10.614745634030550
52.301990298423313,10.614756865969451
52.301992077075099,10.614768097826087
52.301993855726884,10.614779329682724
52.301995634391695,10.614790561621625
52.301997413043480,10.614801793478261
52.301999191695266,10.614813025334897
52.302000970360076,10.614824257273799
52.302002749011862,10.614835489130435
52.302004527663641,10.614846720987071
52.302006306328451,10.614857952925972
52.302008084980237,10.614869184782609
52.302009863632023,10.614880416639245
52.302011642296833,10.614891648578146
52.302013420948619,10.614902880434784
52.302015199600405,10.614914112291419
52.302016978265215,10.614925344230320
52.302018756916993,10.614936576086956
52.302020535568779,10.614947807943594
52.302022314233589,10.614959039882494
52.302024092885375,10.614970271739130
52.302025845103586,10.614981379409350
52.302027569821789,10.614992357904084
52.302029294527365,10.615003336318408
52.302031019232935,10.615014314732733
52.302032743951145,10.615025293227466
52.302034468656714,10.615036271641792
52.302036193362291,10.615047250056117
52.302037918080494,10.615058228550849
52.302039642786070,10.615069206965174
52.302041367491640,10.615080185379499
52.302043092209850,10.615091163874233
52.302044816915419,10.615102142288558
52.302046541620996,10.615113120702881
52.302048266339199,10.615124099197615
52.302049991044775,10.615135077611940
52.302051715750352,10.615146056026266
52.302053440468555,10.615157034520999
52.302055165174124,10.615168012935323
52.302056889879701,10.615178991349648
52.302058614597904,10.615189969844382
52.302060339303480,10.615200948258707
52.302062064009057,10.615211926673032
52.302063788727260,10.615222905167764
52.302065513432836,10.615233883582089
52.302067238138406,10.615244861996414
52.302068962856616,10.615255840491148
52.302070687562185,10.615266818905472
52.302072412267762,10.615277797319797
52.302074136985965,10.615288775814530
52.302075861691542,10.615299754228856
52.302077617330269,10.615310901993221
52.302079433029441,10.615322378582318
52.302081248715311,10.615333855087359
52.302083064401181,10.615345331592399
52.302084880100352,10.615356808181495
52.302086695786222,10.615368284686536
52.302088511472100,10.615379761191576
52.302090327171271,10.615391237780674
52.302092142857141,10.615402714285715
52.302093958543011,10.615414190790753
52.302095774242183,10.615425667379851
52.302097589928053,10.615437143884892
52.302099405613930,10.615448620389932
52.302101221313094,10.615460096979030
52.302103036998972,10.615471573484069
52.302104852684842,10.615483049989109
52.302106668384013,10.615494526578207
52.302108484069883,10.615506003083247
52.302110299755753,10.615517479588288
52.302112115454925,10.615528956177384
52.302113931140802,10.615540432682424
52.302115746826672,10.615551909187465
52.302117562525844,10.615563385776563
52.302119378211714,10.615574862281603
52.302121193897584,10.615586338786644
52.302123009596755,10.615597815375740
52.302124825282633,10.615609291880780
52.302126640968503,10.615620768385821
52.302128456667674,10.615632244974918
52.302130284592735,10.615643643768399
52.302132181873027,10.615654602197649
52.302134079167210,10.615665560707159
52.302135976447495,10.615676519136407
52.302137873727787,10.615687477565656
52.302139771021970,10.615698436075167
52.302141668302255,10.615709394504416
52.302143565582547,10.615720352933664
52.302145462876730,10.615731311443175
52.302147360157015,10.615742269872424
52.302149257437307,10.615753228301672
52.302151154731490,10.615764186811184
52.302153052011775,10.615775145240432
52.302154949292067,10.615786103669681
52.302156846586250,10.615797062179190
52.302158743866535,10.615808020608441
52.302160641146820,10.615818979037689
52.302162538441010,10.615829937547199
52.302164435721295,10.615840895976447
52.302166333001580,10.615851854405696
52.302168230295770,10.615862812915207
52.302170127576055,10.615873771344456
52.302172024856340,10.615884729773704
52.302173922150530,10.615895688283215
52.302175819430815,10.615906646712464
52.302177716711100,10.615917605141712
52.302179614005290,10.615928563651224
52.302181511285575,10.615939522080472
52.302183408565860,10.615950480509721
52.302185305860050,10.615961439019230
52.302187203140335,10.615972397448481
52.302189110226351,10.615983240237760
52.302191024427117,10.615993999366202
52.302192938613864,10.616004758415842
52.302194852800611,10.616015517465483
52.302196767001377,10.616026276593924
52.302198681188116,10.616037035643565
52.302200595374863,10.616047794693205
52.302202509575629,10.616058553821647
52.302204423762376,10.616069312871288
52.302206337949123,10.616080071920928
52.302208252149889,10.616090831049370
52.302210166336636,10.616101590099010
52.302212080523375,10.616112349148651
52.302213994724141,10.616123108277092
52.302215908910888,10.616133867326733
52.302217823097635,10.616144626376373
52.302219737298401,10.616155385504817
52.302221651485148,10.616166144554455
52.302223565671895,10.616176903604096
52.302225479872661,10.616187662732539
52.302227394059400,10.616198421782178
52.302229308246147,10.616209180831818
52.302231222446913,10.616219939960262
52.302233136633660,10.616230699009902
52.302235050820407,10.616241458059541
52.302236965021173,10.616252217187984
52.302238879207920,10.616262976237625
52.302240793394667,10.616273735287264
52.302242707595433,10.616284494415707
52.302244621782172,10.616295253465347
52.302246603643155,10.616305999642170
52.302248759540916,10.616316712795641
52.302250915422881,10.616327425870647
52.302253071304847,10.616338138945652
52.302255227202608,10.616348852099124
52.302257383084573,10.616359565174129
52.302259538966545,10.616370278249136
52.302261694864299,10.616380991402606
52.302263850746264,10.616391704477612
52.302266006628237,10.616402417552617
52.302268162525991,10.616413130706089
52.302270318407956,10.616423843781094
52.302272474289929,10.616434556856101
52.302274630187682,10.616445270009571
52.302276786069655,10.616455983084577
52.302278941951620,10.616466696159582
52.302281097849374,10.616477409313054
52.302283253731346,10.616488122388059
52.302285409613312,10.616498835463066
52.302287565511065,10.616509548616536
52.302289721393038,10.616520261691543
52.302291877275003,10.616530974766548
52.302294033172764,10.616541687920019
52.302296189054729,10.616552400995024
52.302298344936695,10.616563114070031
52.302300500834455,10.616573827223501
52.302302656716421,10.616584540298508
52.302304812598386,10.616595253373513
52.302306968496147,10.616605966526985
52.302309124378112,10.616616679601989
52.302311313877411,10.616627447323591
52.302313728376120,10.616638580845425
52.302316142857144,10.616649714285714
52.302318557338175,10.616660847726004
52.302320971836885,10.616671981247839
52.302323386317909,10.616683114688129
52.302325800798940,10.616694248128420
52.302328215297649,10.616705381650254
52.302330629778673,10.616716515090543
52.302333044259697,10.616727648530834
52.302335458758414,10.616738782052668
52.302337873239438,10.616749915492958
52.302340287720462,10.616761048933249
52.302342702219178,10.616772182455083
52.302345116700202,10.616783315895372
52.302347531181226,10.616794449335663
52.302349945679943,10.616805582857497
52.302352360160967,10.616816716297787
52.302354774641991,10.616827849738078
52.302357189140707,10.616838983259912
52.302359603621731,10.616850116700201
52.302362018102755,10.616861250140492
52.302364432601465,10.616872383662326
52.302366847082496,10.616883517102616
52.302369261563520,10.616894650542907
52.302371676062229,10.616905784064741
52.302374090543260,10.616916917505030
52.302376505024284,10.616928050945321
52.302378919522994,10.616939184467155
52.302381334004025,10.616950317907445
52.302383771138203,10.616961249062307
52.302386258712538,10.616971730042172
52.302388746268655,10.616982210945274
52.302391233824771,10.616992691848376
52.302393721399106,10.617003172828243
52.302396208955223,10.617013653731343
52.302398696511339,10.617024134634445
52.302401184085674,10.617034615614312
52.302403671641791,10.617045096517414
52.302406159197908,10.617055577420516
52.302408646772243,10.617066058400381
52.302411134328359,10.617076539303483
52.302413621884476,10.617087020206585
52.302416109458811,10.617097501186452
52.302418597014928,10.617107982089552
52.302421084571044,10.617118462992654
52.302423572145379,10.617128943972521
52.302426059701496,10.617139424875623
52.302428547257605,10.617149905778724
52.302431034831947,10.617160386758590
52.302433522388057,10.617170867661692
52.302436009944174,10.617181348564793
52.302438497518509,10.617191829544661
52.302440985074625,10.617202310447761
52.302443472630742,10.617212791350862
52.302445960205077,10.617223272330730
52.302448447761194,10.617233753233831
52.302450935317310,10.617244234136933
52.302453422891645,10.617254715116799
52.302455910447762,10.617265196019900
52.302458410655134,10.617275611031685
52.302460977301429,10.617285680182530
52.302463543928923,10.617295749259625
52.302466110556423,10.617305818336721
52.302468677202711,10.617315887487564
52.302471243830212,10.617325956564660
52.302473810457705,10.617336025641755
52.302476377104000,10.617346094792598
52.302478943731494,10.617356163869694
52.302481510358987,10.617366232946789
52.302484077005282,10.617376302097632
52.302486643632776,10.617386371174728
52.302489210260269,10.617396440251824
52.302491776906564,10.617406509402668
52.302494343534057,10.617416578479764
52.302496910161551,10.617426647556858
52.302499476807846,10.617436716707703
52.302502043435346,10.617446785784798
52.302504610062840,10.617456854861894
52.302507176709135,10.617466924012737
52.302509743336628,10.617476993089833
52.302512309964122,10.617487062166928
52.302514876610417,10.617497131317771
52.302517443237910,10.617507200394867
52.302520009865404,10.617517269471962
52.302522576511699,10.617527338622805
52.302525143139192,10.617537407699901
52.302527709766686,10.617547476776997
52.302530276412980,10.617557545927841
52.302532843040474,10.617567615004937
52.302535409667975,10.617577684082031
52.302538399002586,10.617588125653905
52.302541514572866,10.617598678391960
52.302544630143153,10.617609231130016
52.302547745736256,10.617619783945361
52.302550861306536,10.617630336683417
52.302553976876823,10.617640889421473
52.302557092469918,10.617651442236820
52.302560208040205,10.617661994974874
52.302563323610485,10.617672547712930
52.302566439203588,10.617683100528277
52.302569554773875,10.617693653266333
52.302572670344155,10.617704206004388
52.302575785937258,10.617714758819734
52.302578901507538,10.617725311557789
52.302582017077825,10.617735864295845
52.302585132670927,10.617746417111190
52.302588248241207,10.617756969849246
52.302591363811494,10.617767522587302
52.302594479404597,10.617778075402649
52.302597594974877,10.617788628140705
52.302600710545164,10.617799180878759
52.302603826138260,10.617809733694106
52.302606941708547,10.617820286432162
52.302610057278827,10.617830839170217
52.302613172871929,10.617841391985563
52.302616288442216,10.617851944723618
52.302619404012496,10.617862497461674
52.302622519605599,10.617873050277021
52.302625635175886,10.617883603015077
52.302628750746166,10.617894155753131
52.302632041843431,10.617904435922476
52.302635348178143,10.617914692307693
52.302638654512847,10.617924948692909
52.302641960871775,10.617935205153247
52.302645267206479,10.617945461538461
52.302648573541191,10.617955717923678
52.302651879900111,10.617965974384015
52.302655186234823,10.617976230769232
52.302658492569527,10.617986487154448
52.302661798928455,10.617996743614784
52.302665105263159,10.618007000000000
52.302668411597864,10.618017256385217
52.302671717956791,10.618027512845554
52.302675024291496,10.618037769230769
52.302678330626208,10.618048025615986
52.302681636985128,10.618058282076323
52.302684943319839,10.618068538461539
52.302688249654544,10.618078794846756
52.302691556013471,10.618089051307091
52.302694862348176,10.618099307692308
52.302698168682888,10.618109564077525
52.302701475041808,10.618119820537862
52.302704781376519,10.618130076923078
52.302708087711224,10.618140333308293
52.302711394070151,10.618150589768630
52.302714700404856,10.618160846153847
52.302718006739561,10.618171102539064
52.302721313098488,10.618181358999399
52.302724619433192,10.618191615384616
52.302727937073485,10.618201895557082
52.302731283810040,10.618212236973040
52.302734630522089,10.618222578313254
52.302737977234131,10.618232919653469
52.302741323970686,10.618243261069425
52.302744670682728,10.618253602409640
52.302748017394769,10.618263943749854
52.302751364131325,10.618274285165811
52.302754710843374,10.618284626506025
52.302758057555415,10.618294967846239
52.302761404291971,10.618305309262196
52.302764751004013,10.618315650602410
52.302768097716061,10.618325991942624
52.302771444452617,10.618336333358581
52.302774791164659,10.618346674698795
52.302778137876700,10.618357016039010
52.302781484613256,10.618367357454966
52.302784831325297,10.618377698795181
52.302788178037346,10.618388040135395
52.302791524773902,10.618398381551351
52.302794871485943,10.618408722891566
52.302798218197985,10.618419064231780
52.302801564934541,10.618429405647738
52.302804911646589,10.618439746987953
52.302808258358631,10.618450088328167
52.302811605095187,10.618460429744124
52.302814951807228,10.618470771084338
52.302818298519270,10.618481112424552
52.302821645255825,10.618491453840509
52.302824991967874,10.618501795180723
52.302828351697791,10.618511792627771
52.302831730979378,10.618521274301363
52.302835110236224,10.618530755905512
52.302838489493062,10.618540237509659
52.302841868774657,10.618549719183253
52.302845248031495,10.618559200787402
52.302848627288341,10.618568682391549
52.302852006569928,10.618578164065143
52.302855385826774,10.618587645669292
52.302858765083613,10.618597127273439
52.302862144365207,10.618606608947033
52.302865523622046,10.618616090551182
52.302868902878892,10.618625572155329
52.302872282160486,10.618635053828923
52.302875661417325,10.618644535433072
52.302879040674163,10.618654017037219
52.302882419955758,10.618663498710813
52.302885799212604,10.618672980314962
52.302889178469442,10.618682461919109
52.302892557751036,10.618691943592703
52.302895937007875,10.618701425196852
52.302899316264721,10.618710906800999
52.302902695546308,10.618720388474593
52.302906074803154,10.618729870078742
52.302909454059993,10.618739351682889
52.302912833341587,10.618748833356483
52.302916212598426,10.618758314960630
52.302919591855272,10.618767796564779
52.302922971136866,10.618777278238372
52.302926350393705,10.618786759842520
52.302929729650543,10.618796241446669
52.302933364410229,10.618805812968372
52.302937021359227,10.618815392233010
52.302940678308225,10.618824971497649
52.302944335284010,10.618834550832450
52.302947992233015,10.618844130097088
52.302951649182013,10.618853709361726
52.302955306157799,10.618863288696527
52.302958963106796,10.618872867961166
52.302962620055801,10.618882447225804
52.302966277031587,10.618892026560603
52.302969933980584,10.618901605825243
52.302973590929589,10.618911185089882
52.302977247905375,10.618920764424681
52.302980904854373,10.618930343689321
52.302984561803370,10.618939922953960
52.302988218779156,10.618949502288759
52.302991875728161,10.618959081553399
52.302995532677159,10.618968660818037
52.302999189652944,10.618978240152837
52.303002846601942,10.618987819417475
52.303006503550947,10.618997398682115
52.303010160526732,10.619006978016914
52.303013817475730,10.619016557281553
52.303017474424735,10.619026136546193
52.303021131400520,10.619035715880992
52.303024788349518,10.619045295145630
52.303028445298516,10.619054874410269
52.303032102274301,10.619064453745070
52.303035759223306,10.619074033009708
52.303039416172304,10.619083612274347
52.303043087238066,10.619093205632575
52.303047448598136,10.619103485981308
52.303051809958198,10.619113766330042
52.303056171350214,10.619124046754070
52.303060532710283,10.619134327102802
52.303064894070353,10.619144607451537
52.303069255462361,10.619154887875565
52.303073616822431,10.619165168224299
52.303077978182500,10.619175448573031
52.303082339574509,10.619185728997060
52.303086700934578,10.619196009345794
52.303091062294648,10.619206289694526
52.303095423686663,10.619216570118557
52.303099785046726,10.619226850467289
52.303104146406795,10.619237130816023
52.303108507798811,10.619247411240051
52.303112869158880,10.619257691588784
52.303117230518943,10.619267971937518
52.303121591910958,10.619278252361546
52.303125953271028,10.619288532710280
52.303130314631098,10.619298813059013
52.303134676023106,10.619309093483041
52.303139037383175,10.619319373831775
52.303143398743245,10.619329654180508
52.303147760135253,10.619339934604538
52.303152121495323,10.619350214953270
52.303156482855393,10.619360495302004
52.303160844247408,10.619370775726033
52.303165205607471,10.619381056074765
52.303169564823065,10.619391239963134
52.303173909718680,10.619400778366803
52.303178254582484,10.619410316700611
52.303182599446281,10.619419855034417
52.303186944341903,10.619429393438086
52.303191289205699,10.619438931771894
52.303195634069496,10.619448470105700
52.303199978965118,10.619458008509369
52.303204323828922,10.619467546843177
52.303208668692719,10.619477085176984
52.303213013588341,10.619486623580652
52.303217358452137,10.619496161914460
52.303221703315934,10.619505700248267
52.303226048211556,10.619515238651935
52.303230393075353,10.619524776985743
52.303234737939157,10.619534315319550
52.303239082834772,10.619543853723219
52.303243427698575,10.619553392057027
52.303247772562372,10.619562930390833
52.303252117457994,10.619572468794502
52.303256462321791,10.619582007128310
52.303260807185588,10.619591545462116
52.303265152081210,10.619601083865785
52.303269496945013,10.619610622199593
52.303273841808810,10.619620160533399
52.303278186704432,10.619629698937068
52.303282531568229,10.619639237270876
52.303286876432026,10.619648775604682
52.303291221327648,10.619658314008351
52.303295566191444,10.619667852342159
52.303299884529608,10.619677031289177
52.303304189834385,10.619686033290080
52.303308495107636,10.619695035225050
52.303312800380880,10.619704037160020
52.303317105685657,10.619713039160921
52.303321410958908,10.619722041095891
52.303325716232152,10.619731043030860
52.303330021536929,10.619740045031762
52.303334326810180,10.619749046966731
52.303338632083424,10.619758048901701
52.303342937388202,10.619767050902604
52.303347242661452,10.619776052837574
52.303351547934696,10.619785054772544
52.303355853239474,10.619794056773445
52.303360158512724,10.619803058708415
52.303364463785968,10.619812060643385
52.303368769090746,10.619821062644286
52.303373074363996,10.619830064579256
52.303377379637240,10.619839066514226
52.303381684942018,10.619848068515129
52.303385990215268,10.619857070450097
52.303390295488512,10.619866072385067
52.303394600793290,10.619875074385970
52.303398906066541,10.619884076320940
52.303403211339784,10.619893078255910
52.303407516644562,10.619902080256811
52.303411821917813,10.619911082191781
52.303416127191056,10.619920084126750
52.303420432495834,10.619929086127652
52.303424737769085,10.619938088062622
52.303429046946206,10.619947087941487
52.303433742736331,10.619955884280735
52.303438438492066,10.619964680555555
52.303443134247793,10.619973476830376
52.303447830037918,10.619982273169624
52.303452525793652,10.619991069444444
52.303457221549380,10.619999865719265
52.303461917339504,10.620008662058511
52.303466613095239,10.620017458333333
52.303471308850973,10.620026254608154
52.303476004641091,10.620035050947401
52.303480700396825,10.620043847222222
52.303485396152560,10.620052643497043
52.303490091942685,10.620061439836290
52.303494787698412,10.620070236111111
52.303499483454146,10.620079032385933
52.303504179244271,10.620087828725179
52.303508874999999,10.620096625000000
52.303513570755733,10.620105421274820
52.303518266545858,10.620114217614068
52.303522962301585,10.620123013888888
52.303527658057320,10.620131810163709
52.303532353847444,10.620140606502957
52.303537049603172,10.620149402777777
52.303541745358906,10.620158199052598
52.303546441149031,10.620166995391845
52.303551136904758,10.620175791666666
52.303555832660493,10.620184587941488
52.303560528450618,10.620193384280734
52.303565224206345,10.620202180555555
52.303569919962079,10.620210976830377
52.303574902393322,10.620219704783162
52.303579970408158,10.620228412244897
52.303585038423002,10.620237119706632
52.303590106474957,10.620245827232143
52.303595174489793,10.620254534693878
52.303600242504629,10.620263242155612
52.303605310556591,10.620271949681122
52.303610378571427,10.620280657142857
52.303615446586264,10.620289364604591
52.303620514638219,10.620298072130101
52.303625582653062,10.620306779591836
52.303630650667898,10.620315487053571
52.303635718719853,10.620324194579082
52.303640786734690,10.620332902040817
52.303645854749533,10.620341609502551
52.303650922801488,10.620350317028061
52.303655990816324,10.620359024489796
52.303661058831160,10.620367731951530
52.303666126883122,10.620376439477040
52.303671194897959,10.620385146938775
52.303676262912795,10.620393854400509
52.303681330964750,10.620402561926021
52.303686398979593,10.620411269387755
52.303691466994430,10.620419976849490
52.303696535046384,10.620428684375000
52.303701603061221,10.620437391836735
52.303706671076064,10.620446099298469
52.303711739128019,10.620454806823979
52.303716807142855,10.620463514285714
52.303721884074669,10.620472222759304
52.303726976226834,10.620480933019589
52.303732068341709,10.620489643216080
52.303737160456578,10.620498353412570
52.303742252608743,10.620507063672857
52.303747344723618,10.620515773869347
52.303752436838487,10.620524484065838
52.303757528990651,10.620533194326123
52.303762621105527,10.620541904522613
52.303767713220395,10.620550614719104
52.303772805372567,10.620559324979389
52.303777897487436,10.620568035175880
52.303782989602304,10.620576745372370
52.303788081754476,10.620585455632655
52.303793173869344,10.620594165829147
52.303798265984213,10.620602876025636
52.303803358136385,10.620611586285921
52.303808450251253,10.620620296482413
52.303813542366129,10.620629006678902
52.303818634518294,10.620637716939189
52.303823726633162,10.620646427135679
52.303828818748038,10.620655137332170
52.303833910900202,10.620663847592455
52.303839003015071,10.620672557788945
52.303844095129946,10.620681267985436
52.303849187282111,10.620689978245721
52.303854279396987,10.620698688442213
52.303859371511855,10.620707398638702
52.303864463664020,10.620716108898987
52.303869555778896,10.620724819095479
52.303874711538420,10.620733204600722
52.303879926085337,10.620741290448784
52.303885140594055,10.620749376237624
52.303890355102780,10.620757462026464
52.303895569649690,10.620765547874527
52.303900784158415,10.620773633663367
52.303905998667133,10.620781719452207
52.303911213214050,10.620789805300269
52.303916427722768,10.620797891089110
52.303921642231494,10.620805976877950
52.303926856778403,10.620814062726012
52.303932071287129,10.620822148514852
52.303937285795847,10.620830234303693
52.303942500342764,10.620838320151755
52.303947714851482,10.620846405940595
52.303952929360207,10.620854491729435
52.303958143907117,10.620862577577498
52.303963358415842,10.620870663366338
52.303968572924560,10.620878749155176
52.303973787471477,10.620886835003240
52.303979001980196,10.620894920792079
52.303984216488914,10.620903006580919
52.303989431035831,10.620911092428981
52.303994645544549,10.620919178217822
52.303999860053274,10.620927264006662
52.304005074600184,10.620935349854724
52.304010289108909,10.620943435643564
52.304015503617627,10.620951521432405
52.304020718164544,10.620959607280467
52.304025932673262,10.620967693069307
52.304031176496125,10.620975725046474
52.304036524291270,10.620983566292109
52.304041872047243,10.620991407480314
52.304047219803216,10.620999248668520
52.304052567598355,10.621007089914157
52.304057915354328,10.621014931102362
52.304063263110301,10.621022772290567
52.304068610905439,10.621030613536204
52.304073958661412,10.621038454724410
52.304079306417385,10.621046295912615
52.304084654212531,10.621054137158252
52.304090001968504,10.621061978346457
52.304095349724477,10.621069819534663
52.304100697519615,10.621077660780298
52.304106045275589,10.621085501968503
52.304111393031562,10.621093343156708
52.304116740826700,10.621101184402345
52.304122088582673,10.621109025590551
52.304127436338646,10.621116866778756
52.304132784133792,10.621124708024393
52.304138131889765,10.621132549212598
52.304143479645731,10.621140390400804
52.304148827440876,10.621148231646441
52.304154175196850,10.621156072834646
52.304159522952823,10.621163914022851
52.304164870747961,10.621171755268486
52.304170218503934,10.621179596456692
52.304175566259907,10.621187437644897
52.304180914055046,10.621195278890534
52.304186261811019,10.621203120078739
52.304191609566992,10.621210961266945
52.304197369393059,10.621219198441320
52.304203273944388,10.621227574665292
52.304209178495711,10.621235950889265
52.304215083090277,10.621244327174585
52.304220987641607,10.621252703398557
52.304226892192929,10.621261079622530
52.304232796787502,10.621269455907850
52.304238701338825,10.621277832131822
52.304244605890148,10.621286208355794
52.304250510484721,10.621294584641115
52.304256415036043,10.621302960865087
52.304262319587366,10.621311337089059
52.304268224181939,10.621319713374380
52.304274128733262,10.621328089598352
52.304280033284584,10.621336465822322
52.304285937879158,10.621344842107645
52.304291842430480,10.621353218331617
52.304297746981803,10.621361594555587
52.304303651576376,10.621369970840910
52.304309556127698,10.621378347064882
52.304315460679028,10.621386723288852
52.304321365273594,10.621395099574174
52.304327269824917,10.621403475798145
52.304333174376247,10.621411852022117
52.304339078970813,10.621420228307439
52.304344983522142,10.621428604531410
52.304350888073465,10.621436980755382
52.304356792668031,10.621445357040704
52.304362697219361,10.621453733264675
52.304368169353033,10.621461630548268
52.304373365059917,10.621469221678451
52.304378560728743,10.621476812753036
52.304383756397570,10.621484403827621
52.304388952104453,10.621491994957804
52.304394147773280,10.621499586032389
52.304399343442107,10.621507177106972
52.304404539148983,10.621514768237155
52.304409734817810,10.621522359311740
52.304414930486637,10.621529950386325
52.304420126193520,10.621537541516508
52.304425321862347,10.621545132591093
52.304430517531173,10.621552723665678
52.304435713238057,10.621560314795861
52.304440908906884,10.621567905870444
52.304446104575710,10.621575496945029
52.304451300282587,10.621583088075212
52.304456495951413,10.621590679149797
52.304461691620240,10.621598270224382
52.304466887327123,10.621605861354565
52.304472082995950,10.621613452429150
52.304477278664777,10.621621043503733
52.304482474371660,10.621628634633918
52.304487670040487,10.621636225708501
52.304492865709314,10.621643816783086
52.304498061416190,10.621651407913269
52.304503257085017,10.621658998987854
52.304508452753844,10.621666590062439
52.304513648460727,10.621674181192622
52.304518844129554,10.621681772267205
52.304524770341075,10.621689382168192
52.304530719190332,10.621696992707180
52.304536667996011,10.621704603190429
52.304542616801697,10.621712213673677
52.304548565650947,10.621719824212665
52.304554514456633,10.621727434695913
52.304560463262312,10.621735045179159
52.304566412111562,10.621742655718148
52.304572360917248,10.621750266201396
52.304578309722928,10.621757876684644
52.304584258572184,10.621765487223632
52.304590207377863,10.621773097706880
52.304596156183550,10.621780708190126
52.304602105032799,10.621788318729116
52.304608053838486,10.621795929212363
52.304614002644165,10.621803539695611
52.304619951493422,10.621811150234599
52.304625900299101,10.621818760717847
52.304631849104787,10.621826371201095
52.304637797954037,10.621833981740084
52.304643746759723,10.621841592223330
52.304649695565402,10.621849202706578
52.304655644414659,10.621856813245566
52.304661593220338,10.621864423728814
52.304667542026024,10.621872034212062
52.304673490875274,10.621879644751051
52.304679439680960,10.621887255234299
52.304685388486639,10.621894865717545
52.304691337335896,10.621902476256533
52.304697286141575,10.621910086739781
52.304702446240633,10.621916908427149
52.304707498825493,10.621923622600319
52.304712551373349,10.621930336724313
52.304717603921205,10.621937050848308
52.304722656506065,10.621943765021479
52.304727709053921,10.621950479145474
52.304732761601770,10.621957193269468
52.304737814186630,10.621963907442639
52.304742866734486,10.621970621566634
52.304747919282342,10.621977335690628
52.304752971867202,10.621984049863798
52.304758024415058,10.621990763987792
52.304763076962914,10.621997478111787
52.304768129547774,10.622004192284958
52.304773182095630,10.622010906408953
52.304778234643486,10.622017620532947
52.304783287228346,10.622024334706117
52.304788339776195,10.622031048830113
52.304793392324051,10.622037762954108
52.304798444908911,10.622044477127277
52.304803497456767,10.622051191251272
52.304808550004623,10.622057905375266
52.304813602589483,10.622064619548437
52.304818655137339,10.622071333672432
52.304823707685195,10.622078047796427
52.304828760270055,10.622084761969596
52.304833812817904,10.622091476093591
52.304838865365760,10.622098190217585
52.304843917950620,10.622104904390756
52.304849096348889,10.622111887423936
52.304854471589316,10.622119291056975
52.304859846869107,10.622126694744242
52.304865222109534,10.622134098377282
52.304870597349961,10.622141502010322
52.304875972629759,10.622148905697589
52.304881347870186,10.622156309330629
52.304886723110613,10.622163712963669
52.304892098390404,10.622171116650936
52.304897473630831,10.622178520283976
52.304902848871258,10.622185923917016
52.304908224151056,10.622193327604283
52.304913599391483,10.622200731237323
52.304918974631910,10.622208134870363
52.304924349911701,10.622215538557629
52.304929725152128,10.622222942190669
52.304935100392555,10.622230345823709
52.304940475672353,10.622237749510976
52.304945850912780,10.622245153144016
52.304951226153207,10.622252556777056
52.304956601432998,10.622259960464323
52.304961976673425,10.622267364097363
52.304967351913852,10.622274767730403
52.304972727193650,10.622282171417670
52.304978102434077,10.622289575050710
52.304983477674504,10.622296978683750
52.304988852954295,10.622304382371016
52.304994228194722,10.622311786004056
52.304999603435149,10.622319189637096
52.305004978714948,10.622326593324363
52.305010227272724,10.622333672727272
52.305015446115206,10.622340676077178
52.305020664995908,10.622347679478377
52.305025883838383,10.622354682828282
52.305031102680857,10.622361686178188
52.305036321561559,10.622368689579387
52.305041540404041,10.622375692929293
52.305046759246515,10.622382696279198
52.305051978127217,10.622389699680397
52.305057196969699,10.622396703030303
52.305062415812174,10.622403706380208
52.305067634692875,10.622410709781407
52.305072853535350,10.622417713131313
52.305078072377832,10.622424716481218
52.305083291258534,10.622431719882417
52.305088510101008,10.622438723232323
52.305093728943483,10.622445726582228
52.305098947824185,10.622452729983427
52.305104166666666,10.622459733333333
52.305109385509141,10.622466736683238
52.305114604389843,10.622473740084438
52.305119823232324,10.622480743434343
52.305125042074799,10.622487746784248
52.305130260955501,10.622494750185448
52.305135479797976,10.622501753535353
52.305140698640457,10.622508756885258
52.305145917521159,10.622515760286458
52.305151136363634,10.622522763636363
52.305156355206115,10.622529766986268
52.305161548914377,10.622536761161271
52.305166538922151,10.622543680638723
52.305171528929932,10.622550600116174
52.305176518974257,10.622557519644305
52.305181508982038,10.622564439121756
52.305186498989812,10.622571358599208
52.305191489034137,10.622578278127339
52.305196479041918,10.622585197604790
52.305201469049692,10.622592117082242
52.305206459094016,10.622599036610373
52.305211449101797,10.622605956087824
52.305216439109572,10.622612875565276
52.305221429153896,10.622619795093408
52.305226419161677,10.622626714570858
52.305231409169451,10.622633634048309
52.305236399213783,10.622640553576442
52.305241389221557,10.622647473053894
52.305246379229338,10.622654392531343
52.305251369273662,10.622661312059476
52.305256359281437,10.622668231536927
52.305261349289218,10.622675151014379
52.305266339333542,10.622682070542510
52.305271329341316,10.622688990019961
52.305276319349097,10.622695909497413
52.305281309393422,10.622702829025544
52.305286299401203,10.622709748502995
52.305291289408977,10.622716667980447
52.305296279453302,10.622723587508577
52.305301269461083,10.622730506986029
52.305306259468857,10.622737426463480
52.305311251131904,10.622744305517157
52.305316273512481,10.622750415547026
52.305321295893052,10.622756525576895
52.305326318310406,10.622762635651513
52.305331340690984,10.622768745681382
52.305336363071554,10.622774855711251
52.305341385488909,10.622780965785871
52.305346407869486,10.622787075815740
52.305351430250056,10.622793185845609
52.305356452667411,10.622799295920228
52.305361475047988,10.622805405950096
52.305366497428558,10.622811515979965
52.305371519845913,10.622817626054585
52.305376542226490,10.622823736084454
52.305381564607060,10.622829846114323
52.305386587024415,10.622835956188942
52.305391609404992,10.622842066218810
52.305396631785563,10.622848176248679
52.305401654202917,10.622854286323300
52.305406676583495,10.622860396353166
52.305411698964065,10.622866506383035
52.305416721381420,10.622872616457656
52.305421743761997,10.622878726487524
52.305426766142567,10.622884836517393
52.305431788559929,10.622890946592012
52.305436810940499,10.622897056621881
52.305441833321069,10.622903166651749
52.305446855738431,10.622909276726370
52.305451878119001,10.622915386756238
52.305456900499571,10.622921496786107
52.305461922916933,10.622927606860726
52.305466945297503,10.622933716890595
52.305471935460922,10.622940414560331
52.305476917096748,10.622947268488817
52.305481898696087,10.622954122367101
52.305486880295426,10.622960976245386
52.305491861931252,10.622967830173872
52.305496843530591,10.622974684052156
52.305501825129930,10.622981537930441
52.305506806765756,10.622988391858927
52.305511788365095,10.622995245737211
52.305516769964434,10.623002099615496
52.305521751600260,10.623008953543982
52.305526733199599,10.623015807422266
52.305531714798938,10.623022661300551
52.305536696434764,10.623029515229037
52.305541678034103,10.623036369107322
52.305546659633443,10.623043222985608
52.305551641269261,10.623050076914092
52.305556622868600,10.623056930792377
52.305561604467940,10.623063784670663
52.305566586103765,10.623070638599147
52.305571567703105,10.623077492477432
52.305576549302444,10.623084346355718
52.305581530938269,10.623091200284202
52.305586512537609,10.623098054162487
52.305591494136948,10.623104908040773
52.305596475772774,10.623111761969257
52.305601457372113,10.623118615847542
52.305606438971452,10.623125469725828
52.305611420607278,10.623132323654312
52.305616402206617,10.623139177532597
52.305621446181888,10.623145889747439
52.305626498700001,10.623152582693505
52.305631551181101,10.623159275590551
52.305636603662201,10.623165968487596
52.305641656180313,10.623172661433662
52.305646708661413,10.623179354330707
52.305651761142521,10.623186047227755
52.305656813660626,10.623192740173820
52.305661866141733,10.623199433070866
52.305666918622833,10.623206125967911
52.305671971140946,10.623212818913977
52.305677023622046,10.623219511811023
52.305682076103146,10.623226204708068
52.305687128621258,10.623232897654134
52.305692181102359,10.623239590551181
52.305697233583466,10.623246283448227
52.305702286101571,10.623252976394292
52.305707338582678,10.623259669291338
52.305712391063778,10.623266362188383
52.305717443581891,10.623273055134449
52.305722496062991,10.623279748031495
52.305727548544098,10.623286440928542
52.305732601062203,10.623293133874608
52.305737653543304,10.623299826771653
52.305742706024411,10.623306519668699
52.305747758542516,10.623313212614764
52.305752811023623,10.623319905511810
52.305757863504724,10.623326598408855
52.305762916022836,10.623333291354923
52.305767968503936,10.623339984251968
52.305773059499302,10.623346728167901
52.305778208304112,10.623353548662589
52.305783357071213,10.623360369107321
52.305788505838315,10.623367189552054
52.305793654643132,10.623374010046740
52.305798803410234,10.623380830491474
52.305803952177335,10.623387650936207
52.305809100982145,10.623394471430894
52.305814249749247,10.623401291875627
52.305819398516348,10.623408112320359
52.305824547321166,10.623414932815047
52.305829696088267,10.623421753259779
52.305834844855369,10.623428573704512
52.305839993660179,10.623435394199198
52.305845142427280,10.623442214643932
52.305850291194382,10.623449035088663
52.305855439999199,10.623455855583352
52.305860588766301,10.623462676028083
52.305865737533402,10.623469496472817
52.305870886338212,10.623476316967503
52.305876035105314,10.623483137412236
52.305881183872422,10.623489957856968
52.305886332677233,10.623496778351656
52.305891481444334,10.623503598796388
52.305896630211436,10.623510419241121
52.305901779016253,10.623517239735808
52.305906927783354,10.623524060180541
52.305912076550456,10.623530880625275
52.305917225355266,10.623537701119961
52.305922374122368,10.623544521564694
52.305927564725515,10.623551205906891
52.305932798910852,10.623557748638563
52.305938033057856,10.623564291322314
52.305943267204853,10.623570834006065
52.305948501390191,10.623577376737735
52.305953735537194,10.623583919421486
52.305958969684191,10.623590462105238
52.305964203869529,10.623597004836910
52.305969438016533,10.623603547520661
52.305974672163529,10.623610090204412
52.305979906348867,10.623616632936082
52.305985140495871,10.623623175619834
52.305990374642867,10.623629718303585
52.305995608828205,10.623636261035257
52.306000842975209,10.623642803719008
52.306006077122213,10.623649346402759
52.306011311307543,10.623655889134429
52.306016545454547,10.623662431818181
52.306021779601551,10.623668974501932
52.306027013786888,10.623675517233604
52.306032247933885,10.623682059917355
52.306037482080889,10.623688602601106
52.306042716266226,10.623695145332777
52.306047950413223,10.623701688016528
52.306053184560227,10.623708230700279
52.306058418745565,10.623714773431951
52.306063652892561,10.623721316115702
52.306068887039565,10.623727858799453
52.306074121224903,10.623734401531124
52.306079216242665,10.623740891389431
52.306084141214335,10.623747316683595
52.306089066222071,10.623753742024819
52.306093991193741,10.623760167318983
52.306098916165411,10.623766592613144
52.306103841173147,10.623773017954369
52.306108766144817,10.623779443248532
52.306113691116487,10.623785868542695
52.306118616124223,10.623792293883918
52.306123541095893,10.623798719178081
52.306128466067562,10.623805144472245
52.306133391075299,10.623811569813469
52.306138316046969,10.623817995107631
52.306143241018631,10.623824420401794
52.306148166026375,10.623830845743019
52.306153090998045,10.623837271037182
52.306158015969707,10.623843696331345
52.306162940977451,10.623850121672568
52.306167865949121,10.623856546966731
52.306172790920783,10.623862972260895
52.306177715928527,10.623869397602117
52.306182640900197,10.623875822896281
52.306187565871859,10.623882248190444
52.306192490879603,10.623888673531669
52.306197415851273,10.623895098825832
52.306202340822935,10.623901524119994
52.306207265830679,10.623907949461218
52.306212190802349,10.623914374755381
52.306217115774011,10.623920800049545
52.306222040781755,10.623927225390768
52.306226965753424,10.623933650684931
52.306231927124394,10.623940541011136
52.306236898207572,10.623947555005206
52.306241869254336,10.623954568947905
52.306246840301107,10.623961582890605
52.306251811384286,10.623968596884675
52.306256782431049,10.623975610827374
52.306261753477820,10.623982624770074
52.306266724560992,10.623989638764144
52.306271695607762,10.623996652706843
52.306276666654526,10.624003666649543
52.306281637737705,10.624010680643613
52.306286608784468,10.624017694586312
52.306291579831239,10.624024708529012
52.306296550914418,10.624031722523082
52.306301521961181,10.624038736465781
52.306306493007952,10.624045750408481
52.306311464091124,10.624052764402551
52.306316435137894,10.624059778345250
52.306321406184658,10.624066792287948
52.306326377267837,10.624073806282020
52.306331348314608,10.624080820224719
52.306336319361371,10.624087834167417
52.306341290444550,10.624094848161489
52.306346261491313,10.624101862104188
52.306351232538084,10.624108876046886
52.306356203621256,10.624115890040958
52.306361174668027,10.624122903983656
52.306366145714797,10.624129917926355
52.306371116797969,10.624136931920427
52.306376204498974,10.624143705521472
52.306381453293248,10.624150147223537
52.306386702125970,10.624156588972783
52.306391950920244,10.624163030674847
52.306397199714517,10.624169472376911
52.306402448547239,10.624175914126157
52.306407697341513,10.624182355828221
52.306412946135787,10.624188797530286
52.306418194968508,10.624195239279530
52.306423443762782,10.624201680981596
52.306428692557056,10.624208122683660
52.306433941389770,10.624214564432904
52.306439190184051,10.624221006134970
52.306444438978325,10.624227447837034
52.306449687811039,10.624233889586279
52.306454936605313,10.624240331288343
52.306460185399594,10.624246772990409
52.306465434232308,10.624253214739653
52.306470683026582,10.624259656441717
52.306475931820856,10.624266098143783
52.306481180653577,10.624272539893028
52.306486429447851,10.624278981595092
52.306491678242125,10.624285423297158
52.306496927074846,10.624291865046402
52.306502175869120,10.624298306748466
52.306507424663394,10.624304748450530
52.306512673496115,10.624311190199776
52.306517922290389,10.624317631901841
52.306523171084663,10.624324073603905
52.306528375745323,10.624330506212448
52.306533072407042,10.624336833659491
52.306537769068768,10.624343161106536
52.306542465764892,10.624349488599924
52.306547162426611,10.624355816046966
52.306551859088337,10.624362143494011
52.306556555784461,10.624368470987399
52.306561252446187,10.624374798434442
52.306565949107906,10.624381125881486
52.306570645804030,10.624387453374874
52.306575342465756,10.624393780821919
52.306580039127475,10.624400108268961
52.306584735823598,10.624406435762349
52.306589432485325,10.624412763209394
52.306594129147044,10.624419090656437
52.306598825843167,10.624425418149825
52.306603522504894,10.624431745596869
52.306608219166613,10.624438073043912
52.306612915862736,10.624444400537300
52.306617612524462,10.624450727984344
52.306622309186181,10.624457055431389
52.306627005882305,10.624463382924775
52.306631702544031,10.624469710371820
52.306636399205750,10.624476037818864
52.306641095901874,10.624482365312250
52.306645792563600,10.624488692759295
52.306650489225326,10.624495020206339
52.306655185921443,10.624501347699727
52.306659882583169,10.624507675146770
52.306664579244895,10.624514002593815
52.306669275941019,10.624520330087202
52.306673947947949,10.624526676676675
52.306678585907932,10.624533049700823
52.306683223901878,10.624539422771647
52.306687861861860,10.624545795795795
52.306692499821843,10.624552168819942
52.306697137815796,10.624558541890767
52.306701775775778,10.624564914914915
52.306706413735760,10.624571287939062
52.306711051729707,10.624577661009885
52.306715689689689,10.624584034034033
52.306720327649671,10.624590407058180
52.306724965643625,10.624596780129005
52.306729603603607,10.624603153153153
52.306734241563589,10.624609526177300
52.306738879557535,10.624615899248125
52.306743517517518,10.624622272272273
52.306748155477500,10.624628645296418
52.306752793471453,10.624635018367243
52.306757431431436,10.624641391391391
52.306762069391418,10.624647764415538
52.306766707385364,10.624654137486363
52.306771345345346,10.624660510510511
52.306775983305329,10.624666883534658
52.306780621299282,10.624673256605483
52.306785259259264,10.624679629629629
52.306789897219247,10.624686002653776
52.306794535213193,10.624692375724601
52.306799173173175,10.624698748748749
52.306803811133157,10.624705121772896
52.306808449127111,10.624711494843721
52.306813101814519,10.624717631048387
52.306817772502043,10.624723477808306
52.306822443223773,10.624729324611049
52.306827113911297,10.624735171370968
52.306831784598813,10.624741018130887
52.306836455320543,10.624746864933629
52.306841126008067,10.624752711693548
52.306845796695590,10.624758558453468
52.306850467417320,10.624764405256210
52.306855138104844,10.624770252016129
52.306859808792360,10.624776098776048
52.306864479514097,10.624781945578791
52.306869150201614,10.624787792338710
52.306873820889138,10.624793639098629
52.306878491610867,10.624799485901370
52.306883162298391,10.624805332661291
52.306887832985907,10.624811179421210
52.306892503707644,10.624817026223951
52.306897174395161,10.624822872983870
52.306901845082685,10.624828719743791
52.306906515804414,10.624834566546532
52.306911186491938,10.624840413306451
52.306915857179462,10.624846260066370
52.306920527901191,10.624852106869113
52.306925198588708,10.624857953629032
52.306929869276232,10.624863800388951
52.306934539997961,10.624869647191693
52.306939210685485,10.624875493951613
52.306943881373009,10.624881340711532
52.306948552094738,10.624887187514274
52.306953066666665,10.624893142288556
52.306957511100258,10.624899145590650
52.306961955566408,10.624905148936712
52.306966400000000,10.624911152238806
52.306970844433593,10.624917155540899
52.306975288899743,10.624923158886961
52.306979733333336,10.624929162189055
52.306984177766928,10.624935165491147
52.306988622233071,10.624941168837211
52.306993066666671,10.624947172139303
52.306997511100263,10.624953175441396
52.307001955566406,10.624959178787458
52.307006399999999,10.624965182089552
52.307010844433599,10.624971185391646
52.307015288899741,10.624977188737708
52.307019733333334,10.624983192039799
52.307024177766927,10.624989195341893
52.307028622233076,10.624995198687955
52.307033066666669,10.625001201990049
52.307037511100262,10.625007205292142
52.307041955566412,10.625013208638205
52.307046400000004,10.625019211940298
52.307050844433597,10.625025215242390
52.307055288899740,10.625031218588454
52.307059733333340,10.625037221890546
52.307064177766932,10.625043225192639
52.307068622233075,10.625049228538701
52.307073066666668,10.625055231840795
52.307077511100260,10.625061235142889
52.307081955566410,10.625067238488951
52.307086498098862,10.625072925855513
52.307091124196567,10.625078344093234
52.307095750328152,10.625083762370641
52.307100376425858,10.625089180608365
52.307105002523564,10.625094598846086
52.307109628655148,10.625100017123494
52.307114254752854,10.625105435361217
52.307118880850560,10.625110853598938
52.307123506982144,10.625116271876346
52.307128133079850,10.625121690114067
52.307132759177556,10.625127108351791
52.307137385309140,10.625132526629198
52.307142011406846,10.625137944866919
52.307146637504552,10.625143363104643
52.307151263636136,10.625148781382050
52.307155889733842,10.625154199619772
52.307160515831548,10.625159617857495
52.307165141963132,10.625165036134900
52.307169768060838,10.625170454372624
52.307174394158544,10.625175872610345
52.307179020290128,10.625181290887753
52.307183646387834,10.625186709125476
52.307188272485533,10.625192127363198
52.307192898617124,10.625197545640605
52.307197524714830,10.625202963878328
52.307202150812529,10.625208382116050
52.307206776944120,10.625213800393457
52.307211403041826,10.625219218631178
52.307216029139525,10.625224636868902
52.307220655271117,10.625230055146309
52.307225281368815,10.625235473384031
52.307229907466521,10.625240891621754
52.307234686082360,10.625247214152695
52.307239467775467,10.625253555093556
52.307244249468575,10.625259896034416
52.307249031196704,10.625266237021719
52.307253812889812,10.625272577962578
52.307258594582919,10.625278918903438
52.307263376311049,10.625285259890742
52.307268158004156,10.625291600831602
52.307272939697263,10.625297941772462
52.307277721425393,10.625304282759764
52.307282503118500,10.625310623700624
52.307287284811608,10.625316964641485
52.307292066539738,10.625323305628788
52.307296848232845,10.625329646569647
52.307301629925952,10.625335987510507
52.307306411654082,10.625342328497810
52.307311193347189,10.625348669438671
52.307315975040297,10.625355010379531
52.307320756768426,10.625361351366832
52.307325538461534,10.625367692307693
52.307330320154641,10.625374033248553
52.307335101882771,10.625380374235856
52.307339883575878,10.625386715176717
52.307344665268985,10.625393056117575
52.307349446997115,10.625399397104879
52.307354228690222,10.625405738045739
52.307359010383330,10.625412078986599
52.307363792111460,10.625418419973901
52.307368545454544,10.625424707070708
52.307373090897990,10.625430599312214
52.307377636374731,10.625436491596878
52.307382181818177,10.625442383838385
52.307386727261630,10.625448276079892
52.307391272738364,10.625454168364554
52.307395818181817,10.625460060606061
52.307400363625263,10.625465952847568
52.307404909102004,10.625471845132230
52.307409454545450,10.625477737373737
52.307413999988903,10.625483629615244
52.307418545465637,10.625489521899908
52.307423090909090,10.625495414141414
52.307427636352536,10.625501306382921
52.307432181829277,10.625507198667584
52.307436727272723,10.625513090909092
52.307441272716176,10.625518983150597
52.307445818192910,10.625524875435261
52.307450363636363,10.625530767676768
52.307454909079809,10.625536659918275
52.307459454556550,10.625542552202937
52.307463999999996,10.625548444444444
52.307468545443442,10.625554336685951
52.307473090920183,10.625560228970613
52.307477636363636,10.625566121212120
52.307482181807082,10.625572013453628
52.307486727283823,10.625577905738291
52.307491272727269,10.625583797979797
52.307495818170715,10.625589690221304
52.307500363647456,10.625595582505968
52.307504804687497,10.625601392578124
52.307509101552007,10.625607089178800
52.307513398447988,10.625612785821199
52.307517695312498,10.625618482421874
52.307521992177008,10.625624179022550
52.307526289072989,10.625629875664949
52.307530585937499,10.625635572265624
52.307534882802010,10.625641268866300
52.307539179697990,10.625646965508698
52.307543476562500,10.625652662109374
52.307547773427004,10.625658358710050
52.307552070322984,10.625664055352448
52.307556367187495,10.625669751953124
52.307560664052005,10.625675448553800
52.307564960947985,10.625681145196198
52.307569257812496,10.625686841796874
52.307573554677006,10.625692538397550
52.307577851572987,10.625698235039948
52.307582148437497,10.625703931640624
52.307586445302007,10.625709628241299
52.307590742197988,10.625715324883700
52.307595039062498,10.625721021484374
52.307599335927009,10.625726718085049
52.307603632822989,10.625732414727450
52.307607929687499,10.625738111328126
52.307612226552010,10.625743807928801
52.307616523447990,10.625749504571200
52.307620820312501,10.625755201171875
52.307625117177004,10.625760897772551
52.307629414072991,10.625766594414950
52.307633710937495,10.625772291015625
52.307637516792298,10.625777928077698
52.307641112239956,10.625783539664237
52.307644707661289,10.625789151209677
52.307648303082615,10.625794762755117
52.307651898530281,10.625800374341656
52.307655493951607,10.625805985887096
52.307659089372940,10.625811597432536
52.307662684820606,10.625817209019075
52.307666280241932,10.625822820564515
52.307669875663265,10.625828432109955
52.307673471110924,10.625834043696495
52.307677066532257,10.625839655241935
52.307680661953583,10.625845266787374
52.307684257401249,10.625850878373914
52.307687852822575,10.625856489919354
52.307691448243908,10.625862101464794
52.307695043691574,10.625867713051335
52.307698639112900,10.625873324596773
52.307702234534233,10.625878936142213
52.307705829981892,10.625884547728754
52.307709425403225,10.625890159274192
52.307713020824551,10.625895770819632
52.307716616272216,10.625901382406173
52.307720211693542,10.625906993951613
52.307723807114876,10.625912605497051
52.307727402562541,10.625918217083592
52.307730997983867,10.625923828629032
52.307734593405200,10.625929440174470
52.307738188852859,10.625935051761012
52.307741784274192,10.625940663306451
