   628,
   491,
   740,
   120,
   274,
   717,
   145,
   313,
   325,
   461,
   638,
   720,
   773,
   863,
   888,
  1020,
  1036,
  1047,
  1353,
   146,
   200,
   211,
   409,
   415,
   569,
   742,
   791,
   802,
   928,
  1037,
  1048,
  1128,
  1296,
   119,
   155,
   349,
   379,
   436,
   493,
   502,
   617,
   650,
   688,
   715,
   732,
   759,
   962,
  1040,
  1123,
  1254,
  1266,
  1372,
  1462,
  1500,
    35,
   103,
   135,
   192,
   255,
   318,
   324,
   380,
   420,
   467,
   489,
   541,
   604,
   606,
   610,
   772,
   783,
   788,
   886,
   940,
   960,
   992,
  1054,
  1121,
  1152,
  1225,
  1257,
  1274,
  1276,
  1328,
  1345,
  1495,
  1548,
  1554,
    54,
    75,
    82,
   171,
   188,
   208,
   275,
   280,
   291,
   321,
   329,
   342,
   347,
   361,
   375,
   388,
   407,
   418,
   449,
   488,
   506,
   545,
   562,
   593,
   612,
   684,
   708,
   714,
   724,
   744,
   789,
   795,
   799,
   803,
   808,
   832,
   835,
   844,
   883,
   915,
   978,
  1006,
  1014,
  1029,
  1151,
  1188,
  1207,
  1239,
  1309,
  1315,
  1322,
  1327,
  1440,
    21,
    32,
    44,
    59,
    78,
    84,
   104,
   109,
   115,
   125,
   181,
   212,
   252,
   260,
   284,
   323,
   336,
   337,
   365,
   370,
   372,
   394,
   466,
   486,
   494,
   504,
   518,
   534,
   538,
   543,
   546,
   578,
   597,
   616,
   626,
   630,
   631,
   644,
   667,
   704,
   757,
   774,
   781,
   801,
   840,
   843,
   855,
   873,
   911,
   942,
   943,
   949,
   956,
   961,
   972,
   994,
   997,
  1016,
  1025,
  1026,
  1027,
  1035,
  1056,
  1060,
  1073,
  1085,
  1087,
  1090,
  1146,
  1189,
  1191,
  1199,
  1217,
  1228,
  1240,
  1252,
  1255,
  1259,
  1270,
  1300,
  1301,
  1307,
  1390,
  1414,
  1415,
  1419,
  1443,
  1460,
  1467,
  1473,
  1482,
  1486,
  1490,
  1510,
  1514,
     0,
    23,
    50,
    85,
   112,
   118,
   126,
   131,
   180,
   193,
   207,
   209,
   236,
   242,
   257,
   258,
   269,
   299,
   308,
   340,
   344,
   346,
   369,
   423,
   438,
   445,
   456,
   460,
   479,
   507,
   520,
   525,
   566,
   574,
   575,
   581,
   582,
   588,
   598,
   599,
   608,
   640,
   643,
   648,
   664,
   707,
   716,
   727,
   733,
   737,
   747,
   748,
   750,
   778,
   794,
   817,
   829,
   850,
   861,
   864,
   868,
   871,
   899,
   910,
   925,
   931,
   932,
   945,
   967,
   973,
   982,
   995,
  1001,
  1024,
  1045,
  1066,
  1077,
  1079,
  1082,
  1100,
  1101,
  1102,
  1110,
  1126,
  1142,
  1165,
  1177,
  1180,
  1190,
  1233,
  1241,
  1244,
  1283,
  1285,
  1297,
  1303,
  1304,
  1308,
  1314,
  1317,
  1324,
  1334,
  1335,
  1368,
  1387,
  1399,
  1407,
  1424,
  1429,
  1475,
  1501,
  1513,
  1520,
  1558,
     3,
    13,
    27,
    33,
    48,
    72,
    76,
    92,
   101,
   102,
   123,
   129,
   140,
   182,
   185,
   191,
   197,
   202,
   233,
   241,
   265,
   285,
   293,
   297,
   315,
   327,
   343,
   350,
   363,
   366,
   383,
   422,
   428,
   448,
   458,
   459,
   484,
   495,
   505,
   511,
   513,
   519,
   522,
   532,
   535,
   536,
   542,
   548,
   549,
   552,
   560,
   563,
   568,
   611,
   615,
   624,
   679,
   703,
   706,
   725,
   729,
   741,
   743,
   755,
   765,
   782,
   810,
   826,
   830,
   836,
   846,
   852,
   881,
   885,
   890,
   891,
   900,
   905,
   914,
   920,
   938,
   953,
   968,
   985,
  1007,
  1028,
  1089,
  1103,
  1113,
  1183,
  1193,
  1211,
  1216,
  1242,
  1250,
  1264,
  1291,
  1313,
  1371,
  1391,
  1404,
  1413,
  1416,
  1434,
  1441,
  1509,
  1522,
  1565,
     2,
     5,
    22,
    26,
    34,
    38,
    40,
    45,
    55,
    58,
    68,
    77,
    79,
    83,
    91,
    97,
   113,
   114,
   144,
   147,
   154,
   156,
   157,
   158,
   161,
   174,
   175,
   178,
   194,
   198,
   205,
   215,
   230,
   234,
   239,
   253,
   276,
   286,
   288,
   290,
   294,
   304,
   314,
   319,
   320,
   322,
   335,
   339,
   376,
   378,
   419,
   424,
   433,
   435,
   441,
   442,
   480,
   492,
   499,
   508,
   515,
   517,
   523,
   527,
   528,
   533,
   554,
   558,
   559,
   571,
   586,
   592,
   600,
   625,
   634,
   639,
   652,
   666,
   677,
   682,
   722,
   730,
   754,
   756,
   776,
   779,
   780,
   784,
   787,
   792,
   793,
   809,
   811,
   833,
   878,
   884,
   892,
   894,
   909,
   929,
   939,
   965,
   984,
   986,
   989,
  1000,
  1010,
  1023,
  1039,
  1041,
  1044,
  1064,
  1065,
  1074,
  1078,
  1083,
  1091,
  1097,
  1106,
  1109,
  1118,
  1139,
  1147,
  1163,
  1171,
  1174,
  1194,
  1197,
  1213,
  1226,
  1243,
  1258,
  1260,
  1263,
  1272,
  1273,
  1275,
  1277,
  1281,
  1289,
  1290,
  1302,
  1323,
  1329,
  1352,
  1359,
  1375,
  1397,
  1403,
  1412,
  1432,
  1450,
  1451,
  1456,
  1470,
  1471,
  1476,
  1491,
  1503,
  1506,
  1515,
  1536,
  1553,
  1556,
    29,
    49,
    51,
    67,
    93,
    94,
    96,
   117,
   122,
   136,
   151,
   159,
   166,
   186,
   206,
   216,
   229,
   240,
   243,
   262,
   281,
   289,
   296,
   300,
   301,
   328,
   332,
   352,
   353,
   362,
   381,
   385,
   406,
   414,
   427,
   432,
   439,
   440,
   450,
   454,
   457,
   476,
   487,
   498,
   501,
   509,
   514,
   539,
   564,
   567,
   572,
   589,
   591,
   602,
   623,
   633,
   655,
   665,
   700,
   701,
   702,
   723,
   728,
   734,
   735,
   746,
   749,
   758,
   761,
   763,
   766,
   770,
   771,
   775,
   786,
   790,
   800,
   805,
   806,
   815,
   827,
   838,
   847,
   851,
   860,
   889,
   895,
   904,
   907,
   908,
   926,
   947,
   951,
   952,
   963,
   964,
   971,
   976,
   977,
   983,
   987,
  1015,
  1018,
  1030,
  1034,
  1051,
  1053,
  1058,
  1061,
  1095,
  1105,
  1117,
  1134,
  1140,
  1156,
  1158,
  1159,
  1167,
  1178,
  1179,
  1192,
  1196,
  1198,
  1203,
  1209,
  1210,
  1235,
  1249,
  1265,
  1278,
  1282,
  1284,
  1288,
  1298,
  1312,
  1316,
  1320,
  1336,
  1338,
  1339,
  1340,
  1342,
  1347,
  1350,
  1355,
  1365,
  1366,
  1402,
  1405,
  1423,
  1433,
  1448,
  1453,
  1454,
  1465,
  1466,
  1468,
  1483,
  1485,
  1493,
  1496,
  1498,
  1499,
  1507,
  1533,
  1540,
  1562,
  1563,
    11,
    14,
    16,
    17,
    19,
    36,
    42,
    56,
    70,
    95,
    99,
   100,
   110,
   124,
   142,
   150,
   152,
   153,
   170,
   172,
   176,
   177,
   184,
   199,
   201,
   213,
   218,
   227,
   238,
   247,
   254,
   256,
   261,
   271,
   282,
   292,
   295,
   317,
   348,
   351,
   367,
   382,
   387,
   390,
   399,
   405,
   410,
   425,
   437,
   444,
   452,
   455,
   468,
   471,
   475,
   481,
   482,
   485,
   503,
   510,
   512,
   526,
   544,
   551,
   553,
   573,
   595,
   605,
   609,
   614,
   619,
   621,
   629,
   636,
   656,
   657,
   658,
   661,
   668,
   672,
   681,
   683,
   687,
   695,
   710,
   711,
   713,
   719,
   738,
   739,
   777,
   807,
   834,
   848,
   854,
   867,
   876,
   887,
   893,
   903,
   906,
   918,
   922,
   927,
   933,
   955,
   957,
   966,
   970,
   980,
   981,
   990,
   991,
   999,
  1004,
  1005,
  1021,
  1038,
  1057,
  1059,
  1069,
  1080,
  1081,
  1094,
  1108,
  1114,
  1115,
  1125,
  1131,
  1132,
  1136,
  1138,
  1144,
  1149,
  1164,
  1166,
  1168,
  1170,
  1181,
  1182,
  1200,
  1201,
  1205,
  1212,
  1218,
  1223,
  1224,
  1231,
  1232,
  1238,
  1245,
  1253,
  1256,
  1262,
  1269,
  1271,
  1286,
  1294,
  1305,
  1310,
  1331,
  1333,
  1351,
  1356,
  1357,
  1361,
  1373,
  1376,
  1381,
  1386,
  1393,
  1396,
  1406,
  1409,
  1417,
  1428,
  1474,
  1481,
  1487,
  1497,
  1524,
  1532,
  1541,
  1564,
     1,
    37,
    43,
    53,
    60,
    63,
    64,
    65,
    66,
    87,
    88,
   116,
   137,
   138,
   162,
   169,
   173,
   187,
   189,
   196,
   228,
   237,
   245,
   248,
   250,
   266,
   267,
   273,
   278,
   279,
   312,
   326,
   330,
   331,
   354,
   360,
   368,
   371,
   377,
   384,
   386,
   391,
   393,
   404,
   408,
   411,
   416,
   426,
   429,
   463,
   465,
   469,
   470,
   472,
   474,
   521,
   537,
   540,
   547,
   550,
   556,
   557,
   565,
   576,
   585,
   587,
   596,
   601,
   622,
   645,
   646,
   651,
   659,
   671,
   674,
   680,
   689,
   690,
   697,
   699,
   709,
   718,
   731,
   751,
   753,
   762,
   764,
   814,
   819,
   823,
   828,
   839,
   841,
   849,
   853,
   858,
   880,
   898,
   901,
   912,
   916,
   937,
   975,
   998,
  1032,
  1043,
  1046,
  1068,
  1070,
  1071,
  1072,
  1076,
  1086,
  1098,
  1104,
  1111,
  1124,
  1137,
  1148,
  1154,
  1157,
  1160,
  1169,
  1173,
  1184,
  1206,
  1215,
  1220,
  1221,
  1222,
  1230,
  1248,
  1261,
  1268,
  1280,
  1287,
  1311,
  1337,
  1346,
  1348,
  1364,
  1392,
  1394,
  1401,
  1410,
  1426,
  1435,
  1452,
  1458,
  1459,
  1464,
  1478,
  1517,
  1523,
  1531,
  1539,
  1543,
  1549,
  1550,
  1555,
  1560,
  1567,
    12,
    20,
    30,
    31,
    41,
    62,
    69,
    80,
    90,
   107,
   108,
   111,
   121,
   127,
   132,
   139,
   141,
   148,
   164,
   165,
   167,
   183,
   195,
   220,
   225,
   244,
   251,
   287,
   305,
   316,
   333,
   341,
   374,
   389,
   395,
   398,
   402,
   412,
   417,
   430,
   431,
   451,
   496,
   500,
   516,
   524,
   531,
   561,
   590,
   613,
   618,
   637,
   649,
   660,
   673,
   691,
   696,
   736,
   752,
   760,
   767,
   769,
   796,
   798,
   804,
   813,
   820,
   821,
   831,
   842,
   870,
   875,
   896,
   902,
   924,
   930,
   944,
   946,
   958,
   969,
   974,
   979,
   988,
   993,
   996,
  1002,
  1003,
  1008,
  1012,
  1019,
  1042,
  1049,
  1062,
  1063,
  1067,
  1084,
  1088,
  1096,
  1119,
  1120,
  1127,
  1133,
  1141,
  1153,
  1155,
  1162,
  1172,
  1175,
  1186,
  1187,
  1208,
  1214,
  1234,
  1236,
  1246,
  1267,
  1293,
  1318,
  1325,
  1326,
  1349,
  1358,
  1363,
  1374,
  1377,
  1378,
  1382,
  1395,
  1398,
  1400,
  1436,
  1437,
  1439,
  1449,
  1463,
  1469,
  1480,
  1492,
  1505,
  1508,
  1512,
  1518,
  1519,
  1529,
  1534,
  1538,
  1544,
  1545,
  1547,
  1557,
     4,
     6,
     8,
    10,
    25,
    28,
    46,
    52,
    71,
    73,
    74,
    98,
   106,
   130,
   133,
   143,
   149,
   217,
   223,
   232,
   235,
   263,
   264,
   270,
   272,
   277,
   303,
   306,
   310,
   334,
   355,
   359,
   396,
   397,
   400,
   401,
   403,
   413,
   421,
   434,
   447,
   453,
   462,
   464,
   478,
   490,
   497,
   529,
   579,
   580,
   584,
   603,
   607,
   632,
   653,
   662,
   676,
   685,
   692,
   694,
   698,
   705,
   726,
   745,
   768,
   818,
   822,
   824,
   837,
   865,
   866,
   877,
   919,
   923,
   934,
   935,
   936,
   941,
   948,
  1009,
  1022,
  1031,
  1052,
  1055,
  1092,
  1099,
  1107,
  1112,
  1143,
  1176,
  1185,
  1202,
  1227,
  1229,
  1247,
  1292,
  1299,
  1321,
  1341,
  1343,
  1367,
  1408,
  1418,
  1422,
  1430,
  1442,
  1488,
  1494,
  1502,
  1521,
  1527,
  1542,
  1552,
  1566,
     7,
    15,
    24,
    47,
    57,
    61,
    86,
    89,
   105,
   128,
   134,
   163,
   168,
   190,
   203,
   222,
   246,
   283,
   302,
   307,
   311,
   345,
   358,
   373,
   392,
   446,
   473,
   477,
   483,
   577,
   583,
   620,
   641,
   642,
   654,
   663,
   669,
   678,
   693,
   712,
   721,
   785,
   816,
   825,
   845,
   857,
   859,
   862,
   869,
   872,
   874,
   879,
   897,
   921,
   950,
   954,
   959,
  1011,
  1013,
  1017,
  1050,
  1075,
  1122,
  1130,
  1135,
  1145,
  1195,
  1219,
  1237,
  1251,
  1279,
  1295,
  1306,
  1360,
  1369,
  1379,
  1389,
  1421,
  1431,
  1455,
  1457,
  1461,
  1477,
  1479,
  1525,
  1559,
  1561,
     9,
    18,
    39,
    81,
   160,
   214,
   219,
   226,
   231,
   268,
   298,
   338,
   364,
   443,
   530,
   555,
   594,
   635,
   647,
   686,
   797,
   882,
   913,
  1116,
  1204,
  1319,
  1354,
  1411,
  1425,
  1427,
  1445,
  1446,
  1472,
  1484,
  1511,
  1516,
  1526,
  1528,
  1530,
  1535,
   179,
   210,
   221,
   224,
   259,
   309,
   356,
   357,
   570,
   627,
   675,
   812,
   856,
   917,
  1033,
  1150,
  1161,
  1330,
  1332,
  1344,
  1384,
  1438,
  1444,
  1447,
  1504,
   204,
   249,
   670,
  1093,
  1129,
  1362,
  1380,
  1385,
  1388,
  1546,
  1370,
  1383,
  1420,
  1489,
  1537,
  1551