3199.143520, -291.586317, 1.000000, -1.#QNAN0
3199.340689, -291.741012, 1.000000, -1.#QNAN0
3199.389396, -291.794315, 1.000000, -1.#QNAN0
3199.445431, -291.838279, 1.000000, -1.#QNAN0
3199.642600, -291.992974, 1.000000, -1.#QNAN0
3199.698635, -292.036938, 1.000000, -1.#QNAN0
3199.895804, -292.191634, 1.000000, -1.#QNAN0
3199.951839, -292.235597, 1.000000, -1.#QNAN0
3200.007874, -292.279561, 1.000000, -1.#QNAN0
3200.205043, -292.434256, 1.000000, -1.#QNAN0
3200.261078, -292.478220, 1.000000, -1.#QNAN0
3200.458247, -292.632916, 1.000000, -1.#QNAN0
3200.514282, -292.676880, 1.000000, -1.#QNAN0
3200.570316, -292.720844, 1.000000, -1.#QNAN0
3200.767486, -292.875539, 1.000000, -1.#QNAN0
3200.823520, -292.919503, 1.000000, -1.#QNAN0
3201.013362, -293.083537, 1.000000, -1.#QNAN0
3201.069397, -293.127501, 1.000000, -1.#QNAN0
3201.125432, -293.171465, 1.000000, -1.#QNAN0
3201.329928, -293.316821, 1.000000, -1.#QNAN0
3201.385963, -293.360785, 1.000000, -1.#QNAN0
3201.583132, -293.515480, 1.000000, -1.#QNAN0
3201.639167, -293.559444, 1.000000, -1.#QNAN0
3201.695202, -293.603408, 1.000000, -1.#QNAN0
3201.892371, -293.758103, 1.000000, -1.#QNAN0
3201.948406, -293.802067, 1.000000, -1.#QNAN0
3202.145575, -293.956763, 1.000000, -1.#QNAN0
3202.208937, -293.991387, 1.000000, -1.#QNAN0
3202.264972, -294.035351, 1.000000, -1.#QNAN0
3202.461079, -294.188964, 1.000000, -1.#QNAN0
3202.509829, -294.242228, 1.000000, -1.#QNAN0
3202.709715, -294.382799, 1.000000, -1.#QNAN0
3202.765935, -294.426525, 1.000000, -1.#QNAN0
3202.822155, -294.470252, 1.000000, -1.#QNAN0
3203.004653, -294.608779, 1.000000, -1.#QNAN0
3203.061362, -294.651871, 1.000000, -1.#QNAN0
3203.243991, -294.787562, 1.000000, -1.#QNAN0
3203.301216, -294.829965, 1.000000, -1.#QNAN0
3203.358440, -294.872369, 1.000000, -1.#QNAN0
3203.543309, -295.005837, 1.000000, -1.#QNAN0
3203.601031, -295.047561, 1.000000, -1.#QNAN0
3203.786056, -295.178143, 1.000000, -1.#QNAN0
3203.844300, -295.219135, 1.000000, -1.#QNAN0
3203.902544, -295.260127, 1.000000, -1.#QNAN0
3204.088199, -295.386863, 1.000000, -1.#QNAN0
3204.140291, -295.436863, 1.000000, -1.#QNAN0
3204.326111, -295.560398, 1.000000, -1.#QNAN0
3204.385479, -295.599746, 1.000000, -1.#QNAN0
3204.444847, -295.639093, 1.000000, -1.#QNAN0
3204.628766, -295.771577, 1.000000, -1.#QNAN0
3204.688631, -295.810163, 1.000000, -1.#QNAN0
3204.895095, -295.942117, 1.000000, -1.#QNAN0
3204.955130, -295.980438, 1.000000, -1.#QNAN0
3205.015165, -296.018759, 1.000000, -1.#QNAN0
3205.221839, -296.150682, 1.000000, -1.#QNAN0
3205.281874, -296.189003, 1.000000, -1.#QNAN0
3205.491654, -296.322909, 1.000000, -1.#QNAN0
3205.551689, -296.361230, 1.000000, -1.#QNAN0
3205.611724, -296.399551, 1.000000, -1.#QNAN0
3205.818224, -296.545445, 1.000000, -1.#QNAN0
3205.878259, -296.583766, 1.000000, -1.#QNAN0
3205.938294, -296.622087, 1.000000, -1.#QNAN0
3206.154287, -296.759959, 1.000000, -1.#QNAN0
3206.214322, -296.798280, 1.000000, -1.#QNAN0
3206.427036, -296.948140, 1.000000, -1.#QNAN0
3206.487071, -296.986461, 1.000000, -1.#QNAN0
3206.547106, -297.024783, 1.000000, -1.#QNAN0
3206.762925, -297.176626, 1.000000, -1.#QNAN0
3206.822961, -297.214947, 1.000000, -1.#QNAN0
3206.882996, -297.253268, 1.000000, -1.#QNAN0
3207.105979, -297.395602, 1.000000, -1.#QNAN0
3207.159627, -297.443929, 1.000000, -1.#QNAN0
3207.382611, -297.586262, 1.000000, -1.#QNAN0
3207.442646, -297.624583, 1.000000, -1.#QNAN0
3207.502681, -297.662904, 1.000000, -1.#QNAN0
3207.725664, -297.805238, 1.000000, -1.#QNAN0
3207.779313, -297.853565, 1.000000, -1.#QNAN0
3207.839348, -297.891886, 1.000000, -1.#QNAN0
3208.062331, -298.034219, 1.000000, -1.#QNAN0
3208.115979, -298.082546, 1.000000, -1.#QNAN0
3208.338963, -298.224880, 1.000000, -1.#QNAN0
3208.398998, -298.263201, 1.000000, -1.#QNAN0
3208.459033, -298.301522, 1.000000, -1.#QNAN0
3208.682017, -298.443855, 1.000000, -1.#QNAN0
3208.742052, -298.482176, 1.000000, -1.#QNAN0
3208.802087, -298.520498, 1.000000, -1.#QNAN0
3209.018683, -298.672837, 1.000000, -1.#QNAN0
3209.078718, -298.711158, 1.000000, -1.#QNAN0
3209.301702, -298.853491, 1.000000, -1.#QNAN0
3209.361737, -298.891813, 1.000000, -1.#QNAN0
3209.415385, -298.940140, 1.000000, -1.#QNAN0
3209.638369, -299.082473, 1.000000, -1.#QNAN0
3209.698404, -299.120794, 1.000000, -1.#QNAN0
3209.758439, -299.159115, 1.000000, -1.#QNAN0
3209.975035, -299.311454, 1.000000, -1.#QNAN0
3210.035070, -299.349776, 1.000000, -1.#QNAN0
3210.258054, -299.492109, 1.000000, -1.#QNAN0
3210.318089, -299.530430, 1.000000, -1.#QNAN0
3210.378124, -299.568751, 1.000000, -1.#QNAN0
3210.601108, -299.711085, 1.000000, -1.#QNAN0
3210.661143, -299.749406, 1.000000, -1.#QNAN0
3210.721178, -299.787727, 1.000000, -1.#QNAN0
3210.944161, -299.930060, 1.000000, -1.#QNAN0
3210.997809, -299.978387, 1.000000, -1.#QNAN0
3211.220793, -300.120721, 1.000000, -1.#QNAN0
3211.280828, -300.159042, 1.000000, -1.#QNAN0
3211.340863, -300.197363, 1.000000, -1.#QNAN0
3211.564382, -300.340151, 1.000000, -1.#QNAN0
3211.624402, -300.378495, 1.000000, -1.#QNAN0
3211.684422, -300.416840, 1.000000, -1.#QNAN0
3211.908157, -300.559966, 1.000000, -1.#QNAN0
3211.968154, -300.598347, 1.000000, -1.#QNAN0
3212.191816, -300.741579, 1.000000, -1.#QNAN0
3212.251790, -300.779996, 1.000000, -1.#QNAN0
3212.311764, -300.818413, 1.000000, -1.#QNAN0
3212.535283, -300.961749, 1.000000, -1.#QNAN0
3212.595236, -301.000200, 1.000000, -1.#QNAN0
3212.648780, -301.048642, 1.000000, -1.#QNAN0
3212.872185, -301.192093, 1.000000, -1.#QNAN0
3212.932116, -301.230576, 1.000000, -1.#QNAN0
3213.155436, -301.374109, 1.000000, -1.#QNAN0
3213.215347, -301.412623, 1.000000, -1.#QNAN0
3213.275258, -301.451138, 1.000000, -1.#QNAN0
3213.498410, -301.594727, 1.000000, -1.#QNAN0
3213.558303, -301.633270, 1.000000, -1.#QNAN0
3213.618196, -301.671812, 1.000000, -1.#QNAN0
3213.840801, -301.815098, 1.000000, -1.#QNAN0
3213.900689, -301.853647, 1.000000, -1.#QNAN0
3214.120996, -301.995453, 1.000000, -1.#QNAN0
3214.180885, -302.034002, 1.000000, -1.#QNAN0
3214.240774, -302.072551, 1.000000, -1.#QNAN0
3214.458432, -302.212653, 1.000000, -1.#QNAN0
3214.518321, -302.251202, 1.000000, -1.#QNAN0
3214.578210, -302.289751, 1.000000, -1.#QNAN0
3214.793365, -302.428242, 1.000000, -1.#QNAN0
3214.853254, -302.466791, 1.000000, -1.#QNAN0
3215.059629, -302.613747, 1.000000, -1.#QNAN0
3215.119518, -302.652296, 1.000000, -1.#QNAN0
3215.179407, -302.690845, 1.000000, -1.#QNAN0
3215.390003, -302.826401, 1.000000, -1.#QNAN0
3215.449892, -302.864951, 1.000000, -1.#QNAN0
3215.509781, -302.903500, 1.000000, -1.#QNAN0
3215.718328, -303.037737, 1.000000, -1.#QNAN0
3215.778217, -303.076286, 1.000000, -1.#QNAN0
3215.978448, -303.219287, 1.000000, -1.#QNAN0
3216.038337, -303.257836, 1.000000, -1.#QNAN0
3216.098226, -303.296385, 1.000000, -1.#QNAN0
3216.304469, -303.429139, 1.000000, -1.#QNAN0
3216.364358, -303.467688, 1.000000, -1.#QNAN0
3216.424247, -303.506238, 1.000000, -1.#QNAN0
3216.630490, -303.638992, 1.000000, -1.#QNAN0
3216.683954, -303.687522, 1.000000, -1.#QNAN0
3216.890198, -303.820276, 1.000000, -1.#QNAN0
3216.950087, -303.858826, 1.000000, -1.#QNAN0
3217.009976, -303.897375, 1.000000, -1.#QNAN0
3217.216219, -304.030129, 1.000000, -1.#QNAN0
3217.276108, -304.068678, 1.000000, -1.#QNAN0
3217.335997, -304.107227, 1.000000, -1.#QNAN0
3217.535815, -304.249963, 1.000000, -1.#QNAN0
3217.595704, -304.288512, 1.000000, -1.#QNAN0
3217.801947, -304.421266, 1.000000, -1.#QNAN0
3217.861836, -304.459815, 1.000000, -1.#QNAN0
3217.921725, -304.498364, 1.000000, -1.#QNAN0
3218.127968, -304.631118, 1.000000, -1.#QNAN0
3218.187857, -304.669667, 1.000000, -1.#QNAN0
3218.241321, -304.718198, 1.000000, -1.#QNAN0
3218.447564, -304.850952, 1.000000, -1.#QNAN0
3218.507453, -304.889501, 1.000000, -1.#QNAN0
3218.713697, -305.022255, 1.000000, -1.#QNAN0
3218.773586, -305.060805, 1.000000, -1.#QNAN0
3218.833475, -305.099354, 1.000000, -1.#QNAN0
3219.039718, -305.232108, 1.000000, -1.#QNAN0
3219.099607, -305.270657, 1.000000, -1.#QNAN0
3219.159496, -305.309206, 1.000000, -1.#QNAN0
3219.365739, -305.441960, 1.000000, -1.#QNAN0
3219.425628, -305.480509, 1.000000, -1.#QNAN0
3219.631871, -305.613263, 1.000000, -1.#QNAN0
3219.691760, -305.651813, 1.000000, -1.#QNAN0
3219.751649, -305.690362, 1.000000, -1.#QNAN0
3219.951467, -305.833097, 1.000000, -1.#QNAN0
3220.011356, -305.871646, 1.000000, -1.#QNAN0
3220.071245, -305.910195, 1.000000, -1.#QNAN0
3220.277488, -306.042950, 1.000000, -1.#QNAN0
3220.337377, -306.081499, 1.000000, -1.#QNAN0
3220.539856, -306.211164, 1.000000, -1.#QNAN0
3220.599855, -306.249541, 1.000000, -1.#QNAN0
3220.659854, -306.287919, 1.000000, -1.#QNAN0
3220.845532, -306.402735, 1.000000, -1.#QNAN0
3220.906137, -306.440148, 1.000000, -1.#QNAN0
3220.966742, -306.477561, 1.000000, -1.#QNAN0
3221.148581, -306.584346, 1.000000, -1.#QNAN0
3221.209937, -306.620515, 1.000000, -1.#QNAN0
3221.392751, -306.723911, 1.000000, -1.#QNAN0
3221.454850, -306.758790, 1.000000, -1.#QNAN0
3221.516948, -306.793668, 1.000000, -1.#QNAN0
3221.701453, -306.892306, 1.000000, -1.#QNAN0
3221.764283, -306.925848, 1.000000, -1.#QNAN0
3221.827113, -306.959391, 1.000000, -1.#QNAN0
3222.013267, -307.053151, 1.000000, -1.#QNAN0
3222.076815, -307.085312, 1.000000, -1.#QNAN0
3222.263871, -307.175506, 1.000000, -1.#QNAN0
3222.328121, -307.206242, 1.000000, -1.#QNAN0
3222.392371, -307.236978, 1.000000, -1.#QNAN0
3222.581554, -307.322459, 1.000000, -1.#QNAN0
3222.646475, -307.351751, 1.000000, -1.#QNAN0
3222.711395, -307.381044, 1.000000, -1.#QNAN0
3222.927545, -307.477208, 1.000000, -1.#QNAN0
3222.987790, -307.517011, 1.000000, -1.#QNAN0
3223.211532, -307.616578, 1.000000, -1.#QNAN0
3223.276602, -307.645536, 1.000000, -1.#QNAN0
3223.341673, -307.674493, 1.000000, -1.#QNAN0
3223.559805, -307.771564, 1.000000, -1.#QNAN0
3223.624875, -307.800521, 1.000000, -1.#QNAN0
3223.826553, -307.890270, 1.000000, -1.#QNAN0
3223.891623, -307.919227, 1.000000, -1.#QNAN0
3224.082866, -308.017325, 1.000000, -1.#QNAN0
3224.147937, -308.046282, 1.000000, -1.#QNAN0
3224.217834, -308.064395, 1.000000, -1.#QNAN0
3224.408295, -308.149152, 1.000000, -1.#QNAN0
3224.473366, -308.178109, 1.000000, -1.#QNAN0
3224.658219, -308.260371, 1.000000, -1.#QNAN0
3224.826622, -308.335312, 1.000000, -1.#QNAN0
3224.891693, -308.364269, 1.000000, -1.#QNAN0
3225.065676, -308.441694, 1.000000, -1.#QNAN0
3225.130747, -308.470651, 1.000000, -1.#QNAN0
3225.304730, -308.548076, 1.000000, -1.#QNAN0
3225.369801, -308.577033, 1.000000, -1.#QNAN0
3225.538959, -308.665303, 1.000000, -1.#QNAN0
3225.712942, -308.742728, 1.000000, -1.#QNAN0
3225.778013, -308.771685, 1.000000, -1.#QNAN0
3225.951996, -308.849109, 1.000000, -1.#QNAN0
3226.017067, -308.878067, 1.000000, -1.#QNAN0
3226.191051, -308.955491, 1.000000, -1.#QNAN0
3226.365034, -309.032916, 1.000000, -1.#QNAN0
3226.430105, -309.061873, 1.000000, -1.#QNAN0
3226.604088, -309.139298, 1.000000, -1.#QNAN0
3226.669159, -309.168255, 1.000000, -1.#QNAN0
3226.843143, -309.245680, 1.000000, -1.#QNAN0
3227.017126, -309.323104, 1.000000, -1.#QNAN0
3227.082197, -309.352062, 1.000000, -1.#QNAN0
3227.256180, -309.429486, 1.000000, -1.#QNAN0
3227.326077, -309.447598, 1.000000, -1.#QNAN0
3227.500061, -309.525023, 1.000000, -1.#QNAN0
3227.674044, -309.602448, 1.000000, -1.#QNAN0
3227.739115, -309.631405, 1.000000, -1.#QNAN0
3227.917925, -309.697984, 1.000000, -1.#QNAN0
3227.982995, -309.726942, 1.000000, -1.#QNAN0
3228.156979, -309.804366, 1.000000, -1.#QNAN0
3228.330962, -309.881791, 1.000000, -1.#QNAN0
3228.396033, -309.910748, 1.000000, -1.#QNAN0
3228.570017, -309.988173, 1.000000, -1.#QNAN0
3228.635087, -310.017130, 1.000000, -1.#QNAN0
3228.804245, -310.105400, 1.000000, -1.#QNAN0
3228.978228, -310.182825, 1.000000, -1.#QNAN0
3229.043299, -310.211782, 1.000000, -1.#QNAN0
3229.217282, -310.289206, 1.000000, -1.#QNAN0
3229.287179, -310.307318, 1.000000, -1.#QNAN0
3229.456337, -310.395588, 1.000000, -1.#QNAN0
3229.630320, -310.473013, 1.000000, -1.#QNAN0
3229.695391, -310.501970, 1.000000, -1.#QNAN0
3229.872227, -310.580664, 1.000000, -1.#QNAN0
3229.942123, -310.598776, 1.000000, -1.#QNAN0
3230.125942, -310.680577, 1.000000, -1.#QNAN0
3230.316353, -310.765269, 1.000000, -1.#QNAN0
3230.386255, -310.783363, 1.000000, -1.#QNAN0
3230.583078, -310.870775, 1.000000, -1.#QNAN0
3230.648175, -310.899672, 1.000000, -1.#QNAN0
3230.718089, -310.917719, 1.000000, -1.#QNAN0
3230.921281, -311.007638, 1.000000, -1.#QNAN0
3230.991215, -311.025606, 1.000000, -1.#QNAN0
3231.201044, -311.118140, 1.000000, -1.#QNAN0
3231.271004, -311.136007, 1.000000, -1.#QNAN0
3231.498274, -311.235824, 1.000000, -1.#QNAN0
3231.568266, -311.253567, 1.000000, -1.#QNAN0
3231.633488, -311.282181, 1.000000, -1.#QNAN0
3231.869202, -311.372073, 1.000000, -1.#QNAN0
3231.934488, -311.400543, 1.000000, -1.#QNAN0
3232.004518, -311.418131, 1.000000, -1.#QNAN0
3232.234641, -311.517686, 1.000000, -1.#QNAN0
3232.300009, -311.545967, 1.000000, -1.#QNAN0
3232.538138, -311.635856, 1.000000, -1.#QNAN0
3232.603531, -311.664079, 1.000000, -1.#QNAN0
3232.673628, -311.681403, 1.000000, -1.#QNAN0
3232.913229, -311.771882, 1.000000, -1.#QNAN0
3232.978622, -311.800104, 1.000000, -1.#QNAN0
3233.044015, -311.828327, 1.000000, -1.#QNAN0
3233.283616, -311.918806, 1.000000, -1.#QNAN0
3233.349008, -311.947029, 1.000000, -1.#QNAN0
3233.583906, -312.048407, 1.000000, -1.#QNAN0
3233.649299, -312.076629, 1.000000, -1.#QNAN0
3233.714691, -312.104852, 1.000000, -1.#QNAN0
3233.954293, -312.195331, 1.000000, -1.#QNAN0
3234.019686, -312.223554, 1.000000, -1.#QNAN0
3234.085078, -312.251776, 1.000000, -1.#QNAN0
3234.319976, -312.353154, 1.000000, -1.#QNAN0
3234.385369, -312.381377, 1.000000, -1.#QNAN0
3234.620266, -312.482755, 1.000000, -1.#QNAN0
3234.685659, -312.510977, 1.000000, -1.#QNAN0
3234.751051, -312.539200, 1.000000, -1.#QNAN0
3234.985949, -312.640578, 1.000000, -1.#QNAN0
3235.056046, -312.657902, 1.000000, -1.#QNAN0
3235.121438, -312.686124, 1.000000, -1.#QNAN0
3235.356336, -312.787502, 1.000000, -1.#QNAN0
3235.421729, -312.815725, 1.000000, -1.#QNAN0
3235.656626, -312.917103, 1.000000, -1.#QNAN0
3235.722019, -312.945325, 1.000000, -1.#QNAN0
3235.787411, -312.973548, 1.000000, -1.#QNAN0
3236.022309, -313.074926, 1.000000, -1.#QNAN0
3236.092406, -313.092250, 1.000000, -1.#QNAN0
3236.157798, -313.120472, 1.000000, -1.#QNAN0
3236.392696, -313.221850, 1.000000, -1.#QNAN0
3236.458089, -313.250073, 1.000000, -1.#QNAN0
3236.688282, -313.362349, 1.000000, -1.#QNAN0
3236.753675, -313.390572, 1.000000, -1.#QNAN0
3236.819068, -313.418794, 1.000000, -1.#QNAN0
3237.053734, -313.520036, 1.000000, -1.#QNAN0
3237.123833, -313.537350, 1.000000, -1.#QNAN0
3237.193932, -313.554663, 1.000000, -1.#QNAN0
3237.429479, -313.642661, 1.000000, -1.#QNAN0
3237.499621, -313.659798, 1.000000, -1.#QNAN0
3237.727435, -313.756417, 1.000000, -1.#QNAN0
3237.797652, -313.773243, 1.000000, -1.#QNAN0
3237.863244, -313.801001, 1.000000, -1.#QNAN0
3238.098027, -313.886659, 1.000000, -1.#QNAN0
3238.163709, -313.914202, 1.000000, -1.#QNAN0
3238.229390, -313.941746, 1.000000, -1.#QNAN0
3238.461232, -314.038293, 1.000000, -1.#QNAN0
3238.526981, -314.065675, 1.000000, -1.#QNAN0
3238.759692, -314.162131, 1.000000, -1.#QNAN0
3238.820957, -314.200346, 1.000000, -1.#QNAN0
3238.886762, -314.227592, 1.000000, -1.#QNAN0
3239.115982, -314.334955, 1.000000, -1.#QNAN0
3239.186354, -314.351123, 1.000000, -1.#QNAN0
3239.252202, -314.378265, 1.000000, -1.#QNAN0
3239.489221, -314.462994, 1.000000, -1.#QNAN0
3239.555082, -314.490105, 1.000000, -1.#QNAN0
3239.787493, -314.585773, 1.000000, -1.#QNAN0
3239.853354, -314.612884, 1.000000, -1.#QNAN0
3239.923734, -314.629018, 1.000000, -1.#QNAN0
3240.144315, -314.719817, 1.000000, -1.#QNAN0
3240.214695, -314.735951, 1.000000, -1.#QNAN0
3240.434518, -314.826438, 1.000000, -1.#QNAN0
3240.500380, -314.853549, 1.000000, -1.#QNAN0
3240.566241, -314.880660, 1.000000, -1.#QNAN0
3240.774437, -314.966361, 1.000000, -1.#QNAN0
3240.840298, -314.993472, 1.000000, -1.#QNAN0
3241.052483, -315.067977, 1.000000, -1.#QNAN0
3241.122863, -315.084111, 1.000000, -1.#QNAN0
3241.323675, -315.153936, 1.000000, -1.#QNAN0
3241.394055, -315.170070, 1.000000, -1.#QNAN0
3241.597638, -315.241035, 1.000000, -1.#QNAN0
3241.663500, -315.268146, 1.000000, -1.#QNAN0
3241.858046, -315.361065, 1.000000, -1.#QNAN0
3241.923908, -315.388176, 1.000000, -1.#QNAN0
3242.127491, -315.459142, 1.000000, -1.#QNAN0
3242.202390, -315.464299, 1.000000, -1.#QNAN0
3242.415010, -315.513310, 1.000000, -1.#QNAN0
3242.494427, -315.507490, 1.000000, -1.#QNAN0
3242.711566, -315.545525, 1.000000, -1.#QNAN0
3242.790983, -315.539705, 1.000000, -1.#QNAN0
3242.994566, -315.610671, 1.000000, -1.#QNAN0
3243.064946, -315.626805, 1.000000, -1.#QNAN0
3243.268529, -315.697770, 1.000000, -1.#QNAN0
3243.334390, -315.724881, 1.000000, -1.#QNAN0
3243.537974, -315.795846, 1.000000, -1.#QNAN0
3243.608354, -315.811980, 1.000000, -1.#QNAN0
3243.811937, -315.882946, 1.000000, -1.#QNAN0
3243.882317, -315.899079, 1.000000, -1.#QNAN0
3244.085901, -315.970045, 1.000000, -1.#QNAN0
3244.151762, -315.997156, 1.000000, -1.#QNAN0
3244.355345, -316.068121, 1.000000, -1.#QNAN0
3244.421207, -316.095232, 1.000000, -1.#QNAN0
3244.620272, -316.177174, 1.000000, -1.#QNAN0
3244.686133, -316.204285, 1.000000, -1.#QNAN0
3244.885198, -316.286227, 1.000000, -1.#QNAN0
3244.946541, -316.324315, 1.000000, -1.#QNAN0
3245.145606, -316.406257, 1.000000, -1.#QNAN0
3245.211467, -316.433368, 1.000000, -1.#QNAN0
3245.410532, -316.515310, 1.000000, -1.#QNAN0
3245.480912, -316.531444, 1.000000, -1.#QNAN0
3245.679977, -316.613387, 1.000000, -1.#QNAN0
3245.745838, -316.640497, 1.000000, -1.#QNAN0
3245.944903, -316.722440, 1.000000, -1.#QNAN0
3246.015283, -316.738574, 1.000000, -1.#QNAN0
3246.214348, -316.820516, 1.000000, -1.#QNAN0
3246.280210, -316.847627, 1.000000, -1.#QNAN0
3246.479274, -316.929569, 1.000000, -1.#QNAN0
3246.549654, -316.945703, 1.000000, -1.#QNAN0
3246.746965, -317.026770, 1.000000, -1.#QNAN0
3246.812850, -317.053825, 1.000000, -1.#QNAN0
3247.009924, -317.121359, 1.000000, -1.#QNAN0
3247.075893, -317.148206, 1.000000, -1.#QNAN0
3247.245569, -317.214932, 1.000000, -1.#QNAN0
3247.316231, -317.229779, 1.000000, -1.#QNAN0
3247.490532, -317.295794, 1.000000, -1.#QNAN0
3247.561374, -317.309764, 1.000000, -1.#QNAN0
3247.733276, -317.372197, 1.000000, -1.#QNAN0
3247.804304, -317.385185, 1.000000, -1.#QNAN0
3247.976854, -317.432320, 1.000000, -1.#QNAN0
3248.048074, -317.444208, 1.000000, -1.#QNAN0
3248.216188, -317.486671, 1.000000, -1.#QNAN0
3248.287603, -317.497324, 1.000000, -1.#QNAN0
3248.450528, -317.534706, 1.000000, -1.#QNAN0
3248.522137, -317.543969, 1.000000, -1.#QNAN0
3248.676628, -317.587584, 1.000000, -1.#QNAN0
3248.745227, -317.606738, 1.000000, -1.#QNAN0
3248.910782, -317.650452, 1.000000, -1.#QNAN0
3248.979693, -317.668452, 1.000000, -1.#QNAN0
3249.180980, -317.733297, 1.000000, -1.#QNAN0
3249.246891, -317.762782, 1.000000, -1.#QNAN0
3249.450457, -317.815954, 1.000000, -1.#QNAN0
3249.519368, -317.833954, 1.000000, -1.#QNAN0
3249.722590, -317.887036, 1.000000, -1.#QNAN0
3249.791501, -317.905036, 1.000000, -1.#QNAN0
3249.994722, -317.958118, 1.000000, -1.#QNAN0
3250.063633, -317.976117, 1.000000, -1.#QNAN0
3250.266855, -318.029199, 1.000000, -1.#QNAN0
3250.335766, -318.047199, 1.000000, -1.#QNAN0
3250.538988, -318.100281, 1.000000, -1.#QNAN0
3250.607899, -318.118281, 1.000000, -1.#QNAN0
3250.811120, -318.171363, 1.000000, -1.#QNAN0
3250.880031, -318.189362, 1.000000, -1.#QNAN0
3251.083252, -318.242444, 1.000000, -1.#QNAN0
3251.155163, -318.248959, 1.000000, -1.#QNAN0
3251.358385, -318.302041, 1.000000, -1.#QNAN0
3251.430296, -318.308555, 1.000000, -1.#QNAN0
3251.633517, -318.361637, 1.000000, -1.#QNAN0
3251.705428, -318.368152, 1.000000, -1.#QNAN0
3251.908650, -318.421234, 1.000000, -1.#QNAN0
3251.980561, -318.427748, 1.000000, -1.#QNAN0
3252.180782, -318.492315, 1.000000, -1.#QNAN0
3252.246693, -318.521800, 1.000000, -1.#QNAN0
3252.446915, -318.586367, 1.000000, -1.#QNAN0
3252.512826, -318.615852, 1.000000, -1.#QNAN0
3252.716047, -318.668934, 1.000000, -1.#QNAN0
3252.784958, -318.686934, 1.000000, -1.#QNAN0
3252.988180, -318.740016, 1.000000, -1.#QNAN0
3253.057091, -318.758016, 1.000000, -1.#QNAN0
3253.263312, -318.799612, 1.000000, -1.#QNAN0
3253.332223, -318.817612, 1.000000, -1.#QNAN0
3253.535445, -318.870694, 1.000000, -1.#QNAN0
3253.607356, -318.877209, 1.000000, -1.#QNAN0
3253.810577, -318.930291, 1.000000, -1.#QNAN0
3253.882488, -318.936805, 1.000000, -1.#QNAN0
3254.088710, -318.978402, 1.000000, -1.#QNAN0
3254.160621, -318.984916, 1.000000, -1.#QNAN0
3254.363842, -319.037998, 1.000000, -1.#QNAN0
3254.435753, -319.044513, 1.000000, -1.#QNAN0
3254.638975, -319.097595, 1.000000, -1.#QNAN0
3254.707886, -319.115595, 1.000000, -1.#QNAN0
3254.911107, -319.168676, 1.000000, -1.#QNAN0
3254.980018, -319.186676, 1.000000, -1.#QNAN0
3255.183239, -319.239758, 1.000000, -1.#QNAN0
3255.252151, -319.257758, 1.000000, -1.#QNAN0
3255.453823, -319.310325, 1.000000, -1.#QNAN0
3255.525738, -319.316792, 1.000000, -1.#QNAN0
3255.725128, -319.368461, 1.000000, -1.#QNAN0
3255.791107, -319.397794, 1.000000, -1.#QNAN0
3255.987597, -319.448302, 1.000000, -1.#QNAN0
3256.056586, -319.466002, 1.000000, -1.#QNAN0
3256.267735, -319.519818, 1.000000, -1.#QNAN0
3256.336762, -319.537370, 1.000000, -1.#QNAN0
3256.405788, -319.554921, 1.000000, -1.#QNAN0
3256.617904, -319.620584, 1.000000, -1.#QNAN0
3256.686970, -319.637980, 1.000000, -1.#QNAN0
3256.903445, -319.704236, 1.000000, -1.#QNAN0
3256.972552, -319.721465, 1.000000, -1.#QNAN0
3257.208279, -319.779741, 1.000000, -1.#QNAN0
3257.280272, -319.785268, 1.000000, -1.#QNAN0
3257.352266, -319.790794, 1.000000, -1.#QNAN0
3257.600662, -319.839636, 1.000000, -1.#QNAN0
3257.669826, -319.856635, 1.000000, -1.#QNAN0
3257.738991, -319.873633, 1.000000, -1.#QNAN0
3257.995142, -319.924363, 1.000000, -1.#QNAN0
3258.064307, -319.941362, 1.000000, -1.#QNAN0
3258.326283, -319.993523, 1.000000, -1.#QNAN0
3258.395447, -320.010522, 1.000000, -1.#QNAN0
3258.467445, -320.015993, 1.000000, -1.#QNAN0
3258.726588, -320.079681, 1.000000, -1.#QNAN0
3258.795752, -320.096680, 1.000000, -1.#QNAN0
3258.864917, -320.113678, 1.000000, -1.#QNAN0
3259.124060, -320.177367, 1.000000, -1.#QNAN0
3259.193224, -320.194366, 1.000000, -1.#QNAN0
3259.262389, -320.211364, 1.000000, -1.#QNAN0
3259.521532, -320.275053, 1.000000, -1.#QNAN0
3259.590697, -320.292052, 1.000000, -1.#QNAN0
3259.659861, -320.309050, 1.000000, -1.#QNAN0
3259.921837, -320.361211, 1.000000, -1.#QNAN0
3259.991002, -320.378210, 1.000000, -1.#QNAN0
3260.062999, -320.383681, 1.000000, -1.#QNAN0
3260.322142, -320.447370, 1.000000, -1.#QNAN0
3260.394140, -320.452841, 1.000000, -1.#QNAN0
3260.653282, -320.516529, 1.000000, -1.#QNAN0
3260.722447, -320.533528, 1.000000, -1.#QNAN0
3260.791612, -320.550526, 1.000000, -1.#QNAN0
3261.053587, -320.602688, 1.000000, -1.#QNAN0
3261.125585, -320.608159, 1.000000, -1.#QNAN0
3261.194750, -320.625157, 1.000000, -1.#QNAN0
3261.453892, -320.688846, 1.000000, -1.#QNAN0
3261.525890, -320.694317, 1.000000, -1.#QNAN0
3261.595055, -320.711315, 1.000000, -1.#QNAN0
3261.854197, -320.775004, 1.000000, -1.#QNAN0
3261.926195, -320.780475, 1.000000, -1.#QNAN0
3261.998193, -320.785946, 1.000000, -1.#QNAN0
3262.260168, -320.838108, 1.000000, -1.#QNAN0
3262.332166, -320.843579, 1.000000, -1.#QNAN0
3262.401331, -320.860577, 1.000000, -1.#QNAN0
3262.663306, -320.912738, 1.000000, -1.#QNAN0
3262.732471, -320.929737, 1.000000, -1.#QNAN0
3262.994447, -320.981898, 1.000000, -1.#QNAN0
3263.063612, -320.998897, 1.000000, -1.#QNAN0
3263.132777, -321.015895, 1.000000, -1.#QNAN0
3263.391919, -321.079584, 1.000000, -1.#QNAN0
3263.461084, -321.096583, 1.000000, -1.#QNAN0
3263.533081, -321.102054, 1.000000, -1.#QNAN0
3263.699692, -321.111506, 1.000000, -1.#QNAN0
3263.774238, -321.102607, 1.000000, -1.#QNAN0
3263.846392, -321.105334, 1.000000, -1.#QNAN0
3263.932053, -321.124779, 1.000000, -1.#QNAN0
3264.000982, -321.146283, 1.000000, -1.#QNAN0
3264.071535, -321.156028, 1.000000, -1.#QNAN0
3264.197576, -321.163762, 1.000000, -1.#QNAN0
3264.268540, -321.169831, 1.000000, -1.#QNAN0
3264.339504, -321.175899, 1.000000, -1.#QNAN0
3264.485399, -321.179127, 1.000000, -1.#QNAN0
3264.556563, -321.182020, 1.000000, -1.#QNAN0
3264.719085, -321.182639, 1.000000, -1.#QNAN0
3264.790282, -321.194660, 1.000000, -1.#QNAN0
3264.861505, -321.194809, 1.000000, -1.#QNAN0
3265.038813, -321.201234, 1.000000, -1.#QNAN0
3265.110372, -321.210875, 1.000000, -1.#QNAN0
3265.181560, -321.208651, 1.000000, -1.#QNAN0
3265.414642, -321.210513, 1.000000, -1.#QNAN0
3265.485796, -321.207382, 1.000000, -1.#QNAN0
3265.556950, -321.204250, 1.000000, -1.#QNAN0
3265.820273, -321.192365, 1.000000, -1.#QNAN0
3265.891423, -321.189146, 1.000000, -1.#QNAN0
3265.962574, -321.185927, 1.000000, -1.#QNAN0
3266.229153, -321.173868, 1.000000, -1.#QNAN0
3266.299767, -321.158791, 1.000000, -1.#QNAN0
3266.370381, -321.143714, 1.000000, -1.#QNAN0
3266.636424, -321.119796, 1.000000, -1.#QNAN0
3266.707038, -321.104719, 1.000000, -1.#QNAN0
3266.979420, -321.080514, 1.000000, -1.#QNAN0
3267.050034, -321.065437, 1.000000, -1.#QNAN0
3267.120111, -321.038501, 1.000000, -1.#QNAN0
3267.390017, -321.014409, 1.000000, -1.#QNAN0
3267.460094, -320.987473, 1.000000, -1.#QNAN0
3267.530708, -320.972396, 1.000000, -1.#QNAN0
3267.810067, -320.947876, 1.000000, -1.#QNAN0
3267.880681, -320.932798, 1.000000, -1.#QNAN0
3267.951831, -320.929580, 1.000000, -1.#QNAN0
3268.241247, -320.916487, 1.000000, -1.#QNAN0
3268.312397, -320.913268, 1.000000, -1.#QNAN0
3268.383011, -320.898191, 1.000000, -1.#QNAN0
3268.669076, -320.861485, 1.000000, -1.#QNAN0
3268.739153, -320.834549, 1.000000, -1.#QNAN0
3268.809767, -320.819472, 1.000000, -1.#QNAN0
3269.105471, -320.782330, 1.000000, -1.#QNAN0
3269.176084, -320.767253, 1.000000, -1.#QNAN0
3269.246698, -320.752176, 1.000000, -1.#QNAN0
3269.317312, -320.737099, 1.000000, -1.#QNAN0
3269.611387, -320.711912, 1.000000, -1.#QNAN0
3269.682000, -320.696835, 1.000000, -1.#QNAN0
3269.753151, -320.693617, 1.000000, -1.#QNAN0
3270.050874, -320.680148, 1.000000, -1.#QNAN0
3270.121488, -320.665071, 1.000000, -1.#QNAN0
3270.191565, -320.638136, 1.000000, -1.#QNAN0
3270.488752, -320.612809, 0.000000, -1.#QNAN0
3270.559365, -320.597732, 0.000000, -1.#QNAN0
3270.630516, -320.594513, 0.000000, -1.#QNAN0
3270.701129, -320.579436, 0.000000, -1.#QNAN0
3270.998853, -320.565967, 0.000000, -1.#QNAN0
3271.069467, -320.550890, 0.000000, -1.#QNAN0
3271.140617, -320.547671, 0.000000, -1.#QNAN0
3271.438340, -320.534203, 0.000000, -1.#QNAN0
3271.508954, -320.519126, 0.000000, -1.#QNAN0
3271.580104, -320.515907, 0.000000, -1.#QNAN0
3272.016769, -323.573758, -1.000000, -1.#QNAN0
3271.948441, -320.487361, 1.000000, -1.#QNAN0
3272.019055, -320.472284, 1.000000, -1.#QNAN0
3272.090205, -320.469066, 1.000000, -1.#QNAN0
3272.387393, -320.443739, 1.000000, -1.#QNAN0
3272.458006, -320.428662, 1.000000, -1.#QNAN0
3272.528620, -320.413585, 1.000000, -1.#QNAN0
3272.826343, -320.400116, 1.000000, -1.#QNAN0
3272.896957, -320.385039, 1.000000, -1.#QNAN0
3272.968107, -320.381820, 1.000000, -1.#QNAN0
3273.265294, -320.356493, 1.000000, -1.#QNAN0
3273.336444, -320.353275, 1.000000, -1.#QNAN0
3273.407595, -320.350056, 1.000000, -1.#QNAN0
3273.478745, -320.346837, 1.000000, -1.#QNAN0
3273.776469, -320.333369, 1.000000, -1.#QNAN0
3273.847082, -320.318292, 1.000000, -1.#QNAN0
3273.918233, -320.315073, 1.000000, -1.#QNAN0
3274.215419, -320.289746, 1.000000, -1.#QNAN0
3274.286570, -320.286527, 1.000000, -1.#QNAN0
3274.357183, -320.271450, 1.000000, -1.#QNAN0
3274.663555, -320.258280, 1.000000, -1.#QNAN0
3274.734209, -320.243394, 1.000000, -1.#QNAN0
3274.805368, -320.240367, 1.000000, -1.#QNAN0
3274.876527, -320.237341, 1.000000, -1.#QNAN0
3275.213481, -320.215045, 1.000000, -1.#QNAN0
3275.284672, -320.212895, 1.000000, -1.#QNAN0
3275.355504, -320.198880, 1.000000, -1.#QNAN0
3275.700173, -320.180921, 1.000000, -1.#QNAN0
3275.771387, -320.179805, 1.000000, -1.#QNAN0
3275.842415, -320.166820, 1.000000, -1.#QNAN0
3276.184537, -320.153287, 1.000000, -1.#QNAN0
3276.255735, -320.141267, 1.000000, -1.#QNAN0
3276.326957, -320.141117, 1.000000, -1.#QNAN0
3276.405061, -323.417220, -1.000000, -1.#QNAN0
3196.813435, -294.556160, 0.000000, 0.000000
3197.010604, -294.710856, 0.000000, 0.000000
3197.066638, -294.754819, 0.000000, 0.000000
3197.115346, -294.808122, 0.000000, 0.000000
3197.312515, -294.962818, 0.000000, 0.000000
3197.368550, -295.006782, 0.000000, 0.000000
3197.558392, -295.170816, 0.000000, 0.000000
3197.614427, -295.214780, 0.000000, 0.000000
3197.670461, -295.258744, 0.000000, 0.000000
3197.867630, -295.413439, 0.000000, 0.000000
3197.916338, -295.466742, 0.000000, 0.000000
3198.113507, -295.621438, 0.000000, 0.000000
3198.169542, -295.665402, 0.000000, 0.000000
3198.225577, -295.709365, 0.000000, 0.000000
3198.415419, -295.873400, 0.000000, 0.000000
3198.471453, -295.917364, 0.000000, 0.000000
3198.668622, -296.072059, 0.000000, 0.000000
3198.717330, -296.125362, 0.000000, 0.000000
3198.773365, -296.169326, 0.000000, 0.000000
3198.970534, -296.324021, 0.000000, 0.000000
3199.026569, -296.367985, 0.000000, 0.000000
3199.216411, -296.532020, 0.000000, 0.000000
3199.272445, -296.575983, 0.000000, 0.000000
3199.328480, -296.619947, 0.000000, 0.000000
3199.518322, -296.783982, 0.000000, 0.000000
3199.574357, -296.827945, 0.000000, 0.000000
3199.771526, -296.982641, 0.000000, 0.000000
3199.827561, -297.026605, 0.000000, 0.000000
3199.876268, -297.079908, 0.000000, 0.000000
3200.074771, -297.235398, 0.000000, 0.000000
3200.130841, -297.279318, 0.000000, 0.000000
3200.333890, -297.437416, 0.000000, 0.000000
3200.382822, -297.490513, 0.000000, 0.000000
3200.439042, -297.534240, 0.000000, 0.000000
3200.656150, -297.699374, 0.000000, 0.000000
3200.705676, -297.751917, 0.000000, 0.000000
3200.925926, -297.915838, 0.000000, 0.000000
3200.983151, -297.958242, 0.000000, 0.000000
3201.040375, -298.000645, 0.000000, 0.000000
3201.255434, -298.170918, 0.000000, 0.000000
3201.313156, -298.212643, 0.000000, 0.000000
3201.538339, -298.371869, 0.000000, 0.000000
3201.589751, -298.422568, 0.000000, 0.000000
3201.647995, -298.463560, 0.000000, 0.000000
3201.877125, -298.620456, 0.000000, 0.000000
3201.935917, -298.660657, 0.000000, 0.000000
3202.162020, -298.825622, 0.000000, 0.000000
3202.221388, -298.864969, 0.000000, 0.000000
3202.280755, -298.904316, 0.000000, 0.000000
3202.506524, -299.064154, 0.000000, 0.000000
3202.566389, -299.102740, 0.000000, 0.000000
3202.787431, -299.244045, 0.000000, 0.000000
3202.847466, -299.282366, 0.000000, 0.000000
3202.901114, -299.330693, 0.000000, 0.000000
3203.107788, -299.462615, 0.000000, 0.000000
3203.167823, -299.500936, 0.000000, 0.000000
3203.377603, -299.634842, 0.000000, 0.000000
3203.431251, -299.683169, 0.000000, 0.000000
3203.491286, -299.721490, 0.000000, 0.000000
3203.704173, -299.857378, 0.000000, 0.000000
3203.757821, -299.905705, 0.000000, 0.000000
3203.817856, -299.944027, 0.000000, 0.000000
3204.033849, -300.081898, 0.000000, 0.000000
3204.093884, -300.120219, 0.000000, 0.000000
3204.306598, -300.270080, 0.000000, 0.000000
3204.366633, -300.308401, 0.000000, 0.000000
3204.426668, -300.346722, 0.000000, 0.000000
3204.642487, -300.498565, 0.000000, 0.000000
3204.702523, -300.536886, 0.000000, 0.000000
3204.768944, -300.565202, 1.000000, 0.000000
3204.991928, -300.707535, 1.000000, 0.000000
3205.058350, -300.735850, 1.000000, 0.000000
3205.281334, -300.878184, 1.000000, 0.000000
3205.341369, -300.916505, 1.000000, 0.000000
3205.407790, -300.944820, 1.000000, 0.000000
3205.630774, -301.087154, 1.000000, 0.000000
3205.690809, -301.125475, 1.000000, 0.000000
3205.750844, -301.163796, 1.000000, 0.000000
3205.973827, -301.306129, 1.000000, 0.000000
3206.053023, -301.314433, 1.000000, 0.000000
3206.276007, -301.456766, 1.000000, 0.000000
3206.336042, -301.495088, 1.000000, 0.000000
3206.396077, -301.533409, 1.000000, 0.000000
3206.612674, -301.685748, 1.000000, 0.000000
3206.672709, -301.724069, 1.000000, 0.000000
3206.732744, -301.762390, 1.000000, 0.000000
3206.955727, -301.904723, 1.000000, 0.000000
3207.015762, -301.943045, 1.000000, 0.000000
3207.238746, -302.085378, 1.000000, 0.000000
3207.298781, -302.123699, 1.000000, 0.000000
3207.358816, -302.162020, 1.000000, 0.000000
3207.581799, -302.304354, 1.000000, 0.000000
3207.635448, -302.352681, 1.000000, 0.000000
3207.695483, -302.391002, 1.000000, 0.000000
3207.918466, -302.533335, 1.000000, 0.000000
3207.972114, -302.581662, 1.000000, 0.000000
3208.195098, -302.723996, 1.000000, 0.000000
3208.255133, -302.762317, 1.000000, 0.000000
3208.315168, -302.800638, 1.000000, 0.000000
3208.538151, -302.942971, 1.000000, 0.000000
3208.598187, -302.981293, 1.000000, 0.000000
3208.658222, -303.019614, 1.000000, 0.000000
3208.881205, -303.161947, 1.000000, 0.000000
3208.934853, -303.210274, 1.000000, 0.000000
3209.157837, -303.352607, 1.000000, 0.000000
3209.217872, -303.390929, 1.000000, 0.000000
3209.277907, -303.429250, 1.000000, 0.000000
3209.500155, -303.571226, 1.000000, 0.000000
3209.560175, -303.609570, 1.000000, 0.000000
3209.620195, -303.647915, 1.000000, 0.000000
3209.841994, -303.789803, 1.000000, 0.000000
3209.895594, -303.838183, 1.000000, 0.000000
3210.117322, -303.980179, 1.000000, 0.000000
3210.145283, -304.068574, 1.000000, 0.000000
3210.205257, -304.106990, 1.000000, 0.000000
3210.426931, -304.249145, 1.000000, 0.000000
3210.486884, -304.287595, 1.000000, 0.000000
3210.559653, -304.306061, 0.000000, 0.000000
3210.781283, -304.448373, 0.000000, 0.000000
3210.841214, -304.486856, 0.000000, 0.000000
3211.062811, -304.629282, 0.000000, 0.000000
3211.122722, -304.667797, 0.000000, 0.000000
3211.182633, -304.706311, 0.000000, 0.000000
3211.404267, -304.848924, 0.000000, 0.000000
3211.457737, -304.897449, 0.000000, 0.000000
3211.517630, -304.935991, 0.000000, 0.000000
3211.739873, -305.079044, 0.000000, 0.000000
3211.799761, -305.117593, 0.000000, 0.000000
3212.020068, -305.259399, 0.000000, 0.000000
3212.079957, -305.297948, 0.000000, 0.000000
3212.139845, -305.336497, 0.000000, 0.000000
3212.357504, -305.476599, 0.000000, 0.000000
3212.417393, -305.515148, 0.000000, 0.000000
3212.477282, -305.553697, 0.000000, 0.000000
3212.692437, -305.692188, 0.000000, 0.000000
3212.752326, -305.730737, 0.000000, 0.000000
3212.965126, -305.867712, 0.000000, 0.000000
3213.025015, -305.906261, 0.000000, 0.000000
3213.084904, -305.944810, 0.000000, 0.000000
3213.289075, -306.090347, 0.000000, 0.000000
3213.348964, -306.128897, 0.000000, 0.000000
3213.408853, -306.167446, 0.000000, 0.000000
3213.617400, -306.301683, 0.000000, 0.000000
3213.677289, -306.340232, 0.000000, 0.000000
3213.883945, -306.473252, 0.000000, 0.000000
3213.943834, -306.511801, 0.000000, 0.000000
3214.003723, -306.550350, 0.000000, 0.000000
3214.209966, -306.683104, 0.000000, 0.000000
3214.269855, -306.721653, 0.000000, 0.000000
3214.329744, -306.760202, 0.000000, 0.000000
3214.535987, -306.892956, 0.000000, 0.000000
3214.595876, -306.931505, 0.000000, 0.000000
3214.802120, -307.064260, 0.000000, 0.000000
3214.855584, -307.112790, 0.000000, 0.000000
3214.915473, -307.151339, 0.000000, 0.000000
3215.121716, -307.284093, 0.000000, 0.000000
3215.181605, -307.322643, 0.000000, 0.000000
3215.241494, -307.361192, 0.000000, 0.000000
3215.447737, -307.493946, 0.000000, 0.000000
3215.507626, -307.532495, 0.000000, 0.000000
3215.713869, -307.665249, 0.000000, 0.000000
3215.773758, -307.703798, 0.000000, 0.000000
3215.833647, -307.742347, 0.000000, 0.000000
3216.039890, -307.875101, 0.000000, 0.000000
3216.099779, -307.913651, 0.000000, 0.000000
3216.159668, -307.952200, 0.000000, 0.000000
3216.365911, -308.084954, 0.000000, 0.000000
3216.425800, -308.123503, 0.000000, 0.000000
3216.625619, -308.266239, 0.000000, 0.000000
3216.685508, -308.304788, 0.000000, 0.000000
3216.745396, -308.343337, 0.000000, 0.000000
3216.951640, -308.476091, 0.000000, 0.000000
3217.011529, -308.514640, 0.000000, 0.000000
3217.071417, -308.553189, 0.000000, 0.000000
3217.277661, -308.685943, 0.000000, 0.000000
3217.337550, -308.724492, 0.000000, 0.000000
3217.543793, -308.857247, 0.000000, 0.000000
3217.603682, -308.895796, 0.000000, 0.000000
3217.663571, -308.934345, 0.000000, 0.000000
3217.869814, -309.067099, 0.000000, 0.000000
3217.929703, -309.105648, 0.000000, 0.000000
3217.989592, -309.144197, 0.000000, 0.000000
3218.195835, -309.276951, 0.000000, 0.000000
3218.249299, -309.325482, 0.000000, 0.000000
3218.461081, -309.461117, 0.000000, 0.000000
3218.521080, -309.499494, 0.000000, 0.000000
3218.581079, -309.537871, 0.000000, 0.000000
3218.818991, -309.685512, 0.000000, 0.000000
3218.879596, -309.722925, 0.000000, 0.000000
3218.940201, -309.760339, 0.000000, 0.000000
3219.189441, -309.907788, 0.000000, 0.000000
3219.250796, -309.943957, 0.000000, 0.000000
3219.503503, -310.087575, 0.000000, 0.000000
3219.565601, -310.122454, 0.000000, 0.000000
3219.627700, -310.157332, 0.000000, 0.000000
3219.884571, -310.295604, 0.000000, 0.000000
3219.947402, -310.329147, 0.000000, 0.000000
3220.004641, -310.373161, 0.000000, 0.000000
3220.265837, -310.505935, 0.000000, 0.000000
3220.329385, -310.538096, 0.000000, 0.000000
3220.593885, -310.666405, 0.000000, 0.000000
3220.658135, -310.697141, 0.000000, 0.000000
3220.722384, -310.727877, 0.000000, 0.000000
3220.989994, -310.849804, 0.000000, 0.000000
3221.059796, -310.868276, 1.000000, 0.000000
3221.119835, -310.908389, 1.000000, 0.000000
3221.354203, -311.012718, 1.000000, 0.000000
3221.424100, -311.030830, 1.000000, 0.000000
3221.652668, -311.119552, 1.000000, 0.000000
3221.717739, -311.148509, 1.000000, 0.000000
3221.782809, -311.177467, 1.000000, 0.000000
3222.000941, -311.274538, 1.000000, 0.000000
3222.066012, -311.303495, 1.000000, 0.000000
3222.267689, -311.393244, 1.000000, 0.000000
3222.332760, -311.422201, 1.000000, 0.000000
3222.528829, -311.509454, 1.000000, 0.000000
3222.593900, -311.538411, 1.000000, 0.000000
3222.658971, -311.567368, 1.000000, 0.000000
3222.849431, -311.652126, 1.000000, 0.000000
3222.914502, -311.681083, 1.000000, 0.000000
3223.094530, -311.774190, 1.000000, 0.000000
3223.262932, -311.849131, 1.000000, 0.000000
3223.328003, -311.878088, 1.000000, 0.000000
3223.501987, -311.955513, 1.000000, 0.000000
3223.571884, -311.973625, 1.000000, 0.000000
3223.745867, -312.051050, 1.000000, 0.000000
3223.806111, -312.090852, 1.000000, 0.000000
3223.984921, -312.157432, 1.000000, 0.000000
3224.158905, -312.234856, 1.000000, 0.000000
3224.223976, -312.263813, 1.000000, 0.000000
3224.397959, -312.341238, 1.000000, 0.000000
3224.463030, -312.370195, 1.000000, 0.000000
3224.637013, -312.447620, 1.000000, 0.000000
3224.810997, -312.525045, 1.000000, 0.000000
3224.876068, -312.554002, 1.000000, 0.000000
3225.050051, -312.631426, 1.000000, 0.000000
3225.115122, -312.660384, 1.000000, 0.000000
3225.289105, -312.737808, 1.000000, 0.000000
3225.467915, -312.804388, 1.000000, 0.000000
3225.532986, -312.833345, 1.000000, 0.000000
3225.711795, -312.899925, 1.000000, 0.000000
3225.781692, -312.918037, 1.000000, 0.000000
3225.955676, -312.995461, 0.000000, 0.000000
3226.129660, -313.072886, 0.000000, 0.000000
3226.194730, -313.101843, 0.000000, 0.000000
3226.368714, -313.179268, 0.000000, 0.000000
3226.433784, -313.208225, 0.000000, 0.000000
3226.612594, -313.274805, 0.000000, 0.000000
3226.786578, -313.352229, 0.000000, 0.000000
3226.851648, -313.381187, 0.000000, 0.000000
3227.025632, -313.458611, 0.000000, 0.000000
3227.090703, -313.487568, 0.000000, 0.000000
3227.264686, -313.564993, 0.000000, 0.000000
3227.438670, -313.642418, 0.000000, 0.000000
3227.503740, -313.671375, 0.000000, 0.000000
3227.677724, -313.748800, 0.000000, 0.000000
3227.742795, -313.777757, 0.000000, 0.000000
3227.921604, -313.844336, 0.000000, 0.000000
3228.095588, -313.921761, 0.000000, 0.000000
3228.160659, -313.950718, 0.000000, 0.000000
3228.337494, -314.029412, 0.000000, 0.000000
3228.402565, -314.058369, 0.000000, 0.000000
3228.586383, -314.140171, 0.000000, 0.000000
3228.777709, -314.225270, 0.000000, 0.000000
3228.842788, -314.254210, 0.000000, 0.000000
3229.041921, -314.342648, 0.000000, 0.000000
3229.111834, -314.360695, 0.000000, 0.000000
3229.176932, -314.389592, 0.000000, 0.000000
3229.384066, -314.481258, 0.000000, 0.000000
3229.449196, -314.510081, 0.000000, 0.000000
3229.664012, -314.604818, 0.000000, 0.000000
3229.729184, -314.633547, 0.000000, 0.000000
3229.962687, -314.736105, 0.000000, 0.000000
3230.027910, -314.764719, 0.000000, 0.000000
3230.093132, -314.793332, 0.000000, 0.000000
3230.331841, -314.897491, 0.000000, 0.000000
3230.401872, -314.915079, 0.000000, 0.000000
3230.467157, -314.943549, 0.000000, 0.000000
3230.707464, -315.047527, 0.000000, 0.000000
3230.772831, -315.075808, 0.000000, 0.000000
3231.009420, -315.177963, 0.000000, 0.000000
3231.074813, -315.206185, 0.000000, 0.000000
3231.140206, -315.234408, 0.000000, 0.000000
3231.375104, -315.335786, 0.000000, 0.000000
3231.440496, -315.364009, 0.000000, 0.000000
3231.505889, -315.392231, 0.000000, 0.000000
3231.745490, -315.482710, 0.000000, 0.000000
3231.810883, -315.510933, 0.000000, 0.000000
3232.045780, -315.612311, 0.000000, 0.000000
3232.111173, -315.640533, 0.000000, 0.000000
3232.176566, -315.668756, 0.000000, 0.000000
3232.411464, -315.770134, 0.000000, 0.000000
3232.476856, -315.798357, 0.000000, 0.000000
3232.542249, -315.826579, 0.000000, 0.000000
3232.777147, -315.927957, 0.000000, 0.000000
3232.842539, -315.956180, 0.000000, 0.000000
3233.082141, -316.046659, 0.000000, 0.000000
3233.147533, -316.074881, 0.000000, 0.000000
3233.212926, -316.103104, 0.000000, 0.000000
3233.447824, -316.204482, 0.000000, 0.000000
3233.513217, -316.232705, 0.000000, 0.000000
3233.578609, -316.260927, 0.000000, 0.000000
3233.813507, -316.362305, 0.000000, 0.000000
3233.878899, -316.390528, 0.000000, 0.000000
3234.113797, -316.491906, 0.000000, 0.000000
3234.179190, -316.520128, 0.000000, 0.000000
3234.249286, -316.537452, 0.000000, 0.000000
3234.484184, -316.638830, 0.000000, 0.000000
3234.549577, -316.667053, 0.000000, 0.000000
3234.614969, -316.695275, 0.000000, 0.000000
3235.658911, -314.922061, -1.000000, 0.000000
3234.934074, -316.781280, 1.000000, 0.000000
3235.173676, -316.871760, 1.000000, 0.000000
3235.271995, -316.823691, 1.000000, 0.000000
3235.342091, -316.841014, 1.000000, 0.000000
3235.581955, -316.931570, 1.000000, 0.000000
3235.652054, -316.948884, 1.000000, 0.000000
3235.717451, -316.977097, 1.000000, 0.000000
3235.956909, -317.079697, 1.000000, 0.000000
3236.027051, -317.096835, 1.000000, 0.000000
3236.270147, -317.199961, 1.000000, 0.000000
3236.335739, -317.227718, 1.000000, 0.000000
3236.401330, -317.255476, 1.000000, 0.000000
3236.647394, -317.345886, 1.000000, 0.000000
3236.713076, -317.373430, 1.000000, 0.000000
3236.783348, -317.390027, 1.000000, 0.000000
3237.023672, -317.490119, 1.000000, 0.000000
3237.093985, -317.506543, 1.000000, 0.000000
3237.333776, -317.605939, 1.000000, 0.000000
3237.404122, -317.622218, 1.000000, 0.000000
3237.474468, -317.638497, 1.000000, 0.000000
3237.718131, -317.726139, 1.000000, 0.000000
3237.788503, -317.742307, 1.000000, 0.000000
3237.854351, -317.769450, 1.000000, 0.000000
3238.093010, -317.854854, 1.000000, 0.000000
3238.158872, -317.881965, 1.000000, 0.000000
3238.395801, -317.966656, 1.000000, 0.000000
3238.466181, -317.982790, 1.000000, 0.000000
3238.532042, -318.009901, 1.000000, 0.000000
3238.757142, -318.089723, 1.000000, 0.000000
3238.827522, -318.105857, 1.000000, 0.000000
3239.047345, -318.196344, 1.000000, 0.000000
3239.117725, -318.212478, 1.000000, 0.000000
3239.183586, -318.239589, 1.000000, 0.000000
3239.391782, -318.325290, 1.000000, 0.000000
3239.457644, -318.352401, 1.000000, 0.000000
3239.665310, -318.437884, 1.000000, 0.000000
3239.731171, -318.464995, 1.000000, 0.000000
3239.931983, -318.534819, 1.000000, 0.000000
3239.997845, -318.561930, 1.000000, 0.000000
3240.201428, -318.632895, 1.000000, 0.000000
3240.267289, -318.660006, 1.000000, 0.000000
3240.466355, -318.741949, 1.000000, 0.000000
3240.532216, -318.769060, 1.000000, 0.000000
3240.726762, -318.861979, 1.000000, 0.000000
3240.788105, -318.900066, 1.000000, 0.000000
3240.964578, -319.036893, 1.000000, 0.000000
3241.030439, -319.064004, 1.000000, 0.000000
3241.898239, -317.521366, -1.000000, 0.000000
3241.295366, -319.173057, 0.000000, 0.000000
3241.498949, -319.244022, 0.000000, 0.000000
3241.564810, -319.271133, 0.000000, 0.000000
3241.763875, -319.353076, 0.000000, 0.000000
3241.829737, -319.380186, 0.000000, 0.000000
3242.028802, -319.462129, 0.000000, 0.000000
3242.099182, -319.478263, 0.000000, 0.000000
3242.298246, -319.560205, 0.000000, 0.000000
3242.364108, -319.587316, 0.000000, 0.000000
3242.563173, -319.669258, 0.000000, 0.000000
3242.633552, -319.685392, 0.000000, 0.000000
3242.832618, -319.767334, 0.000000, 0.000000
3242.898479, -319.794445, 0.000000, 0.000000
3243.097544, -319.876387, 0.000000, 0.000000
3243.167924, -319.892521, 0.000000, 0.000000
3243.366989, -319.974463, 0.000000, 0.000000
3243.432850, -320.001574, 0.000000, 0.000000
3243.631915, -320.083517, 0.000000, 0.000000
3243.702295, -320.099651, 0.000000, 0.000000
3243.901360, -320.181593, 0.000000, 0.000000
3243.967221, -320.208704, 0.000000, 0.000000
3244.166286, -320.290646, 0.000000, 0.000000
3244.232147, -320.317757, 0.000000, 0.000000
3244.435731, -320.388722, 0.000000, 0.000000
3244.501592, -320.415833, 0.000000, 0.000000
3244.700657, -320.497775, 0.000000, 0.000000
3244.766519, -320.524886, 0.000000, 0.000000
3244.970102, -320.595851, 0.000000, 0.000000
3245.035963, -320.622962, 0.000000, 0.000000
3245.236396, -320.705313, 0.000000, 0.000000
3245.302281, -320.732368, 0.000000, 0.000000
3245.510985, -320.804657, 0.000000, 0.000000
3245.576955, -320.831503, 0.000000, 0.000000
3245.799196, -320.919186, 0.000000, 0.000000
3245.865541, -320.945091, 0.000000, 0.000000
3246.090242, -321.017714, 0.000000, 0.000000
3246.156904, -321.042794, 0.000000, 0.000000
3246.380607, -321.124307, 0.000000, 0.000000
3246.447609, -321.148462, 0.000000, 0.000000
3246.678531, -321.216133, 0.000000, 0.000000
3246.745899, -321.239248, 0.000000, 0.000000
3246.976241, -321.314975, 0.000000, 0.000000
3247.043998, -321.336921, 0.000000, 0.000000
3247.278332, -321.409106, 0.000000, 0.000000
3247.349941, -321.418369, 0.000000, 0.000000
3247.588044, -321.486303, 0.000000, 0.000000
3247.656643, -321.505457, 0.000000, 0.000000
3247.887798, -321.566895, 0.000000, 0.000000
3247.959709, -321.573410, 0.000000, 0.000000
3248.163995, -321.626770, 0.000000, 0.000000
3248.232906, -321.644770, 0.000000, 0.000000
3248.436473, -321.697942, 0.000000, 0.000000
3248.508384, -321.704456, 0.000000, 0.000000
3248.711606, -321.757538, 0.000000, 0.000000
3248.780517, -321.775538, 0.000000, 0.000000
3248.983738, -321.828620, 0.000000, 0.000000
3249.055649, -321.835135, 0.000000, 0.000000
3249.258870, -321.888216, 0.000000, 0.000000
3249.327781, -321.906216, 0.000000, 0.000000
3249.531003, -321.959298, 0.000000, 0.000000
3249.602914, -321.965813, 0.000000, 0.000000
3249.806135, -322.018895, 0.000000, 0.000000
3249.875046, -322.036894, 0.000000, 0.000000
3250.078268, -322.089976, 0.000000, 0.000000
3250.147179, -322.107976, 0.000000, 0.000000
3250.353400, -322.149573, 0.000000, 0.000000
3250.422312, -322.167573, 0.000000, 0.000000
3250.625533, -322.220654, 0.000000, 0.000000
3250.694444, -322.238654, 0.000000, 0.000000
3250.900665, -322.280251, 0.000000, 0.000000
3250.969576, -322.298251, 0.000000, 0.000000
3251.172798, -322.351333, 0.000000, 0.000000
3251.241709, -322.369332, 0.000000, 0.000000
3251.447930, -322.410929, 0.000000, 0.000000
3251.516841, -322.428929, 0.000000, 0.000000
3251.720063, -322.482011, 0.000000, 0.000000
3251.788974, -322.500010, 0.000000, 0.000000
3251.995195, -322.541607, 0.000000, 0.000000
3252.064106, -322.559607, 0.000000, 0.000000
3252.267328, -322.612689, 0.000000, 0.000000
3252.336239, -322.630689, 0.000000, 0.000000
3252.539460, -322.683770, 0.000000, 0.000000
3252.611371, -322.690285, 0.000000, 0.000000
3252.814593, -322.743367, 0.000000, 0.000000
3252.883504, -322.761367, 0.000000, 0.000000
3253.086725, -322.814449, 0.000000, 0.000000
3253.158636, -322.820963, 0.000000, 0.000000
3253.361858, -322.874045, 0.000000, 0.000000
3253.430769, -322.892045, 0.000000, 0.000000
3253.633990, -322.945127, 0.000000, 0.000000
3253.705901, -322.951641, 0.000000, 0.000000
3253.909123, -323.004723, 0.000000, 0.000000
3253.978034, -323.022723, 0.000000, 0.000000
3254.181255, -323.075805, 0.000000, 0.000000
3254.253166, -323.082319, 0.000000, 0.000000
3254.457362, -323.135545, 0.000000, 0.000000
3254.529277, -323.142012, 1.000000, 0.000000
3254.734934, -323.195308, 1.000000, 0.000000
3254.803886, -323.213149, 1.000000, 0.000000
3255.022949, -323.208181, 1.000000, 0.000000
3255.091937, -323.225881, 1.000000, 0.000000
3255.311158, -323.281759, 1.000000, 0.000000
3255.380185, -323.299311, 1.000000, 0.000000
3255.449211, -323.316863, 1.000000, 0.000000
3255.672711, -323.373161, 1.000000, 0.000000
3255.741776, -323.390557, 1.000000, 0.000000
3255.970180, -323.447565, 1.000000, 0.000000
3256.036416, -323.476312, 1.000000, 0.000000
3256.281789, -323.536980, 1.000000, 0.000000
3256.348098, -323.565557, 1.000000, 0.000000
3256.417250, -323.582609, 1.000000, 0.000000
3256.665746, -323.643701, 1.000000, 0.000000
3256.734910, -323.660699, 1.000000, 0.000000
3256.804075, -323.677698, 1.000000, 0.000000
3257.054560, -323.751483, 1.000000, 0.000000
3257.123725, -323.768481, 1.000000, 0.000000
3257.382867, -323.832170, 1.000000, 0.000000
3257.449199, -323.860696, 1.000000, 0.000000
3257.518364, -323.877694, 1.000000, 0.000000
3257.777506, -323.941383, 1.000000, 0.000000
3257.843838, -323.969909, 1.000000, 0.000000
3257.913003, -323.986908, 1.000000, 0.000000
3258.172145, -324.050596, 1.000000, 0.000000
3258.241310, -324.067595, 1.000000, 0.000000
3258.310475, -324.084593, 1.000000, 0.000000
3258.566784, -324.159810, 1.000000, 0.000000
3258.635949, -324.176808, 1.000000, 0.000000
3258.705114, -324.193807, 1.000000, 0.000000
3258.967089, -324.245968, 1.000000, 0.000000
3259.033421, -324.274494, 1.000000, 0.000000
3259.102586, -324.291492, 1.000000, 0.000000
3259.361728, -324.355181, 1.000000, 0.000000
3259.430893, -324.372180, 1.000000, 0.000000
3259.690035, -324.435869, 1.000000, 0.000000
3259.759200, -324.452867, 1.000000, 0.000000
3259.828365, -324.469866, 1.000000, 0.000000
3260.087507, -324.533554, 1.000000, 0.000000
3260.156672, -324.550553, 1.000000, 0.000000
3260.223004, -324.579079, 1.000000, 0.000000
3260.482146, -324.642768, 1.000000, 0.000000
3260.551311, -324.659766, 1.000000, 0.000000
3260.617643, -324.688292, 1.000000, 0.000000
3260.876785, -324.751981, 1.000000, 0.000000
3260.945950, -324.768979, 1.000000, 0.000000
3261.000949, -324.843615, 1.000000, 0.000000
3261.260092, -324.907304, 1.000000, 0.000000
3261.329256, -324.924302, 1.000000, 0.000000
3261.395588, -324.952828, 1.000000, 0.000000
3262.031530, -323.483364, -1.000000, 0.000000
3262.100695, -323.500362, -1.000000, 0.000000
3262.359837, -323.564051, -1.000000, 0.000000
3262.429002, -323.581050, -1.000000, 0.000000
3262.498167, -323.598048, -1.000000, 0.000000
3262.757309, -323.661737, -1.000000, 0.000000
3262.826474, -323.678735, -1.000000, 0.000000
3262.895639, -323.695734, -1.000000, 0.000000
3263.156618, -323.750817, -1.000000, 0.000000
3263.226379, -323.765172, -1.000000, 0.000000
3263.296141, -323.779526, -1.000000, 0.000000
3263.560127, -323.817561, -1.000000, 0.000000
3263.630680, -323.827305, -1.000000, 0.000000
3263.701233, -323.837050, -1.000000, 0.000000
3263.966963, -323.860394, -1.000000, 0.000000
3264.037927, -323.866463, -1.000000, 0.000000
3264.108891, -323.872531, -1.000000, 0.000000
3264.375464, -323.883368, -1.000000, 0.000000
3264.446628, -323.886261, -1.000000, 0.000000
3264.713395, -323.889108, -1.000000, 0.000000
3264.784618, -323.889258, -1.000000, 0.000000
3264.855840, -323.889408, -1.000000, 0.000000
3265.122563, -323.882660, -1.000000, 0.000000
3265.193751, -323.880436, -1.000000, 0.000000
3265.264939, -323.878213, -1.000000, 0.000000
3265.531549, -323.866935, -1.000000, 0.000000
3265.602703, -323.863803, -1.000000, 0.000000
3265.673857, -323.860672, -1.000000, 0.000000
3265.940439, -323.848641, -1.000000, 0.000000
3266.011589, -323.845422, -1.000000, 0.000000
3266.082739, -323.842204, -1.000000, 0.000000
3266.349319, -323.830144, -1.000000, 0.000000
3266.420469, -323.826925, -1.000000, 0.000000
3266.491620, -323.823707, -1.000000, 0.000000
3266.758199, -323.811647, -1.000000, 0.000000
3266.829350, -323.808428, -1.000000, 0.000000
3267.102268, -323.796082, -1.000000, 0.000000
3267.173418, -323.792863, -1.000000, 0.000000
3267.244568, -323.789644, -1.000000, 0.000000
3267.515010, -323.777410, -1.000000, 0.000000
3267.586161, -323.774191, -1.000000, 0.000000
3267.657311, -323.770973, -1.000000, 0.000000
3267.937207, -323.758311, -1.000000, 0.000000
3268.008357, -323.755092, -1.000000, 0.000000
3268.079507, -323.751873, -1.000000, 0.000000
3268.368923, -323.738780, -1.000000, 0.000000
3268.440073, -323.735562, -1.000000, 0.000000
3268.511223, -323.732343, -1.000000, 0.000000
3268.798361, -323.719353, -1.000000, 0.000000
3268.869511, -323.716135, -1.000000, 0.000000
3268.940662, -323.712916, -1.000000, 0.000000
3269.237438, -323.699490, -1.000000, 0.000000
3269.308588, -323.696272, -1.000000, 0.000000
3269.379739, -323.693053, -1.000000, 0.000000
3269.450889, -323.689834, -1.000000, 0.000000
3269.745500, -323.676506, -1.000000, 0.000000
3269.816650, -323.673288, -1.000000, 0.000000
3269.887800, -323.670069, -1.000000, 0.000000
3270.185524, -323.656600, -1.000000, 0.000000
3270.256674, -323.653382, -1.000000, 0.000000
3270.327824, -323.650163, -1.000000, 0.000000
3270.625547, -323.636694, -1.000000, 0.000000
3270.696698, -323.633476, -1.000000, 0.000000
3270.767848, -323.630257, -1.000000, 0.000000
3270.838998, -323.627038, -1.000000, 0.000000
3271.136722, -323.613570, -1.000000, 0.000000
3271.207872, -323.610351, -1.000000, 0.000000
3271.279022, -323.607132, -1.000000, 0.000000
3271.576745, -323.593664, -1.000000, 0.000000
3271.647896, -323.590445, -1.000000, 0.000000
3271.719046, -323.587226, -1.000000, 0.000000
3272.016769, -323.573758, -1.000000, 0.000000
3272.087919, -323.570539, -1.000000, 0.000000
3272.159069, -323.567320, -1.000000, 0.000000
3272.230220, -323.564102, -1.000000, 0.000000
3272.527943, -323.550633, -1.000000, 0.000000
3272.599094, -323.547414, -1.000000, 0.000000
3272.670244, -323.544196, -1.000000, 0.000000
3272.967967, -323.530727, -1.000000, 0.000000
3273.039117, -323.527508, -1.000000, 0.000000
3273.110268, -323.524290, -1.000000, 0.000000
3273.407991, -323.510821, -1.000000, 0.000000
3273.479141, -323.507603, -1.000000, 0.000000
3273.550291, -323.504384, -1.000000, 0.000000
3273.621441, -323.501165, -1.000000, 0.000000
3273.919165, -323.487697, -1.000000, 0.000000
3273.990315, -323.484478, -1.000000, 0.000000
3274.061466, -323.481259, -1.000000, 0.000000
3274.359189, -323.467791, -1.000000, 0.000000
3274.430339, -323.464572, -1.000000, 0.000000
3274.501489, -323.461353, -1.000000, 0.000000
3274.799238, -323.448561, -1.000000, 0.000000
3274.870397, -323.445535, -1.000000, 0.000000
3274.941555, -323.442509, -1.000000, 0.000000
3275.012714, -323.439482, -1.000000, 0.000000
3275.310596, -323.430485, -1.000000, 0.000000
3275.381787, -323.428335, -1.000000, 0.000000
3275.452977, -323.426185, -1.000000, 0.000000
3275.750951, -323.421171, -1.000000, 0.000000
3275.822165, -323.420055, -1.000000, 0.000000
3275.893380, -323.418939, -1.000000, 0.000000
3276.191393, -323.417668, -1.000000, 0.000000
3276.262616, -323.417519, -1.000000, 0.000000
3276.333838, -323.417369, -1.000000, 0.000000
3276.405061, -323.417220, -1.000000, 0.000000
