2990.364295, 404.442578, 0.000000, 0.000000
2990.401433, 404.503352, 0.000000, 0.000000
2990.438572, 404.564125, 0.000000, 0.000000
2990.475710, 404.624899, 0.000000, 0.000000
2990.522978, 404.679483, 0.000000, 0.000000
2990.726008, 405.011725, 0.000000, 0.000000
2990.763147, 405.072499, 0.000000, 0.000000
2990.800285, 405.133273, 0.000000, 0.000000
2990.837424, 405.194047, 0.000000, 0.000000
2990.874562, 405.254821, 0.000000, 0.000000
2991.077593, 405.587063, 0.000000, 0.000000
2991.124860, 405.641647, 0.000000, 0.000000
2991.161999, 405.702421, 0.000000, 0.000000
2991.199137, 405.763195, 0.000000, 0.000000
2991.402168, 406.095437, 0.000000, 0.000000
2991.439306, 406.156210, 0.000000, 0.000000
2991.476445, 406.216984, 0.000000, 0.000000
2991.513583, 406.277758, 0.000000, 0.000000
2991.560850, 406.332342, 0.000000, 0.000000
2991.763881, 406.664584, 0.000000, 0.000000
2991.801019, 406.725358, 0.000000, 0.000000
2991.838158, 406.786132, 0.000000, 0.000000
2991.875296, 406.846906, 0.000000, 0.000000
2991.912435, 406.907679, 0.000000, 0.000000
2992.115466, 407.239922, 0.000000, 0.000000
2992.152604, 407.300696, 0.000000, 0.000000
2992.199871, 407.355280, 0.000000, 0.000000
2992.237010, 407.416054, 0.000000, 0.000000
2992.440040, 407.748295, 0.000000, 0.000000
2992.477179, 407.809069, 0.000000, 0.000000
2992.514317, 407.869843, 0.000000, 0.000000
2992.551456, 407.930617, 0.000000, 0.000000
2992.588594, 407.991391, 0.000000, 0.000000
2992.800563, 408.315559, 0.000000, 0.000000
2992.837643, 408.376368, 0.000000, 0.000000
2992.874722, 408.437178, 0.000000, 0.000000
2992.911802, 408.497988, 0.000000, 0.000000
2992.948881, 408.558798, 0.000000, 0.000000
2993.144275, 408.879832, 0.000000, 0.000000
2993.180996, 408.940859, 0.000000, 0.000000
2993.217717, 409.001886, 0.000000, 0.000000
2993.264610, 409.056792, 0.000000, 0.000000
2993.451067, 409.366617, 0.000000, 0.000000
2993.487047, 409.428084, 0.000000, 0.000000
2993.533271, 409.483555, 1.000000, 0.000000
2993.559006, 409.551018, 1.000000, 0.000000
2993.584740, 409.618482, 1.000000, 0.000000
2993.767012, 409.930394, 1.000000, 0.000000
2993.791922, 409.998167, 1.000000, 0.000000
2993.827149, 410.060068, 1.000000, 0.000000
2993.862376, 410.121970, 1.000000, 0.000000
2993.897603, 410.183871, 1.000000, 0.000000
2994.075641, 410.497841, 1.000000, 0.000000
2994.110105, 410.560170, 1.000000, 0.000000
2994.144570, 410.622499, 1.000000, 0.000000
2994.179034, 410.684828, 1.000000, 0.000000
2994.353633, 411.000529, 1.000000, 0.000000
2994.387325, 411.063279, 1.000000, 0.000000
2994.421017, 411.126029, 1.000000, 0.000000
2994.444251, 411.194394, 1.000000, 0.000000
2994.477943, 411.257144, 1.000000, 0.000000
2994.648225, 411.574842, 1.000000, 0.000000
2994.681135, 411.638006, 1.000000, 0.000000
2994.714045, 411.701169, 1.000000, 0.000000
2994.746955, 411.764333, 1.000000, 0.000000
2994.779865, 411.827497, 1.000000, 0.000000
2994.947139, 412.149672, 1.000000, 0.000000
2994.979332, 412.213204, 1.000000, 0.000000
2995.011525, 412.276736, 1.000000, 0.000000
2995.033129, 412.345634, 1.000000, 0.000000
2995.202887, 412.680713, 1.000000, 0.000000
2995.234707, 412.744433, 1.000000, 0.000000
2995.266526, 412.808153, 1.000000, 0.000000
2995.298345, 412.871873, 1.000000, 0.000000
2995.330165, 412.935593, 1.000000, 0.000000
2995.514736, 413.278635, 1.000000, 0.000000
2995.546555, 413.342355, 1.000000, 0.000000
2995.567754, 413.411378, 1.000000, 0.000000
2995.599574, 413.475098, 1.000000, 0.000000
2995.631393, 413.538818, 1.000000, 0.000000
2995.805344, 413.887164, 1.000000, 0.000000
2995.837164, 413.950885, 1.000000, 0.000000
2995.858363, 414.019908, 1.000000, 0.000000
2995.900803, 414.078325, 1.000000, 0.000000
2996.074753, 414.426670, 1.000000, 0.000000
2996.106573, 414.490390, 1.000000, 0.000000
2996.138392, 414.554110, 1.000000, 0.000000
2996.170212, 414.617830, 1.000000, 0.000000
2996.202031, 414.681550, 1.000000, 0.000000
2996.375982, 415.029896, 1.000000, 0.000000
2996.407801, 415.093616, 1.000000, 0.000000
2996.429001, 415.162639, 1.000000, 0.000000
2996.460820, 415.226359, 1.000000, 0.000000
2996.492640, 415.290079, 1.000000, 0.000000
2996.655971, 415.643728, 1.000000, 0.000000
2996.677170, 415.712752, 0.000000, 0.000000
2996.708990, 415.776472, 0.000000, 0.000000
2996.740809, 415.840192, 0.000000, 0.000000
2996.914563, 416.188143, 0.000000, 0.000000
2996.946382, 416.251863, 0.000000, 0.000000
2996.978202, 416.315583, 0.000000, 0.000000
2997.010021, 416.379303, 0.000000, 0.000000
2997.041841, 416.443023, 0.000000, 0.000000
2997.214892, 416.789568, 0.000000, 0.000000
2997.246712, 416.853288, 0.000000, 0.000000
2997.278531, 416.917008, 0.000000, 0.000000
2997.310350, 416.980728, 0.000000, 0.000000
2997.342170, 417.044448, 0.000000, 0.000000
2997.514562, 417.389671, 0.000000, 0.000000
2997.546381, 417.453391, 0.000000, 0.000000
2997.578200, 417.517111, 0.000000, 0.000000
2997.610020, 417.580831, 0.000000, 0.000000
2997.787097, 417.935437, 0.000000, 0.000000
2997.818916, 417.999157, 0.000000, 0.000000
2997.850736, 418.062877, 0.000000, 0.000000
2997.871935, 418.131900, 0.000000, 0.000000
2997.903755, 418.195620, 0.000000, 0.000000
2998.080257, 418.549076, 0.000000, 0.000000
2998.112077, 418.612796, 0.000000, 0.000000
2998.143896, 418.676516, 0.000000, 0.000000
2998.175715, 418.740236, 0.000000, 0.000000
2998.351687, 419.092627, 0.000000, 0.000000
2998.383506, 419.156347, 0.000000, 0.000000
2998.415326, 419.220068, 0.000000, 0.000000
2998.447145, 419.283788, 0.000000, 0.000000
2998.478964, 419.347508, 0.000000, 0.000000
2998.654447, 419.698921, 0.000000, 0.000000
2998.686267, 419.762641, 0.000000, 0.000000
2998.718086, 419.826361, 0.000000, 0.000000
2998.749906, 419.890081, 0.000000, 0.000000
2998.925060, 420.240837, 0.000000, 0.000000
2998.956879, 420.304557, 0.000000, 0.000000
2998.988699, 420.368277, 0.000000, 0.000000
2999.020518, 420.431997, 0.000000, 0.000000
2999.052338, 420.495717, 0.000000, 0.000000
2999.227492, 420.846473, 0.000000, 0.000000
2999.259311, 420.910193, 0.000000, 0.000000
2999.291131, 420.973913, 0.000000, 0.000000
2999.322950, 421.037633, 0.000000, 0.000000
2999.498104, 421.388388, 0.000000, 0.000000
2999.529924, 421.452108, 0.000000, 0.000000
2999.561743, 421.515828, 0.000000, 0.000000
2999.593563, 421.579548, 0.000000, 0.000000
2999.625382, 421.643268, 0.000000, 0.000000
2999.800536, 421.994024, 0.000000, 0.000000
2999.832356, 422.057744, 0.000000, 0.000000
2999.864175, 422.121464, 0.000000, 0.000000
2999.895995, 422.185184, 0.000000, 0.000000
3000.071149, 422.535940, 0.000000, 0.000000
3000.102969, 422.599660, 0.000000, 0.000000
3000.134788, 422.663380, 0.000000, 0.000000
3000.166608, 422.727100, 0.000000, 0.000000
3000.198427, 422.790820, 0.000000, 0.000000
3000.373581, 423.141575, 0.000000, 0.000000
3000.394781, 423.210599, 0.000000, 0.000000
3000.426600, 423.274319, 0.000000, 0.000000
3000.458419, 423.338039, 0.000000, 0.000000
3000.633574, 423.688794, 0.000000, 0.000000
3000.665393, 423.752514, 0.000000, 0.000000
3000.697213, 423.816234, 0.000000, 0.000000
3000.729032, 423.879954, 0.000000, 0.000000
3000.760851, 423.943674, 0.000000, 0.000000
3000.936006, 424.294430, 0.000000, 0.000000
3000.967825, 424.358150, 0.000000, 0.000000
3000.999645, 424.421870, 0.000000, 0.000000
3001.031464, 424.485590, 0.000000, 0.000000
3001.206618, 424.836345, 0.000000, 0.000000
3001.238438, 424.900065, 0.000000, 0.000000
3001.270257, 424.963786, 0.000000, 0.000000
3001.302077, 425.027506, 0.000000, 0.000000
3001.333896, 425.091226, 0.000000, 0.000000
3001.505410, 425.435095, 0.000000, 0.000000
3001.537023, 425.498918, 0.000000, 0.000000
3001.579272, 425.557472, 1.000000, 0.000000
3001.610885, 425.621295, 1.000000, 0.000000
3001.776561, 425.956037, 1.000000, 0.000000
3001.796998, 426.025290, 1.000000, 0.000000
3001.828113, 426.089357, 1.000000, 0.000000
3001.859228, 426.153424, 1.000000, 0.000000
3001.890343, 426.217491, 1.000000, 0.000000
3002.051999, 426.551328, 1.000000, 0.000000
3002.082548, 426.615667, 1.000000, 0.000000
3002.102374, 426.685097, 1.000000, 0.000000
3002.143647, 426.744344, 1.000000, 0.000000
3002.302618, 427.079419, 1.000000, 0.000000
3002.332598, 427.144025, 1.000000, 0.000000
3002.351810, 427.213627, 1.000000, 0.000000
3002.381790, 427.278233, 1.000000, 0.000000
3002.411770, 427.342839, 1.000000, 0.000000
3002.567430, 427.679304, 1.000000, 0.000000
3002.596837, 427.744173, 1.000000, 0.000000
3002.626244, 427.809042, 1.000000, 0.000000
3002.655651, 427.873910, 1.000000, 0.000000
3002.808600, 428.211578, 1.000000, 0.000000
3002.837431, 428.276704, 1.000000, 0.000000
3002.866262, 428.341831, 1.000000, 0.000000
3002.895093, 428.406958, 1.000000, 0.000000
3002.923924, 428.472084, 1.000000, 0.000000
3003.073572, 428.811192, 1.000000, 0.000000
3003.101824, 428.876572, 1.000000, 0.000000
3003.130076, 428.941952, 1.000000, 0.000000
3003.158328, 429.007332, 1.000000, 0.000000
3003.308512, 429.355122, 1.000000, 0.000000
3003.336405, 429.420656, 1.000000, 0.000000
3003.364298, 429.486190, 1.000000, 0.000000
3003.392191, 429.551724, 1.000000, 0.000000
3003.420084, 429.617258, 1.000000, 0.000000
3003.583565, 429.971190, 1.000000, 0.000000
3003.611393, 430.036752, 1.000000, 0.000000
3003.639221, 430.102313, 1.000000, 0.000000
3003.667049, 430.167875, 1.000000, 0.000000
3003.820232, 430.528765, 1.000000, 0.000000
3003.848060, 430.594326, 1.000000, 0.000000
3003.875888, 430.659888, 1.000000, 0.000000
3003.903717, 430.725449, 1.000000, 0.000000
3003.931545, 430.791011, 1.000000, 0.000000
3004.084728, 431.151902, 1.000000, 0.000000
3004.101629, 431.222101, 1.000000, 0.000000
3004.129457, 431.287663, 1.000000, 0.000000
3004.146358, 431.357862, 1.000000, 0.000000
3004.266760, 431.732666, 1.000000, 0.000000
3004.283662, 431.802866, 0.000000, 0.000000
3004.311490, 431.868427, 0.000000, 0.000000
3004.339318, 431.933989, 0.000000, 0.000000
3004.378073, 431.994912, 0.000000, 0.000000
3004.531256, 432.355802, 0.000000, 0.000000
3004.559084, 432.421364, 0.000000, 0.000000
3004.586912, 432.486925, 0.000000, 0.000000
3004.614740, 432.552487, 0.000000, 0.000000
3004.767923, 432.913377, 0.000000, 0.000000
3004.795751, 432.978939, 0.000000, 0.000000
3004.834507, 433.039862, 0.000000, 0.000000
3004.862335, 433.105424, 0.000000, 0.000000
3004.890163, 433.170985, 0.000000, 0.000000
3005.043179, 433.531483, 0.000000, 0.000000
3005.071007, 433.597044, 0.000000, 0.000000
3005.098835, 433.662606, 0.000000, 0.000000
3005.126663, 433.728167, 0.000000, 0.000000
3005.290410, 434.083564, 0.000000, 0.000000
3005.318238, 434.149126, 0.000000, 0.000000
3005.346067, 434.214687, 0.000000, 0.000000
3005.373895, 434.280249, 0.000000, 0.000000
3005.401723, 434.345810, 0.000000, 0.000000
3005.554366, 434.705429, 0.000000, 0.000000
3005.582194, 434.770990, 0.000000, 0.000000
3005.620949, 434.831914, 0.000000, 0.000000
3005.648777, 434.897475, 0.000000, 0.000000
3005.801263, 435.256722, 0.000000, 0.000000
3005.829091, 435.322283, 0.000000, 0.000000
3005.856919, 435.387845, 0.000000, 0.000000
3005.884747, 435.453406, 0.000000, 0.000000
3005.912575, 435.518968, 0.000000, 0.000000
3006.075849, 435.873251, 0.000000, 0.000000
3006.103677, 435.938813, 0.000000, 0.000000
3006.131505, 436.004374, 0.000000, 0.000000
3006.159334, 436.069936, 0.000000, 0.000000
3006.311562, 436.428578, 0.000000, 0.000000
3006.339391, 436.494139, 0.000000, 0.000000
3006.378146, 436.555063, 0.000000, 0.000000
3006.405974, 436.620625, 0.000000, 0.000000
3006.433802, 436.686186, 0.000000, 0.000000
3006.585931, 437.044594, 0.000000, 0.000000
3006.613759, 437.110156, 0.000000, 0.000000
3006.641588, 437.175717, 0.000000, 0.000000
3006.669416, 437.241279, 0.000000, 0.000000
3006.832453, 437.595004, 0.000000, 0.000000
3006.860281, 437.660565, 0.000000, 0.000000
3006.888109, 437.726127, 0.000000, 0.000000
3006.915937, 437.791688, 0.000000, 0.000000
3006.943765, 437.857250, 0.000000, 0.000000
3007.095876, 438.215613, 0.000000, 0.000000
3007.123704, 438.281175, 0.000000, 0.000000
3007.162459, 438.342098, 0.000000, 0.000000
3007.190287, 438.407660, 0.000000, 0.000000
3007.342397, 438.766023, 0.000000, 0.000000
3007.370226, 438.831584, 0.000000, 0.000000
3007.398054, 438.897146, 0.000000, 0.000000
3007.425882, 438.962707, 0.000000, 0.000000
3007.453710, 439.028269, 0.000000, 0.000000
3007.616747, 439.381994, 0.000000, 0.000000
3007.644575, 439.447556, 0.000000, 0.000000
3007.672403, 439.513117, 0.000000, 0.000000
3007.700232, 439.578679, 0.000000, 0.000000
3007.852342, 439.937042, 0.000000, 0.000000
3007.880170, 440.002604, 0.000000, 0.000000
3007.907998, 440.068165, 0.000000, 0.000000
3007.946753, 440.129089, 0.000000, 0.000000
3007.974582, 440.194650, 0.000000, 0.000000
3008.126692, 440.553013, 0.000000, 0.000000
3008.154520, 440.618575, 0.000000, 0.000000
3008.182348, 440.684136, 0.000000, 0.000000
3008.210176, 440.749698, 0.000000, 0.000000
3008.362286, 441.108061, 0.000000, 0.000000
3008.401041, 441.168984, 0.000000, 0.000000
3008.428870, 441.234546, 0.000000, 0.000000
3008.456698, 441.300107, 0.000000, 0.000000
3008.484526, 441.365669, 0.000000, 0.000000
3008.636636, 441.724032, 0.000000, 0.000000
3008.664464, 441.789594, 0.000000, 0.000000
3008.692293, 441.855155, 0.000000, 0.000000
3008.731048, 441.916079, 0.000000, 0.000000
3008.883158, 442.274442, 0.000000, 0.000000
3008.910986, 442.340003, 0.000000, 0.000000
3008.960668, 442.396289, 1.000000, 0.000000
3008.999423, 442.457212, 1.000000, 0.000000
3009.070959, 442.504222, 1.000000, 0.000000
3009.243688, 442.850598, 1.000000, 0.000000
3009.271428, 442.916197, 1.000000, 0.000000
3009.299169, 442.981796, 1.000000, 0.000000
3009.326909, 443.047395, 1.000000, 0.000000
3009.486006, 443.393339, 1.000000, 0.000000
3009.513487, 443.459047, 1.000000, 0.000000
3009.540968, 443.524755, 1.000000, 0.000000
3009.579400, 443.585882, 1.000000, 0.000000
3009.606881, 443.651590, 1.000000, 0.000000
3009.752474, 444.000424, 1.000000, 0.000000
3009.790591, 444.061749, 1.000000, 0.000000
3009.817733, 444.127597, 1.000000, 0.000000
3009.844876, 444.193446, 1.000000, 0.000000
3009.999950, 444.538756, 1.000000, 0.000000
3010.026760, 444.604741, 1.000000, 0.000000
3010.053570, 444.670725, 1.000000, 0.000000
3010.080380, 444.736710, 1.000000, 0.000000
3010.118187, 444.798226, 1.000000, 0.000000
3010.260465, 445.149111, 1.000000, 0.000000
3010.286949, 445.215227, 1.000000, 0.000000
3010.313432, 445.281343, 1.000000, 0.000000
3010.350935, 445.343045, 1.000000, 0.000000
3010.491745, 445.694818, 1.000000, 0.000000
3010.517908, 445.761062, 1.000000, 0.000000
3010.544071, 445.827305, 1.000000, 0.000000
3010.581275, 445.889188, 1.000000, 0.000000
3010.607438, 445.955432, 1.000000, 0.000000
3010.746486, 446.308192, 1.000000, 0.000000
3010.783396, 446.370250, 1.000000, 0.000000
3010.809245, 446.436617, 1.000000, 0.000000
3010.835094, 446.502984, 1.000000, 0.000000
3010.973367, 446.858208, 1.000000, 0.000000
3010.998962, 446.924673, 1.000000, 0.000000
3011.024557, 446.991138, 1.000000, 0.000000
3011.050152, 447.057603, 1.000000, 0.000000
3011.075747, 447.124068, 1.000000, 0.000000
3011.225412, 447.479943, 1.000000, 0.000000
3011.250899, 447.546450, 1.000000, 0.000000
3011.276387, 447.612956, 1.000000, 0.000000
3011.301874, 447.679463, 1.000000, 0.000000
3011.441189, 448.042990, 1.000000, 0.000000
3011.466676, 448.109496, 1.000000, 0.000000
3011.436742, 448.197242, 1.000000, 0.000000
3011.451145, 448.267996, 1.000000, 0.000000
3011.443379, 448.347247, 1.000000, 0.000000
3011.571610, 448.715022, 0.000000, 0.000000
3011.597097, 448.781529, 0.000000, 0.000000
3011.633669, 448.843787, 0.000000, 0.000000
3011.659157, 448.910294, 0.000000, 0.000000
3011.798472, 449.273821, 0.000000, 0.000000
3011.823959, 449.340327, 0.000000, 0.000000
3011.860531, 449.402586, 0.000000, 0.000000
3011.886018, 449.469092, 0.000000, 0.000000
3011.911506, 449.535599, 0.000000, 0.000000
3012.050821, 449.899126, 0.000000, 0.000000
3012.087393, 449.961384, 0.000000, 0.000000
3012.112880, 450.027891, 0.000000, 0.000000
3012.138368, 450.094397, 0.000000, 0.000000
3012.277683, 450.457925, 0.000000, 0.000000
3012.314255, 450.520183, 0.000000, 0.000000
3012.339742, 450.586690, 0.000000, 0.000000
3012.365230, 450.653196, 0.000000, 0.000000
3012.390717, 450.719703, 0.000000, 0.000000
3012.541880, 451.080974, 0.000000, 0.000000
3012.567368, 451.147481, 0.000000, 0.000000
3012.592855, 451.213987, 0.000000, 0.000000
3012.618343, 451.280494, 0.000000, 0.000000
3012.771101, 451.645928, 0.000000, 0.000000
3012.796588, 451.712435, 0.000000, 0.000000
3012.822076, 451.778941, 0.000000, 0.000000
3012.847563, 451.845447, 0.000000, 0.000000
3012.873051, 451.911954, 0.000000, 0.000000
3013.023163, 452.270484, 0.000000, 0.000000
3013.048651, 452.336991, 0.000000, 0.000000
3013.074138, 452.403497, 0.000000, 0.000000
3013.099626, 452.470004, 0.000000, 0.000000
3013.251346, 452.832729, 0.000000, 0.000000
3013.276833, 452.899235, 0.000000, 0.000000
3013.302321, 452.965741, 0.000000, 0.000000
3013.327808, 453.032248, 0.000000, 0.000000
3013.364380, 453.094506, 0.000000, 0.000000
3013.506629, 453.465690, 0.000000, 0.000000
3013.532117, 453.532197, 0.000000, 0.000000
3013.557604, 453.598703, 0.000000, 0.000000
3013.594176, 453.660962, 0.000000, 0.000000
3013.619663, 453.727468, 0.000000, 0.000000
3013.763533, 454.102879, 0.000000, 0.000000
3013.789020, 454.169386, 0.000000, 0.000000
3013.825592, 454.231644, 0.000000, 0.000000
3013.851080, 454.298151, 0.000000, 0.000000
2993.747371, 402.375206, 1.000000, -1.#QNAN0
2993.784509, 402.435979, 1.000000, -1.#QNAN0
2993.821648, 402.496753, 1.000000, -1.#QNAN0
2993.858786, 402.557527, 1.000000, -1.#QNAN0
2993.895924, 402.618301, 1.000000, -1.#QNAN0
2994.098955, 402.950543, 1.000000, -1.#QNAN0
2994.136093, 403.011317, 1.000000, -1.#QNAN0
2994.173232, 403.072090, 1.000000, -1.#QNAN0
2994.210370, 403.132864, 1.000000, -1.#QNAN0
2994.247509, 403.193638, 1.000000, -1.#QNAN0
2994.450540, 403.525881, 1.000000, -1.#QNAN0
2994.487678, 403.586654, 1.000000, -1.#QNAN0
2994.524816, 403.647428, 1.000000, -1.#QNAN0
2994.561955, 403.708202, 1.000000, -1.#QNAN0
2994.764985, 404.040444, 1.000000, -1.#QNAN0
2994.791995, 404.107407, 1.000000, -1.#QNAN0
2994.829133, 404.168181, 1.000000, -1.#QNAN0
2994.866272, 404.228955, 1.000000, -1.#QNAN0
2994.903410, 404.289729, 1.000000, -1.#QNAN0
2995.116570, 404.615781, 1.000000, -1.#QNAN0
2995.153708, 404.676555, 1.000000, -1.#QNAN0
2995.190846, 404.737329, 1.000000, -1.#QNAN0
2995.227985, 404.798103, 1.000000, -1.#QNAN0
2995.254994, 404.865066, 1.000000, -1.#QNAN0
2995.458025, 405.197309, 1.000000, -1.#QNAN0
2995.485035, 405.264272, 1.000000, -1.#QNAN0
2995.522173, 405.325046, 1.000000, -1.#QNAN0
2995.559312, 405.385820, 1.000000, -1.#QNAN0
2995.762342, 405.718062, 1.000000, -1.#QNAN0
2995.799481, 405.778835, 1.000000, -1.#QNAN0
2995.826490, 405.845799, 1.000000, -1.#QNAN0
2995.863628, 405.906573, 1.000000, -1.#QNAN0
2995.900767, 405.967347, 1.000000, -1.#QNAN0
2996.104558, 406.300901, 1.000000, -1.#QNAN0
2996.151772, 406.355530, 1.000000, -1.#QNAN0
2996.188852, 406.416340, 1.000000, -1.#QNAN0
2996.225932, 406.477150, 1.000000, -1.#QNAN0
2996.263011, 406.537960, 1.000000, -1.#QNAN0
2996.470232, 406.878521, 1.000000, -1.#QNAN0
2996.506954, 406.939547, 1.000000, -1.#QNAN0
2996.543675, 407.000574, 1.000000, -1.#QNAN0
2996.580396, 407.061601, 1.000000, -1.#QNAN0
2996.790778, 407.411736, 1.000000, -1.#QNAN0
2996.826758, 407.473203, 1.000000, -1.#QNAN0
2996.862737, 407.534670, 1.000000, -1.#QNAN0
2996.898716, 407.596137, 1.000000, -1.#QNAN0
2996.934696, 407.657604, 1.000000, -1.#QNAN0
2997.140635, 408.010521, 1.000000, -1.#QNAN0
2997.175862, 408.072423, 1.000000, -1.#QNAN0
2997.211089, 408.134324, 1.000000, -1.#QNAN0
2997.246316, 408.196225, 1.000000, -1.#QNAN0
2997.281543, 408.258127, 1.000000, -1.#QNAN0
2997.482966, 408.613783, 1.000000, -1.#QNAN0
2997.517430, 408.676112, 1.000000, -1.#QNAN0
2997.551895, 408.738441, 1.000000, -1.#QNAN0
2997.586359, 408.800770, 1.000000, -1.#QNAN0
2997.783967, 409.158696, 1.000000, -1.#QNAN0
2997.828117, 409.215831, 1.000000, -1.#QNAN0
2997.861809, 409.278581, 1.000000, -1.#QNAN0
2997.895501, 409.341331, 1.000000, -1.#QNAN0
2997.929193, 409.404081, 1.000000, -1.#QNAN0
2998.132750, 409.759300, 1.000000, -1.#QNAN0
2998.165661, 409.822463, 1.000000, -1.#QNAN0
2998.198571, 409.885627, 1.000000, -1.#QNAN0
2998.231481, 409.948790, 1.000000, -1.#QNAN0
2998.264391, 410.011954, 1.000000, -1.#QNAN0
2998.451994, 410.373692, 1.000000, -1.#QNAN0
2998.484187, 410.437224, 1.000000, -1.#QNAN0
2998.516380, 410.500756, 1.000000, -1.#QNAN0
2998.548573, 410.564288, 1.000000, -1.#QNAN0
2998.728729, 410.920038, 1.000000, -1.#QNAN0
2998.760549, 410.983758, 1.000000, -1.#QNAN0
2998.802988, 411.042175, 1.000000, -1.#QNAN0
2998.834807, 411.105895, 1.000000, -1.#QNAN0
2998.866627, 411.169615, 1.000000, -1.#QNAN0
2999.051198, 411.512657, 1.000000, -1.#QNAN0
2999.083017, 411.576377, 1.000000, -1.#QNAN0
2999.114836, 411.640097, 1.000000, -1.#QNAN0
2999.146656, 411.703817, 1.000000, -1.#QNAN0
2999.178475, 411.767537, 1.000000, -1.#QNAN0
2999.352426, 412.115883, 1.000000, -1.#QNAN0
2999.384246, 412.179603, 1.000000, -1.#QNAN0
2999.416065, 412.243323, 1.000000, -1.#QNAN0
2999.447885, 412.307043, 1.000000, -1.#QNAN0
2999.621836, 412.655389, 1.000000, -1.#QNAN0
2999.653655, 412.719109, 1.000000, -1.#QNAN0
2999.685474, 412.782829, 1.000000, -1.#QNAN0
2999.717294, 412.846549, 1.000000, -1.#QNAN0
2999.749113, 412.910269, 1.000000, -1.#QNAN0
2999.923064, 413.258614, 1.000000, -1.#QNAN0
2999.965503, 413.317031, 1.000000, -1.#QNAN0
2999.986703, 413.386054, 1.000000, -1.#QNAN0
3000.018522, 413.449774, 1.000000, -1.#QNAN0
3000.039722, 413.518798, 1.000000, -1.#QNAN0
3000.213673, 413.867144, 1.000000, -1.#QNAN0
3000.234872, 413.936167, 1.000000, -1.#QNAN0
3000.266692, 413.999887, 1.000000, -1.#QNAN0
3000.287891, 414.068910, 1.000000, -1.#QNAN0
3000.461645, 414.416862, 1.000000, -1.#QNAN0
3000.493464, 414.480582, 1.000000, -1.#QNAN0
3000.525284, 414.544302, 1.000000, -1.#QNAN0
3000.557103, 414.608022, 1.000000, -1.#QNAN0
3000.588923, 414.671742, 1.000000, -1.#QNAN0
3000.761974, 415.018286, 1.000000, -1.#QNAN0
3000.783174, 415.087310, 1.000000, -1.#QNAN0
3000.814993, 415.151030, 1.000000, -1.#QNAN0
3000.846812, 415.214750, 1.000000, -1.#QNAN0
3000.868012, 415.283773, 1.000000, -1.#QNAN0
3001.040404, 415.628996, 1.000000, -1.#QNAN0
3001.072223, 415.692716, 1.000000, -1.#QNAN0
3001.093422, 415.761739, 1.000000, -1.#QNAN0
3001.125242, 415.825459, 1.000000, -1.#QNAN0
3001.302319, 416.180065, 1.000000, -1.#QNAN0
3001.334138, 416.243785, 1.000000, -1.#QNAN0
3001.365958, 416.307505, 1.000000, -1.#QNAN0
3001.397777, 416.371225, 1.000000, -1.#QNAN0
3001.429597, 416.434946, 1.000000, -1.#QNAN0
3001.606099, 416.788401, 1.000000, -1.#QNAN0
3001.627299, 416.857424, 1.000000, -1.#QNAN0
3001.659118, 416.921144, 1.000000, -1.#QNAN0
3001.690937, 416.984864, 1.000000, -1.#QNAN0
3001.877529, 417.331953, 1.000000, -1.#QNAN0
3001.909348, 417.395673, 1.000000, -1.#QNAN0
3001.941168, 417.459393, 1.000000, -1.#QNAN0
3001.972987, 417.523113, 1.000000, -1.#QNAN0
3002.004806, 417.586833, 1.000000, -1.#QNAN0
3002.169669, 417.943550, 1.000000, -1.#QNAN0
3002.201489, 418.007270, 1.000000, -1.#QNAN0
3002.233308, 418.070990, 1.000000, -1.#QNAN0
3002.265128, 418.134710, 1.000000, -1.#QNAN0
3002.440282, 418.485465, 1.000000, -1.#QNAN0
3002.472101, 418.549185, 1.000000, -1.#QNAN0
3002.503921, 418.612905, 1.000000, -1.#QNAN0
3002.535740, 418.676625, 1.000000, -1.#QNAN0
3002.578180, 418.735042, 1.000000, -1.#QNAN0
3002.753334, 419.085798, 1.000000, -1.#QNAN0
3002.785153, 419.149518, 1.000000, -1.#QNAN0
3002.816973, 419.213238, 1.000000, -1.#QNAN0
3002.848792, 419.276958, 1.000000, -1.#QNAN0
3003.023947, 419.627713, 1.000000, -1.#QNAN0
3003.045146, 419.696737, 1.000000, -1.#QNAN0
3003.076965, 419.760457, 1.000000, -1.#QNAN0
3003.108785, 419.824177, 1.000000, -1.#QNAN0
3003.140604, 419.887897, 1.000000, -1.#QNAN0
3003.315758, 420.238652, 1.000000, -1.#QNAN0
3003.336958, 420.307675, 1.000000, -1.#QNAN0
3003.368777, 420.371395, 1.000000, -1.#QNAN0
3003.400597, 420.435116, 1.000000, -1.#QNAN0
3003.575751, 420.785871, 1.000000, -1.#QNAN0
3003.607571, 420.849591, 1.000000, -1.#QNAN0
3003.639390, 420.913312, 1.000000, -1.#QNAN0
3003.660590, 420.982335, 1.000000, -1.#QNAN0
3003.692409, 421.046055, 1.000000, -1.#QNAN0
3003.867563, 421.396810, 1.000000, -1.#QNAN0
3003.888763, 421.465833, 1.000000, -1.#QNAN0
3003.920582, 421.529553, 1.000000, -1.#QNAN0
3003.952401, 421.593274, 1.000000, -1.#QNAN0
3004.116936, 421.949332, 1.000000, -1.#QNAN0
3004.148755, 422.013052, 1.000000, -1.#QNAN0
3004.180574, 422.076772, 1.000000, -1.#QNAN0
3004.212394, 422.140492, 1.000000, -1.#QNAN0
3004.233593, 422.209515, 1.000000, -1.#QNAN0
3004.408748, 422.560271, 1.000000, -1.#QNAN0
3004.440567, 422.623991, 1.000000, -1.#QNAN0
3004.472387, 422.687711, 1.000000, -1.#QNAN0
3004.504206, 422.751431, 1.000000, -1.#QNAN0
3004.668740, 423.107490, 1.000000, -1.#QNAN0
3004.700560, 423.171210, 1.000000, -1.#QNAN0
3004.732379, 423.234930, 1.000000, -1.#QNAN0
3004.753579, 423.303953, 1.000000, -1.#QNAN0
3004.785398, 423.367673, 1.000000, -1.#QNAN0
3004.962491, 423.722760, 1.000000, -1.#QNAN0
3004.994103, 423.786583, 1.000000, -1.#QNAN0
3005.025716, 423.850406, 1.000000, -1.#QNAN0
3005.057328, 423.914229, 1.000000, -1.#QNAN0
3005.236175, 424.275824, 1.000000, -1.#QNAN0
3005.267290, 424.339891, 1.000000, -1.#QNAN0
3005.287727, 424.409143, 1.000000, -1.#QNAN0
3005.318842, 424.473210, 1.000000, -1.#QNAN0
3005.349958, 424.537277, 1.000000, -1.#QNAN0
3005.526285, 424.901667, 1.000000, -1.#QNAN0
3005.556834, 424.966005, 1.000000, -1.#QNAN0
3005.587383, 425.030344, 1.000000, -1.#QNAN0
3005.617933, 425.094683, 1.000000, -1.#QNAN0
3005.791337, 425.460503, 1.000000, -1.#QNAN0
3005.821317, 425.525109, 1.000000, -1.#QNAN0
3005.851297, 425.589715, 1.000000, -1.#QNAN0
3005.881277, 425.654321, 1.000000, -1.#QNAN0
3005.911257, 425.718927, 1.000000, -1.#QNAN0
3006.081147, 426.086418, 1.000000, -1.#QNAN0
3006.110554, 426.151287, 1.000000, -1.#QNAN0
3006.139961, 426.216155, 1.000000, -1.#QNAN0
3006.169369, 426.281024, 1.000000, -1.#QNAN0
3006.336296, 426.649894, 1.000000, -1.#QNAN0
3006.375982, 426.710215, 1.000000, -1.#QNAN0
3006.404813, 426.775342, 1.000000, -1.#QNAN0
3006.422790, 426.845274, 1.000000, -1.#QNAN0
3006.451621, 426.910401, 1.000000, -1.#QNAN0
3006.614990, 427.280879, 1.000000, -1.#QNAN0
3006.643242, 427.346259, 1.000000, -1.#QNAN0
3006.660597, 427.416348, 1.000000, -1.#QNAN0
3006.688849, 427.481728, 1.000000, -1.#QNAN0
3006.858271, 427.844257, 1.000000, -1.#QNAN0
3006.897086, 427.905142, 1.000000, -1.#QNAN0
3006.924979, 427.970676, 1.000000, -1.#QNAN0
3006.952872, 428.036210, 1.000000, -1.#QNAN0
3006.969842, 428.106393, 1.000000, -1.#QNAN0
3007.123887, 428.468471, 1.000000, -1.#QNAN0
3007.151715, 428.534032, 1.000000, -1.#QNAN0
3007.179543, 428.599594, 1.000000, -1.#QNAN0
3007.207372, 428.665155, 1.000000, -1.#QNAN0
3007.360554, 429.026045, 1.000000, -1.#QNAN0
3007.388382, 429.091607, 1.000000, -1.#QNAN0
3007.416211, 429.157168, 1.000000, -1.#QNAN0
3007.444039, 429.222730, 1.000000, -1.#QNAN0
3007.471867, 429.288291, 1.000000, -1.#QNAN0
3007.625050, 429.649182, 1.000000, -1.#QNAN0
3007.652878, 429.714743, 1.000000, -1.#QNAN0
3007.680706, 429.780305, 1.000000, -1.#QNAN0
3007.708534, 429.845866, 1.000000, -1.#QNAN0
3007.872644, 430.202118, 1.000000, -1.#QNAN0
3007.900472, 430.267680, 1.000000, -1.#QNAN0
3007.928300, 430.333241, 1.000000, -1.#QNAN0
3007.956129, 430.398803, 1.000000, -1.#QNAN0
3007.983957, 430.464364, 1.000000, -1.#QNAN0
3008.148066, 430.820616, 1.000000, -1.#QNAN0
3008.175895, 430.886178, 1.000000, -1.#QNAN0
3008.203723, 430.951739, 1.000000, -1.#QNAN0
3008.231551, 431.017301, 1.000000, -1.#QNAN0
3008.384734, 431.378191, 1.000000, -1.#QNAN0
3008.412562, 431.443753, 1.000000, -1.#QNAN0
3008.440390, 431.509314, 1.000000, -1.#QNAN0
3008.479145, 431.570238, 1.000000, -1.#QNAN0
3008.506973, 431.635799, 1.000000, -1.#QNAN0
3008.659990, 431.996297, 1.000000, -1.#QNAN0
3008.687818, 432.061858, 1.000000, -1.#QNAN0
3008.715646, 432.127420, 1.000000, -1.#QNAN0
3008.743474, 432.192981, 1.000000, -1.#QNAN0
3008.896294, 432.553016, 1.000000, -1.#QNAN0
3008.924122, 432.618578, 1.000000, -1.#QNAN0
3008.951950, 432.684139, 1.000000, -1.#QNAN0
3008.979778, 432.749701, 1.000000, -1.#QNAN0
3009.007606, 432.815262, 1.000000, -1.#QNAN0
3009.160250, 433.174881, 1.000000, -1.#QNAN0
3009.199005, 433.235804, 1.000000, -1.#QNAN0
3009.226833, 433.301366, 1.000000, -1.#QNAN0
3009.254661, 433.366927, 1.000000, -1.#QNAN0
3009.407146, 433.726174, 1.000000, -1.#QNAN0
3009.434974, 433.791735, 1.000000, -1.#QNAN0
3009.462803, 433.857297, 1.000000, -1.#QNAN0
3009.490631, 433.922858, 1.000000, -1.#QNAN0
3009.518459, 433.988420, 1.000000, -1.#QNAN0
3009.670806, 434.347341, 1.000000, -1.#QNAN0
3009.698634, 434.412903, 1.000000, -1.#QNAN0
3009.726462, 434.478464, 1.000000, -1.#QNAN0
3009.754290, 434.544026, 1.000000, -1.#QNAN0
3009.917446, 434.898030, 1.000000, -1.#QNAN0
3009.945274, 434.963592, 1.000000, -1.#QNAN0
3009.984029, 435.024515, 1.000000, -1.#QNAN0
3010.011857, 435.090077, 1.000000, -1.#QNAN0
3010.039686, 435.155638, 1.000000, -1.#QNAN0
3010.191815, 435.514046, 1.000000, -1.#QNAN0
3010.219643, 435.579608, 1.000000, -1.#QNAN0
3010.247471, 435.645169, 1.000000, -1.#QNAN0
3010.275299, 435.710731, 1.000000, -1.#QNAN0
3010.438337, 436.064456, 1.000000, -1.#QNAN0
3010.466165, 436.130017, 1.000000, -1.#QNAN0
3010.493993, 436.195579, 1.000000, -1.#QNAN0
3010.521821, 436.261140, 1.000000, -1.#QNAN0
3010.549649, 436.326702, 1.000000, -1.#QNAN0
3010.712687, 436.680427, 1.000000, -1.#QNAN0
3010.740515, 436.745989, 1.000000, -1.#QNAN0
3010.768343, 436.811550, 1.000000, -1.#QNAN0
3010.796171, 436.877112, 1.000000, -1.#QNAN0
3010.959208, 437.230837, 1.000000, -1.#QNAN0
3010.987036, 437.296398, 1.000000, -1.#QNAN0
3011.014864, 437.361960, 1.000000, -1.#QNAN0
3011.042693, 437.427521, 1.000000, -1.#QNAN0
3011.081448, 437.488445, 1.000000, -1.#QNAN0
3011.233558, 437.846808, 1.000000, -1.#QNAN0
3011.261386, 437.912370, 1.000000, -1.#QNAN0
3011.289214, 437.977931, 1.000000, -1.#QNAN0
3011.327969, 438.038855, 1.000000, -1.#QNAN0
3011.480080, 438.397218, 1.000000, -1.#QNAN0
3011.507908, 438.462780, 1.000000, -1.#QNAN0
3011.546663, 438.523703, 1.000000, -1.#QNAN0
3011.574491, 438.589265, 1.000000, -1.#QNAN0
3011.602319, 438.654826, 1.000000, -1.#QNAN0
3011.754429, 439.013189, 1.000000, -1.#QNAN0
3011.793184, 439.074113, 1.000000, -1.#QNAN0
3011.821013, 439.139674, 1.000000, -1.#QNAN0
3011.848841, 439.205236, 1.000000, -1.#QNAN0
3012.011878, 439.558961, 1.000000, -1.#QNAN0
3012.039706, 439.624522, 1.000000, -1.#QNAN0
3012.078461, 439.685446, 1.000000, -1.#QNAN0
3012.106289, 439.751007, 1.000000, -1.#QNAN0
3012.134117, 439.816569, 1.000000, -1.#QNAN0
3012.286228, 440.174932, 1.000000, -1.#QNAN0
3012.324983, 440.235856, 1.000000, -1.#QNAN0
3012.352811, 440.301417, 1.000000, -1.#QNAN0
3012.380639, 440.366979, 1.000000, -1.#QNAN0
3012.532749, 440.725342, 1.000000, -1.#QNAN0
3012.571504, 440.786265, 1.000000, -1.#QNAN0
3012.599333, 440.851827, 1.000000, -1.#QNAN0
3012.627161, 440.917388, 1.000000, -1.#QNAN0
3012.654989, 440.982950, 1.000000, -1.#QNAN0
3012.807889, 441.343381, 1.000000, -1.#QNAN0
3012.835629, 441.408980, 1.000000, -1.#QNAN0
3012.863369, 441.474579, 1.000000, -1.#QNAN0
3012.891110, 441.540178, 1.000000, -1.#QNAN0
3013.056129, 441.900206, 1.000000, -1.#QNAN0
3013.083610, 441.965914, 1.000000, -1.#QNAN0
3013.111091, 442.031621, 1.000000, -1.#QNAN0
3013.138572, 442.097329, 1.000000, -1.#QNAN0
3013.166053, 442.163037, 1.000000, -1.#QNAN0
3013.330239, 442.525694, 1.000000, -1.#QNAN0
3013.357381, 442.591542, 1.000000, -1.#QNAN0
3013.384523, 442.657391, 1.000000, -1.#QNAN0
3013.411666, 442.723239, 1.000000, -1.#QNAN0
3013.563112, 443.091026, 1.000000, -1.#QNAN0
3013.589922, 443.157011, 1.000000, -1.#QNAN0
3013.616732, 443.222995, 1.000000, -1.#QNAN0
3013.643542, 443.288980, 1.000000, -1.#QNAN0
3013.670352, 443.354964, 1.000000, -1.#QNAN0
3013.819717, 443.723415, 1.000000, -1.#QNAN0
3013.846200, 443.789531, 1.000000, -1.#QNAN0
3013.872684, 443.855647, 1.000000, -1.#QNAN0
3013.910186, 443.917350, 1.000000, -1.#QNAN0
3014.057854, 444.286364, 1.000000, -1.#QNAN0
3014.084017, 444.352607, 1.000000, -1.#QNAN0
3014.121221, 444.414490, 1.000000, -1.#QNAN0
3014.147384, 444.480734, 1.000000, -1.#QNAN0
3014.173548, 444.546977, 1.000000, -1.#QNAN0
3014.319233, 444.916661, 1.000000, -1.#QNAN0
3014.345082, 444.983027, 1.000000, -1.#QNAN0
3014.370931, 445.049394, 1.000000, -1.#QNAN0
3014.407841, 445.111453, 1.000000, -1.#QNAN0
3014.562483, 445.476074, 1.000000, -1.#QNAN0
3014.588078, 445.542539, 1.000000, -1.#QNAN0
3014.613673, 445.609004, 1.000000, -1.#QNAN0
3014.650346, 445.671203, 1.000000, -1.#QNAN0
3014.675941, 445.737669, 1.000000, -1.#QNAN0
3014.816761, 446.103623, 1.000000, -1.#QNAN0
3014.842249, 446.170130, 1.000000, -1.#QNAN0
3014.867736, 446.236636, 1.000000, -1.#QNAN0
3014.893223, 446.303143, 1.000000, -1.#QNAN0
3015.043623, 446.662422, 1.000000, -1.#QNAN0
3015.069110, 446.728928, 1.000000, -1.#QNAN0
3015.094598, 446.795435, 1.000000, -1.#QNAN0
3015.120085, 446.861941, 1.000000, -1.#QNAN0
3015.156657, 446.924200, 1.000000, -1.#QNAN0
3015.295972, 447.287727, 1.000000, -1.#QNAN0
3015.321460, 447.354234, 1.000000, -1.#QNAN0
3015.346947, 447.420740, 1.000000, -1.#QNAN0
3015.372435, 447.487247, 1.000000, -1.#QNAN0
3015.511750, 447.850774, 1.000000, -1.#QNAN0
3015.537237, 447.917280, 1.000000, -1.#QNAN0
3015.562725, 447.983787, 1.000000, -1.#QNAN0
3015.588212, 448.050293, 1.000000, -1.#QNAN0
3015.624784, 448.112552, 1.000000, -1.#QNAN0
3015.764099, 448.476079, 1.000000, -1.#QNAN0
3015.789586, 448.542585, 1.000000, -1.#QNAN0
3015.815074, 448.609091, 1.000000, -1.#QNAN0
3015.840561, 448.675598, 1.000000, -1.#QNAN0
3015.979877, 449.039126, 1.000000, -1.#QNAN0
3016.005364, 449.105632, 1.000000, -1.#QNAN0
3016.030852, 449.172138, 1.000000, -1.#QNAN0
3016.056339, 449.238645, 1.000000, -1.#QNAN0
3016.081826, 449.305151, 1.000000, -1.#QNAN0
3016.221905, 449.670671, 1.000000, -1.#QNAN0
3016.247392, 449.737177, 1.000000, -1.#QNAN0
3016.272880, 449.803684, 1.000000, -1.#QNAN0
3016.298367, 449.870190, 1.000000, -1.#QNAN0
3016.440041, 450.239873, 1.000000, -1.#QNAN0
3016.465529, 450.306379, 1.000000, -1.#QNAN0
3016.491016, 450.372886, 1.000000, -1.#QNAN0
3016.516504, 450.439392, 1.000000, -1.#QNAN0
3016.541991, 450.505899, 1.000000, -1.#QNAN0
3016.681019, 450.868677, 1.000000, -1.#QNAN0
3016.706507, 450.935183, 1.000000, -1.#QNAN0
3016.731994, 451.001690, 1.000000, -1.#QNAN0
3016.757481, 451.068196, 1.000000, -1.#QNAN0
3016.909202, 451.430921, 1.000000, -1.#QNAN0
3016.934689, 451.497427, 1.000000, -1.#QNAN0
3016.960176, 451.563934, 1.000000, -1.#QNAN0
3016.985664, 451.630440, 1.000000, -1.#QNAN0
3017.011151, 451.696947, 1.000000, -1.#QNAN0
3017.153401, 452.068131, 1.000000, -1.#QNAN0
3017.178888, 452.134637, 1.000000, -1.#QNAN0
3017.204376, 452.201144, 1.000000, -1.#QNAN0
3017.229863, 452.267650, 1.000000, -1.#QNAN0
3017.255350, 452.334157, 1.000000, -1.#QNAN0
3017.410304, 452.705320, 1.000000, -1.#QNAN0
3017.435792, 452.771826, 1.000000, -1.#QNAN0
3017.461279, 452.838333, 1.000000, -1.#QNAN0
3017.486767, 452.904839, 1.000000, -1.#QNAN0
