3165.666076, -256.855597, 1.000000, -1.#QNAN0
3165.706163, -256.914467, 1.000000, -1.#QNAN0
3165.746251, -256.973338, 1.000000, -1.#QNAN0
3165.888609, -257.182396, 1.000000, -1.#QNAN0
3165.928697, -257.241267, 1.000000, -1.#QNAN0
3166.071055, -257.450325, 1.000000, -1.#QNAN0
3166.111143, -257.509196, 1.000000, -1.#QNAN0
3166.151231, -257.568066, 1.000000, -1.#QNAN0
3166.293589, -257.777124, 1.000000, -1.#QNAN0
3166.333677, -257.835995, 1.000000, -1.#QNAN0
3166.373764, -257.894865, 1.000000, -1.#QNAN0
3166.516123, -258.103924, 1.000000, -1.#QNAN0
3166.556210, -258.162794, 1.000000, -1.#QNAN0
3166.698569, -258.371853, 1.000000, -1.#QNAN0
3166.728845, -258.437404, 1.000000, -1.#QNAN0
3166.768932, -258.496274, 1.000000, -1.#QNAN0
3166.911291, -258.705333, 1.000000, -1.#QNAN0
3166.951378, -258.764203, 1.000000, -1.#QNAN0
3166.991466, -258.823073, 1.000000, -1.#QNAN0
3167.133825, -259.032132, 1.000000, -1.#QNAN0
3167.173912, -259.091002, 1.000000, -1.#QNAN0
3167.316271, -259.300061, 1.000000, -1.#QNAN0
3167.356358, -259.358931, 1.000000, -1.#QNAN0
3167.396446, -259.417801, 1.000000, -1.#QNAN0
3167.528992, -259.633541, 1.000000, -1.#QNAN0
3167.569080, -259.692411, 1.000000, -1.#QNAN0
3167.609168, -259.751282, 1.000000, -1.#QNAN0
3167.751526, -259.960341, 1.000000, -1.#QNAN0
3167.791614, -260.019211, 1.000000, -1.#QNAN0
3167.933526, -260.227411, 1.000000, -1.#QNAN0
3167.973647, -260.286259, 1.000000, -1.#QNAN0
3168.013767, -260.345107, 1.000000, -1.#QNAN0
3168.162444, -260.540287, 1.000000, -1.#QNAN0
3168.202833, -260.598952, 1.000000, -1.#QNAN0
3168.243221, -260.657616, 1.000000, -1.#QNAN0
3168.381566, -260.855720, 1.000000, -1.#QNAN0
3168.422336, -260.914120, 1.000000, -1.#QNAN0
3168.561585, -261.111257, 1.000000, -1.#QNAN0
3168.602744, -261.169383, 1.000000, -1.#QNAN0
3168.643903, -261.227510, 1.000000, -1.#QNAN0
3168.784462, -261.423376, 1.000000, -1.#QNAN0
3168.826017, -261.481220, 1.000000, -1.#QNAN0
3168.867572, -261.539063, 1.000000, -1.#QNAN0
3169.009464, -261.733616, 1.000000, -1.#QNAN0
3169.051423, -261.791168, 1.000000, -1.#QNAN0
3169.194259, -261.984666, 1.000000, -1.#QNAN0
3169.236629, -262.041915, 1.000000, -1.#QNAN0
3169.278999, -262.099165, 1.000000, -1.#QNAN0
3169.423572, -262.291921, 1.000000, -1.#QNAN0
3169.466336, -262.348876, 1.000000, -1.#QNAN0
3169.509101, -262.405832, 1.000000, -1.#QNAN0
3169.658065, -262.602796, 1.000000, -1.#QNAN0
3169.701025, -262.659603, 1.000000, -1.#QNAN0
3169.853584, -262.861338, 1.000000, -1.#QNAN0
3169.896544, -262.918146, 1.000000, -1.#QNAN0
3169.939504, -262.974954, 1.000000, -1.#QNAN0
3170.097364, -263.183697, 1.000000, -1.#QNAN0
3170.140324, -263.240505, 1.000000, -1.#QNAN0
3170.183285, -263.297313, 1.000000, -1.#QNAN0
3170.341690, -263.506778, 1.000000, -1.#QNAN0
3170.384650, -263.563586, 1.000000, -1.#QNAN0
3170.550904, -263.783430, 1.000000, -1.#QNAN0
3170.593864, -263.840238, 1.000000, -1.#QNAN0
3170.636824, -263.897045, 1.000000, -1.#QNAN0
3170.813364, -264.110811, 1.000000, -1.#QNAN0
3170.856325, -264.167619, 1.000000, -1.#QNAN0
3170.899285, -264.224427, 1.000000, -1.#QNAN0
3171.074454, -264.456059, 1.000000, -1.#QNAN0
3171.117414, -264.512867, 1.000000, -1.#QNAN0
3171.160374, -264.569675, 1.000000, -1.#QNAN0
3171.346054, -264.795527, 1.000000, -1.#QNAN0
3171.389014, -264.852335, 1.000000, -1.#QNAN0
3171.431975, -264.909143, 1.000000, -1.#QNAN0
3171.609328, -265.143664, 1.000000, -1.#QNAN0
3171.652289, -265.200472, 1.000000, -1.#QNAN0
3171.685781, -265.264440, 1.000000, -1.#QNAN0
3171.738209, -265.314088, 1.000000, -1.#QNAN0
3171.918071, -265.551926, 1.000000, -1.#QNAN0
3171.961031, -265.608734, 1.000000, -1.#QNAN0
3172.003992, -265.665542, 1.000000, -1.#QNAN0
3172.183854, -265.903380, 1.000000, -1.#QNAN0
3172.236282, -265.953028, 1.000000, -1.#QNAN0
3172.279242, -266.009836, 1.000000, -1.#QNAN0
3172.459104, -266.247674, 1.000000, -1.#QNAN0
3172.502064, -266.304482, 1.000000, -1.#QNAN0
3172.535556, -266.368449, 1.000000, -1.#QNAN0
3172.578517, -266.425257, 1.000000, -1.#QNAN0
3172.767847, -266.655936, 1.000000, -1.#QNAN0
3172.810807, -266.712744, 1.000000, -1.#QNAN0
3172.853767, -266.769552, 1.000000, -1.#QNAN0
3173.033629, -267.007390, 1.000000, -1.#QNAN0
3173.076589, -267.064198, 1.000000, -1.#QNAN0
3173.119550, -267.121006, 1.000000, -1.#QNAN0
3173.299412, -267.358844, 1.000000, -1.#QNAN0
3173.342372, -267.415651, 1.000000, -1.#QNAN0
3173.385332, -267.472459, 1.000000, -1.#QNAN0
3173.428292, -267.529267, 1.000000, -1.#QNAN0
3173.608155, -267.767106, 1.000000, -1.#QNAN0
3173.651115, -267.823914, 1.000000, -1.#QNAN0
3173.694075, -267.880722, 1.000000, -1.#QNAN0
3173.873937, -268.118560, 1.000000, -1.#QNAN0
3173.916897, -268.175367, 1.000000, -1.#QNAN0
3173.959857, -268.232175, 1.000000, -1.#QNAN0
3174.139719, -268.470013, 1.000000, -1.#QNAN0
3174.192147, -268.519661, 1.000000, -1.#QNAN0
3174.235108, -268.576469, 1.000000, -1.#QNAN0
3174.278068, -268.633277, 1.000000, -1.#QNAN0
3174.457930, -268.871116, 1.000000, -1.#QNAN0
3174.510358, -268.920763, 1.000000, -1.#QNAN0
3174.553319, -268.977571, 1.000000, -1.#QNAN0
3174.731512, -269.212379, 1.000000, -1.#QNAN0
3174.765126, -269.276283, 1.000000, -1.#QNAN0
3174.808195, -269.333009, 1.000000, -1.#QNAN0
3174.975992, -269.525745, 1.000000, -1.#QNAN0
3175.020413, -269.581419, 1.000000, -1.#QNAN0
3175.064833, -269.637093, 1.000000, -1.#QNAN0
3175.109254, -269.692766, 1.000000, -1.#QNAN0
3175.269017, -269.881060, 1.000000, -1.#QNAN0
3175.315010, -269.935442, 1.000000, -1.#QNAN0
3175.361003, -269.989823, 1.000000, -1.#QNAN0
3175.528224, -270.177940, 1.000000, -1.#QNAN0
3175.575611, -270.231111, 1.000000, -1.#QNAN0
3175.622998, -270.284282, 1.000000, -1.#QNAN0
3175.805760, -270.463814, 1.000000, -1.#QNAN0
3175.854385, -270.515856, 1.000000, -1.#QNAN0
3175.903011, -270.567897, 1.000000, -1.#QNAN0
3175.951636, -270.619938, 1.000000, -1.#QNAN0
3176.132956, -270.805622, 1.000000, -1.#QNAN0
3176.182685, -270.856610, 1.000000, -1.#QNAN0
3176.232414, -270.907598, 1.000000, -1.#QNAN0
3176.419406, -271.092480, 1.000000, -1.#QNAN0
3176.470120, -271.142488, 1.000000, -1.#QNAN0
3176.520834, -271.192496, 1.000000, -1.#QNAN0
3176.723630, -271.389715, 1.000000, -1.#QNAN0
3176.774767, -271.439291, 1.000000, -1.#QNAN0
3176.825903, -271.488867, 1.000000, -1.#QNAN0
3176.877040, -271.538443, 1.000000, -1.#QNAN0
3177.089803, -271.744233, 1.000000, -1.#QNAN0
3177.140999, -271.793747, 1.000000, -1.#QNAN0
3177.192196, -271.843262, 1.000000, -1.#QNAN0
3177.406538, -272.050560, 1.000000, -1.#QNAN0
3177.457734, -272.100075, 1.000000, -1.#QNAN0
3177.508930, -272.149589, 1.000000, -1.#QNAN0
3177.723272, -272.356888, 1.000000, -1.#QNAN0
3177.782721, -272.397869, 1.000000, -1.#QNAN0
3177.833917, -272.447383, 1.000000, -1.#QNAN0
3177.885114, -272.496897, 1.000000, -1.#QNAN0
3178.099456, -272.704196, 1.000000, -1.#QNAN0
3178.150652, -272.753711, 1.000000, -1.#QNAN0
3178.201849, -272.803225, 1.000000, -1.#QNAN0
3178.413401, -273.007825, 1.000000, -1.#QNAN0
3178.464597, -273.057339, 1.000000, -1.#QNAN0
3178.515793, -273.106854, 1.000000, -1.#QNAN0
3178.728726, -273.312789, 1.000000, -1.#QNAN0
3178.779922, -273.362304, 1.000000, -1.#QNAN0
3178.831119, -273.411818, 1.000000, -1.#QNAN0
3178.882315, -273.461332, 1.000000, -1.#QNAN0
3179.088099, -273.660354, 1.000000, -1.#QNAN0
3179.139295, -273.709868, 1.000000, -1.#QNAN0
3179.190491, -273.759382, 1.000000, -1.#QNAN0
3179.397661, -273.959744, 1.000000, -1.#QNAN0
3179.457110, -274.000726, 1.000000, -1.#QNAN0
3179.508306, -274.050240, 1.000000, -1.#QNAN0
3179.708333, -274.243694, 1.000000, -1.#QNAN0
3179.759529, -274.293208, 1.000000, -1.#QNAN0
3179.810726, -274.342722, 1.000000, -1.#QNAN0
3180.003613, -274.529271, 1.000000, -1.#QNAN0
3180.054809, -274.578786, 1.000000, -1.#QNAN0
3180.106006, -274.628300, 1.000000, -1.#QNAN0
3180.300289, -274.816199, 1.000000, -1.#QNAN0
3180.359738, -274.857181, 1.000000, -1.#QNAN0
3180.410934, -274.906695, 1.000000, -1.#QNAN0
3180.600867, -275.090386, 1.000000, -1.#QNAN0
3180.652063, -275.139900, 1.000000, -1.#QNAN0
3180.841996, -275.323592, 1.000000, -1.#QNAN0
3180.893192, -275.373106, 1.000000, -1.#QNAN0
3180.944388, -275.422621, 1.000000, -1.#QNAN0
3181.134321, -275.606312, 1.000000, -1.#QNAN0
3181.185517, -275.655826, 1.000000, -1.#QNAN0
3181.244966, -275.696808, 1.000000, -1.#QNAN0
3181.434898, -275.880499, 1.000000, -1.#QNAN0
3181.486095, -275.930013, 1.000000, -1.#QNAN0
3181.545543, -275.970995, 1.000000, -1.#QNAN0
3181.735476, -276.154686, 1.000000, -1.#QNAN0
3181.786673, -276.204200, 1.000000, -1.#QNAN0
3181.837869, -276.253715, 1.000000, -1.#QNAN0
3182.027801, -276.437406, 1.000000, -1.#QNAN0
3182.078998, -276.486920, 1.000000, -1.#QNAN0
3182.138446, -276.527902, 1.000000, -1.#QNAN0
3182.328379, -276.711593, 1.000000, -1.#QNAN0
3182.379575, -276.761107, 1.000000, -1.#QNAN0
3182.569508, -276.944799, 1.000000, -1.#QNAN0
3182.620704, -276.994313, 1.000000, -1.#QNAN0
3182.680153, -277.035295, 1.000000, -1.#QNAN0
3182.870085, -277.218986, 1.000000, -1.#QNAN0
3182.921282, -277.268500, 1.000000, -1.#QNAN0
3182.972478, -277.318014, 1.000000, -1.#QNAN0
3183.162411, -277.501706, 1.000000, -1.#QNAN0
3183.213607, -277.551220, 1.000000, -1.#QNAN0
3183.264803, -277.600734, 1.000000, -1.#QNAN0
3183.462988, -277.775893, 1.000000, -1.#QNAN0
3183.514185, -277.825407, 1.000000, -1.#QNAN0
3183.565381, -277.874921, 1.000000, -1.#QNAN0
3183.755314, -278.058613, 1.000000, -1.#QNAN0
3183.814762, -278.099594, 1.000000, -1.#QNAN0
3183.865959, -278.149108, 1.000000, -1.#QNAN0
3184.055411, -278.332187, 1.000000, -1.#QNAN0
3184.106627, -278.381681, 1.000000, -1.#QNAN0
3184.295070, -278.563425, 1.000000, -1.#QNAN0
3184.338111, -278.621400, 1.000000, -1.#QNAN0
3184.389390, -278.670828, 1.000000, -1.#QNAN0
3184.576627, -278.850575, 1.000000, -1.#QNAN0
3184.628028, -278.899877, 1.000000, -1.#QNAN0
3184.679428, -278.949179, 1.000000, -1.#QNAN0
3184.866729, -279.127958, 1.000000, -1.#QNAN0
3184.918267, -279.177116, 1.000000, -1.#QNAN0
3184.969805, -279.226274, 1.000000, -1.#QNAN0
3185.165581, -279.395631, 1.000000, -1.#QNAN0
3185.217264, -279.444636, 1.000000, -1.#QNAN0
3185.268948, -279.493642, 1.000000, -1.#QNAN0
3185.457081, -279.671004, 1.000000, -1.#QNAN0
3185.508910, -279.719855, 1.000000, -1.#QNAN0
3185.568881, -279.760069, 1.000000, -1.#QNAN0
3185.757274, -279.936497, 1.000000, -1.#QNAN0
3185.809258, -279.985183, 1.000000, -1.#QNAN0
3185.997783, -280.160804, 1.000000, -1.#QNAN0
3186.058018, -280.200621, 1.000000, -1.#QNAN0
3186.110169, -280.249129, 1.000000, -1.#QNAN0
3186.292304, -280.434002, 1.000000, -1.#QNAN0
3186.352641, -280.473663, 1.000000, -1.#QNAN0
3186.404917, -280.522037, 1.000000, -1.#QNAN0
3186.598091, -280.700608, 1.000000, -1.#QNAN0
3186.650395, -280.748951, 1.000000, -1.#QNAN0
3186.702700, -280.797293, 1.000000, -1.#QNAN0
3186.896742, -280.976638, 1.000000, -1.#QNAN0
3186.957103, -281.016263, 1.000000, -1.#QNAN0
3187.009407, -281.064605, 1.000000, -1.#QNAN0
3187.204548, -281.244964, 1.000000, -1.#QNAN0
3187.256852, -281.293307, 1.000000, -1.#QNAN0
3187.309156, -281.341649, 1.000000, -1.#QNAN0
3187.506615, -281.524152, 1.000000, -1.#QNAN0
3187.558920, -281.572494, 1.000000, -1.#QNAN0
3187.758740, -281.757179, 1.000000, -1.#QNAN0
3187.811044, -281.805522, 1.000000, -1.#QNAN0
3187.863349, -281.853864, 1.000000, -1.#QNAN0
3188.065571, -282.040768, 1.000000, -1.#QNAN0
3188.117875, -282.089111, 1.000000, -1.#QNAN0
3188.170179, -282.137453, 1.000000, -1.#QNAN0
3188.374842, -282.326614, 1.000000, -1.#QNAN0
3188.427146, -282.374957, 1.000000, -1.#QNAN0
3188.479451, -282.423299, 1.000000, -1.#QNAN0
3188.677877, -282.606695, 1.000000, -1.#QNAN0
3188.730181, -282.655038, 1.000000, -1.#QNAN0
3188.782485, -282.703380, 1.000000, -1.#QNAN0
3188.983429, -282.889103, 1.000000, -1.#QNAN0
3189.035733, -282.937446, 1.000000, -1.#QNAN0
3189.096095, -282.977071, 1.000000, -1.#QNAN0
3189.298362, -283.164018, 1.000000, -1.#QNAN0
3189.350666, -283.212360, 1.000000, -1.#QNAN0
3189.402971, -283.260702, 1.000000, -1.#QNAN0
3189.605239, -283.447650, 1.000000, -1.#QNAN0
3189.657543, -283.495992, 1.000000, -1.#QNAN0
3189.709847, -283.544334, 1.000000, -1.#QNAN0
3189.912115, -283.731281, 1.000000, -1.#QNAN0
3189.964419, -283.779624, 1.000000, -1.#QNAN0
3190.016723, -283.827966, 1.000000, -1.#QNAN0
3190.218991, -284.014913, 1.000000, -1.#QNAN0
3190.263238, -284.071973, 1.000000, -1.#QNAN0
3190.315542, -284.120315, 1.000000, -1.#QNAN0
3190.517810, -284.307262, 1.000000, -1.#QNAN0
3190.570114, -284.355605, 1.000000, -1.#QNAN0
3190.622419, -284.403947, 1.000000, -1.#QNAN0
3190.824686, -284.590894, 1.000000, -1.#QNAN0
3190.876991, -284.639236, 1.000000, -1.#QNAN0
3190.929295, -284.687579, 1.000000, -1.#QNAN0
3191.131563, -284.874526, 1.000000, -1.#QNAN0
3191.183867, -284.922868, 1.000000, -1.#QNAN0
3191.236171, -284.971210, 1.000000, -1.#QNAN0
3191.438439, -285.158157, 1.000000, -1.#QNAN0
3191.490743, -285.206500, 1.000000, -1.#QNAN0
3191.543047, -285.254842, 1.000000, -1.#QNAN0
3191.737258, -285.450506, 1.000000, -1.#QNAN0
3191.789562, -285.498849, 1.000000, -1.#QNAN0
3191.841866, -285.547191, 1.000000, -1.#QNAN0
3192.044134, -285.734138, 1.000000, -1.#QNAN0
3192.096438, -285.782481, 1.000000, -1.#QNAN0
3192.148743, -285.830823, 1.000000, -1.#QNAN0
3192.351011, -286.017770, 1.000000, -1.#QNAN0
3192.403315, -286.066112, 1.000000, -1.#QNAN0
3192.455619, -286.114455, 1.000000, -1.#QNAN0
3192.657887, -286.301402, 1.000000, -1.#QNAN0
3192.710191, -286.349744, 1.000000, -1.#QNAN0
3192.762495, -286.398087, 1.000000, -1.#QNAN0
3192.959951, -286.579290, 1.000000, -1.#QNAN0
3193.012441, -286.627431, 1.000000, -1.#QNAN0
3193.056906, -286.684320, 1.000000, -1.#QNAN0
3193.246683, -286.854927, 1.000000, -1.#QNAN0
3193.299676, -286.902514, 1.000000, -1.#QNAN0
3193.352669, -286.950100, 1.000000, -1.#QNAN0
3193.541825, -287.115961, 1.000000, -1.#QNAN0
3193.587583, -287.171816, 1.000000, -1.#QNAN0
3193.641162, -287.218742, 1.000000, -1.#QNAN0
3193.832853, -287.382765, 1.000000, -1.#QNAN0
3193.886996, -287.429038, 1.000000, -1.#QNAN0
3193.941139, -287.475312, 1.000000, -1.#QNAN0
3194.135183, -287.637415, 1.000000, -1.#QNAN0
3194.189869, -287.683046, 1.000000, -1.#QNAN0
3194.244555, -287.728676, 1.000000, -1.#QNAN0
3194.440879, -287.888877, 1.000000, -1.#QNAN0
3194.496087, -287.933875, 1.000000, -1.#QNAN0
3194.551296, -287.978872, 1.000000, -1.#QNAN0
3194.749830, -288.137190, 1.000000, -1.#QNAN0
3194.805541, -288.181563, 1.000000, -1.#QNAN0
3194.861252, -288.225937, 1.000000, -1.#QNAN0
3195.067950, -288.388527, 1.000000, -1.#QNAN0
3195.123948, -288.432537, 1.000000, -1.#QNAN0
3195.179947, -288.476546, 1.000000, -1.#QNAN0
3195.388070, -288.654948, 1.000000, -1.#QNAN0
3195.444105, -288.698912, 1.000000, -1.#QNAN0
3195.500140, -288.742875, 1.000000, -1.#QNAN0
3195.709506, -288.922228, 1.000000, -1.#QNAN0
3195.765540, -288.966192, 1.000000, -1.#QNAN0
3195.821575, -289.010156, 1.000000, -1.#QNAN0
3196.038268, -289.180169, 1.000000, -1.#QNAN0
3196.094303, -289.224133, 1.000000, -1.#QNAN0
3196.150338, -289.268097, 1.000000, -1.#QNAN0
3196.365148, -289.436633, 1.000000, -1.#QNAN0
3196.421183, -289.480597, 1.000000, -1.#QNAN0
3196.477217, -289.524561, 1.000000, -1.#QNAN0
3196.687095, -289.704315, 1.000000, -1.#QNAN0
3196.743129, -289.748278, 1.000000, -1.#QNAN0
3196.799164, -289.792242, 1.000000, -1.#QNAN0
3197.009475, -289.957248, 1.000000, -1.#QNAN0
3197.065509, -290.001212, 1.000000, -1.#QNAN0
3197.121544, -290.045176, 1.000000, -1.#QNAN0
3197.325014, -290.204814, 1.000000, -1.#QNAN0
3197.388376, -290.239439, 1.000000, -1.#QNAN0
3197.594401, -290.401082, 1.000000, -1.#QNAN0
3197.650435, -290.445046, 1.000000, -1.#QNAN0
3197.706470, -290.489010, 1.000000, -1.#QNAN0
3197.905773, -290.645379, 1.000000, -1.#QNAN0
3197.961808, -290.689343, 1.000000, -1.#QNAN0
3198.017842, -290.733307, 1.000000, -1.#QNAN0
3198.210488, -290.884453, 1.000000, -1.#QNAN0
3198.266523, -290.928417, 1.000000, -1.#QNAN0
3198.471019, -291.073773, 1.000000, -1.#QNAN0
3198.527054, -291.117737, 1.000000, -1.#QNAN0
3198.583089, -291.161701, 1.000000, -1.#QNAN0
3198.780258, -291.316396, 1.000000, -1.#QNAN0
3198.843620, -291.351021, 1.000000, -1.#QNAN0
3199.040789, -291.505716, 1.000000, -1.#QNAN0
3199.096824, -291.549680, 1.000000, -1.#QNAN0
3199.152859, -291.593644, 1.000000, -1.#QNAN0
3199.350028, -291.748339, 1.000000, -1.#QNAN0
3199.398735, -291.801642, 1.000000, -1.#QNAN0
3199.595905, -291.956338, 1.000000, -1.#QNAN0
3199.651939, -292.000302, 1.000000, -1.#QNAN0
3199.707974, -292.044266, 1.000000, -1.#QNAN0
3199.905143, -292.198961, 1.000000, -1.#QNAN0
3199.961178, -292.242925, 1.000000, -1.#QNAN0
3200.158347, -292.397620, 1.000000, -1.#QNAN0
3200.214382, -292.441584, 1.000000, -1.#QNAN0
3200.270417, -292.485548, 1.000000, -1.#QNAN0
3200.467586, -292.640243, 1.000000, -1.#QNAN0
3200.523621, -292.684207, 1.000000, -1.#QNAN0
3200.720790, -292.838902, 1.000000, -1.#QNAN0
3200.776825, -292.882866, 1.000000, -1.#QNAN0
3200.832859, -292.926830, 1.000000, -1.#QNAN0
3201.022701, -293.090864, 1.000000, -1.#QNAN0
3201.078736, -293.134828, 1.000000, -1.#QNAN0
3201.275905, -293.289524, 1.000000, -1.#QNAN0
3201.339268, -293.324148, 1.000000, -1.#QNAN0
3201.395302, -293.368112, 1.000000, -1.#QNAN0
3201.592471, -293.522808, 1.000000, -1.#QNAN0
3201.648506, -293.566771, 1.000000, -1.#QNAN0
3201.845675, -293.721467, 1.000000, -1.#QNAN0
3201.901710, -293.765431, 1.000000, -1.#QNAN0
3201.957745, -293.809394, 1.000000, -1.#QNAN0
3202.154914, -293.964090, 1.000000, -1.#QNAN0
3202.218276, -293.998715, 1.000000, -1.#QNAN0
3202.414355, -294.152364, 1.000000, -1.#QNAN0
3202.463104, -294.205629, 1.000000, -1.#QNAN0
3202.519174, -294.249548, 1.000000, -1.#QNAN0
3202.719085, -294.390086, 1.000000, -1.#QNAN0
3202.775305, -294.433813, 1.000000, -1.#QNAN0
3202.957397, -294.572869, 1.000000, -1.#QNAN0
3203.014105, -294.615961, 1.000000, -1.#QNAN0
3203.070813, -294.659053, 1.000000, -1.#QNAN0
3203.253529, -294.794629, 1.000000, -1.#QNAN0
3203.310753, -294.837033, 1.000000, -1.#QNAN0
3203.495208, -294.971067, 1.000000, -1.#QNAN0
3203.552930, -295.012791, 1.000000, -1.#QNAN0
3203.610651, -295.054515, 1.000000, -1.#QNAN0
3203.795763, -295.184975, 1.000000, -1.#QNAN0
3203.854007, -295.225967, 1.000000, -1.#QNAN0
3204.039205, -295.353362, 1.000000, -1.#QNAN0
3204.091297, -295.403362, 1.000000, -1.#QNAN0
3204.150090, -295.443563, 1.000000, -1.#QNAN0
3204.336006, -295.566956, 1.000000, -1.#QNAN0
3204.395374, -295.606303, 1.000000, -1.#QNAN0
3204.585309, -295.729444, 1.000000, -1.#QNAN0
3204.645174, -295.768031, 1.000000, -1.#QNAN0
3204.698608, -295.816594, 1.000000, -1.#QNAN0
3204.905101, -295.948504, 1.000000, -1.#QNAN0
3204.965136, -295.986825, 1.000000, -1.#QNAN0
3205.171809, -296.118747, 1.000000, -1.#QNAN0
3205.231845, -296.157069, 1.000000, -1.#QNAN0
3205.291880, -296.195390, 1.000000, -1.#QNAN0
3205.501660, -296.329295, 1.000000, -1.#QNAN0
3205.561695, -296.367617, 1.000000, -1.#QNAN0
3205.621730, -296.405938, 1.000000, -1.#QNAN0
3205.828230, -296.551832, 1.000000, -1.#QNAN0
3205.888265, -296.590153, 1.000000, -1.#QNAN0
3206.104258, -296.728024, 1.000000, -1.#QNAN0
3206.164293, -296.766346, 1.000000, -1.#QNAN0
3206.224328, -296.804667, 1.000000, -1.#QNAN0
3206.437041, -296.954527, 1.000000, -1.#QNAN0
3206.497076, -296.992848, 1.000000, -1.#QNAN0
3206.557111, -297.031169, 1.000000, -1.#QNAN0
3206.772931, -297.183013, 1.000000, -1.#QNAN0
3206.832966, -297.221334, 1.000000, -1.#QNAN0
3207.055950, -297.363667, 1.000000, -1.#QNAN0
3207.109598, -297.411994, 1.000000, -1.#QNAN0
3207.169633, -297.450315, 1.000000, -1.#QNAN0
3207.392617, -297.592649, 1.000000, -1.#QNAN0
3207.452652, -297.630970, 1.000000, -1.#QNAN0
3207.512687, -297.669291, 1.000000, -1.#QNAN0
3207.735670, -297.811625, 1.000000, -1.#QNAN0
3207.789318, -297.859952, 1.000000, -1.#QNAN0
3208.012302, -298.002285, 1.000000, -1.#QNAN0
3208.072337, -298.040606, 1.000000, -1.#QNAN0
3208.125985, -298.088933, 1.000000, -1.#QNAN0
3208.348969, -298.231267, 1.000000, -1.#QNAN0
3208.409004, -298.269588, 1.000000, -1.#QNAN0
3208.469039, -298.307909, 1.000000, -1.#QNAN0
3208.692022, -298.450242, 1.000000, -1.#QNAN0
3208.752057, -298.488563, 1.000000, -1.#QNAN0
3208.975041, -298.630897, 1.000000, -1.#QNAN0
3209.028689, -298.679224, 1.000000, -1.#QNAN0
3209.088724, -298.717545, 1.000000, -1.#QNAN0
3209.311708, -298.859878, 1.000000, -1.#QNAN0
3209.371743, -298.898199, 1.000000, -1.#QNAN0
3209.425391, -298.946526, 1.000000, -1.#QNAN0
3209.648375, -299.088860, 1.000000, -1.#QNAN0
3209.708410, -299.127181, 1.000000, -1.#QNAN0
3209.931393, -299.269514, 1.000000, -1.#QNAN0
3209.985041, -299.317841, 1.000000, -1.#QNAN0
3210.045076, -299.356162, 1.000000, -1.#QNAN0
3210.268060, -299.498496, 1.000000, -1.#QNAN0
3210.328095, -299.536817, 1.000000, -1.#QNAN0
3210.388130, -299.575138, 1.000000, -1.#QNAN0
3210.611114, -299.717472, 1.000000, -1.#QNAN0
3210.664762, -299.765799, 1.000000, -1.#QNAN0
3210.887745, -299.908132, 1.000000, -1.#QNAN0
3210.947780, -299.946453, 1.000000, -1.#QNAN0
3211.007815, -299.984774, 1.000000, -1.#QNAN0
3211.237186, -300.117102, 1.000000, -1.#QNAN0
3211.297221, -300.155423, 1.000000, -1.#QNAN0
3211.350869, -300.203750, 1.000000, -1.#QNAN0
3211.574385, -300.346541, 1.000000, -1.#QNAN0
3211.634405, -300.384886, 1.000000, -1.#QNAN0
3211.858160, -300.527982, 1.000000, -1.#QNAN0
3211.918157, -300.566363, 1.000000, -1.#QNAN0
3211.978154, -300.604743, 1.000000, -1.#QNAN0
3212.201811, -300.747982, 1.000000, -1.#QNAN0
3212.261785, -300.786399, 1.000000, -1.#QNAN0
3212.321759, -300.824815, 1.000000, -1.#QNAN0
3212.545276, -300.968158, 1.000000, -1.#QNAN0
3212.598820, -301.016600, 1.000000, -1.#QNAN0
3212.822242, -301.160024, 1.000000, -1.#QNAN0
3212.882173, -301.198507, 1.000000, -1.#QNAN0
3212.942105, -301.236990, 1.000000, -1.#QNAN0
3213.165421, -301.380528, 1.000000, -1.#QNAN0
3213.225332, -301.419043, 1.000000, -1.#QNAN0
3213.285243, -301.457557, 1.000000, -1.#QNAN0
3213.508392, -301.601151, 1.000000, -1.#QNAN0
3213.568285, -301.639693, 1.000000, -1.#QNAN0
3213.790893, -301.782973, 1.000000, -1.#QNAN0
3213.850782, -301.821523, 1.000000, -1.#QNAN0
3213.910671, -301.860072, 1.000000, -1.#QNAN0
3214.130977, -302.001878, 1.000000, -1.#QNAN0
3214.190866, -302.040427, 1.000000, -1.#QNAN0
3214.250755, -302.078976, 1.000000, -1.#QNAN0
3214.468413, -302.219078, 1.000000, -1.#QNAN0
3214.528302, -302.257627, 1.000000, -1.#QNAN0
3214.743457, -302.396117, 1.000000, -1.#QNAN0
3214.803346, -302.434667, 1.000000, -1.#QNAN0
3214.856810, -302.483197, 1.000000, -1.#QNAN0
3215.069611, -302.620172, 1.000000, -1.#QNAN0
3215.129500, -302.658721, 1.000000, -1.#QNAN0
3215.189389, -302.697270, 1.000000, -1.#QNAN0
3215.399985, -302.832826, 1.000000, -1.#QNAN0
3215.459874, -302.871375, 1.000000, -1.#QNAN0
3215.668421, -303.005612, 1.000000, -1.#QNAN0
3215.728310, -303.044161, 1.000000, -1.#QNAN0
3215.788199, -303.082711, 1.000000, -1.#QNAN0
3215.988430, -303.225712, 1.000000, -1.#QNAN0
3216.048319, -303.264261, 1.000000, -1.#QNAN0
3216.108208, -303.302810, 1.000000, -1.#QNAN0
3216.314451, -303.435564, 1.000000, -1.#QNAN0
3216.374340, -303.474113, 1.000000, -1.#QNAN0
3216.580583, -303.606867, 1.000000, -1.#QNAN0
3216.640472, -303.645416, 1.000000, -1.#QNAN0
3216.693936, -303.693947, 1.000000, -1.#QNAN0
3216.900179, -303.826701, 1.000000, -1.#QNAN0
3216.960068, -303.865250, 1.000000, -1.#QNAN0
3217.013532, -303.913781, 1.000000, -1.#QNAN0
3217.226200, -304.036554, 1.000000, -1.#QNAN0
3217.286089, -304.075103, 1.000000, -1.#QNAN0
3217.492332, -304.207857, 1.000000, -1.#QNAN0
3217.545796, -304.256387, 1.000000, -1.#QNAN0
3217.605685, -304.294937, 1.000000, -1.#QNAN0
3217.811929, -304.427691, 1.000000, -1.#QNAN0
3217.871818, -304.466240, 1.000000, -1.#QNAN0
3217.931707, -304.504789, 1.000000, -1.#QNAN0
3218.137950, -304.637543, 1.000000, -1.#QNAN0
3218.191414, -304.686074, 1.000000, -1.#QNAN0
3218.397657, -304.818828, 1.000000, -1.#QNAN0
3218.457546, -304.857377, 1.000000, -1.#QNAN0
3218.517435, -304.895926, 1.000000, -1.#QNAN0
3218.723678, -305.028680, 1.000000, -1.#QNAN0
3218.783567, -305.067229, 1.000000, -1.#QNAN0
3218.843456, -305.105779, 1.000000, -1.#QNAN0
3219.049699, -305.238533, 1.000000, -1.#QNAN0
3219.109588, -305.277082, 1.000000, -1.#QNAN0
3219.315831, -305.409836, 1.000000, -1.#QNAN0
3219.375720, -305.448385, 1.000000, -1.#QNAN0
3219.435609, -305.486934, 1.000000, -1.#QNAN0
3219.641853, -305.619688, 1.000000, -1.#QNAN0
3219.701742, -305.658237, 1.000000, -1.#QNAN0
3219.761631, -305.696787, 1.000000, -1.#QNAN0
3219.961449, -305.839522, 1.000000, -1.#QNAN0
3220.021338, -305.878071, 1.000000, -1.#QNAN0
3220.227581, -306.010825, 1.000000, -1.#QNAN0
3220.287470, -306.049374, 1.000000, -1.#QNAN0
3220.347359, -306.087924, 1.000000, -1.#QNAN0
3220.549856, -306.217560, 1.000000, -1.#QNAN0
3220.609855, -306.255938, 1.000000, -1.#QNAN0
3220.669854, -306.294315, 1.000000, -1.#QNAN0
3220.855632, -306.408970, 1.000000, -1.#QNAN0
3220.916238, -306.446383, 1.000000, -1.#QNAN0
3221.097451, -306.554206, 1.000000, -1.#QNAN0
3221.158807, -306.590374, 1.000000, -1.#QNAN0
3221.220163, -306.626543, 1.000000, -1.#QNAN0
3221.403101, -306.729724, 1.000000, -1.#QNAN0
3221.465199, -306.764603, 1.000000, -1.#QNAN0
3221.527298, -306.799481, 1.000000, -1.#QNAN0
3221.711924, -306.897896, 1.000000, -1.#QNAN0
3221.774754, -306.931439, 1.000000, -1.#QNAN0
3221.960310, -307.026350, 1.000000, -1.#QNAN0
3222.023858, -307.058511, 1.000000, -1.#QNAN0
3222.087406, -307.090672, 1.000000, -1.#QNAN0
3222.274579, -307.180628, 1.000000, -1.#QNAN0
3222.338829, -307.211364, 1.000000, -1.#QNAN0
3222.403079, -307.242100, 1.000000, -1.#QNAN0
3222.592375, -307.327341, 1.000000, -1.#QNAN0
3222.657295, -307.356633, 1.000000, -1.#QNAN0
3222.873320, -307.453077, 1.000000, -1.#QNAN0
3222.938390, -307.482035, 1.000000, -1.#QNAN0
3222.998635, -307.521837, 1.000000, -1.#QNAN0
3223.222377, -307.621405, 1.000000, -1.#QNAN0
3223.287447, -307.650362, 1.000000, -1.#QNAN0
3223.352518, -307.679319, 1.000000, -1.#QNAN0
3223.570650, -307.776390, 1.000000, -1.#QNAN0
3223.635720, -307.805347, 1.000000, -1.#QNAN0
3223.837398, -307.895096, 1.000000, -1.#QNAN0
3223.902469, -307.924053, 1.000000, -1.#QNAN0
3224.093711, -308.022151, 1.000000, -1.#QNAN0
3224.158782, -308.051109, 1.000000, -1.#QNAN0
3224.354069, -308.125021, 1.000000, -1.#QNAN0
3224.419140, -308.153978, 1.000000, -1.#QNAN0
3224.603994, -308.236240, 1.000000, -1.#QNAN0
3224.669064, -308.265197, 1.000000, -1.#QNAN0
3224.837467, -308.340138, 1.000000, -1.#QNAN0
3224.902538, -308.369096, 1.000000, -1.#QNAN0
3225.076521, -308.446520, 1.000000, -1.#QNAN0
3225.141592, -308.475477, 1.000000, -1.#QNAN0
3225.315576, -308.552902, 1.000000, -1.#QNAN0
3225.489559, -308.630327, 1.000000, -1.#QNAN0
3225.549804, -308.670129, 1.000000, -1.#QNAN0
3225.723787, -308.747554, 1.000000, -1.#QNAN0
3225.788858, -308.776511, 1.000000, -1.#QNAN0
3225.962841, -308.853936, 1.000000, -1.#QNAN0
3226.136825, -308.931360, 1.000000, -1.#QNAN0
3226.201896, -308.960318, 1.000000, -1.#QNAN0
3226.375879, -309.037742, 1.000000, -1.#QNAN0
3226.440950, -309.066699, 1.000000, -1.#QNAN0
3226.614933, -309.144124, 1.000000, -1.#QNAN0
3226.788917, -309.221549, 1.000000, -1.#QNAN0
3226.853988, -309.250506, 1.000000, -1.#QNAN0
3227.027971, -309.327931, 1.000000, -1.#QNAN0
3227.093042, -309.356888, 1.000000, -1.#QNAN0
3227.267025, -309.434312, 1.000000, -1.#QNAN0
3227.445835, -309.500892, 1.000000, -1.#QNAN0
3227.510906, -309.529849, 1.000000, -1.#QNAN0
3227.684889, -309.607274, 1.000000, -1.#QNAN0
3227.749960, -309.636231, 1.000000, -1.#QNAN0
3227.923944, -309.713656, 1.000000, -1.#QNAN0
3228.102753, -309.780235, 1.000000, -1.#QNAN0
3228.167824, -309.809193, 1.000000, -1.#QNAN0
3228.341808, -309.886617, 1.000000, -1.#QNAN0
3228.406878, -309.915574, 1.000000, -1.#QNAN0
3228.580862, -309.992999, 1.000000, -1.#QNAN0
3228.754845, -310.070424, 1.000000, -1.#QNAN0
3228.815090, -310.110226, 1.000000, -1.#QNAN0
3228.989073, -310.187651, 1.000000, -1.#QNAN0
3229.054144, -310.216608, 1.000000, -1.#QNAN0
3229.232954, -310.283187, 1.000000, -1.#QNAN0
3229.406937, -310.360612, 1.000000, -1.#QNAN0
3229.467182, -310.400415, 1.000000, -1.#QNAN0
3229.641165, -310.477839, 1.000000, -1.#QNAN0
3229.706236, -310.506796, 1.000000, -1.#QNAN0
3229.883072, -310.585490, 1.000000, -1.#QNAN0
3230.071716, -310.656446, 1.000000, -1.#QNAN0
3230.136787, -310.685403, 1.000000, -1.#QNAN0
3230.327200, -310.770093, 1.000000, -1.#QNAN0
3230.397101, -310.788186, 1.000000, -1.#QNAN0
3230.593927, -310.875591, 1.000000, -1.#QNAN0
3230.659025, -310.904488, 1.000000, -1.#QNAN0
3230.867005, -310.983619, 1.000000, -1.#QNAN0
3230.932136, -311.012442, 1.000000, -1.#QNAN0
3231.002070, -311.030409, 1.000000, -1.#QNAN0
3231.211906, -311.122928, 1.000000, -1.#QNAN0
3231.281866, -311.140796, 1.000000, -1.#QNAN0
3231.509145, -311.240593, 1.000000, -1.#QNAN0
3231.579136, -311.258336, 1.000000, -1.#QNAN0
3231.644359, -311.286950, 1.000000, -1.#QNAN0
3231.880083, -311.376818, 1.000000, -1.#QNAN0
3231.945369, -311.405288, 1.000000, -1.#QNAN0
3232.180169, -311.494118, 1.000000, -1.#QNAN0
3232.245536, -311.522399, 1.000000, -1.#QNAN0
3232.310903, -311.550680, 1.000000, -1.#QNAN0
3232.549037, -311.640560, 1.000000, -1.#QNAN0
3232.614430, -311.668783, 1.000000, -1.#QNAN0
3232.684526, -311.686106, 1.000000, -1.#QNAN0
3232.924128, -311.776586, 1.000000, -1.#QNAN0
3232.989521, -311.804808, 1.000000, -1.#QNAN0
3233.229122, -311.895287, 1.000000, -1.#QNAN0
3233.294515, -311.923510, 1.000000, -1.#QNAN0
3233.359907, -311.951732, 1.000000, -1.#QNAN0
3233.594805, -312.053110, 1.000000, -1.#QNAN0
3233.660197, -312.081333, 1.000000, -1.#QNAN0
3233.725590, -312.109555, 1.000000, -1.#QNAN0
3233.965192, -312.200035, 1.000000, -1.#QNAN0
3234.030584, -312.228257, 1.000000, -1.#QNAN0
3234.265482, -312.329635, 1.000000, -1.#QNAN0
3234.330875, -312.357858, 1.000000, -1.#QNAN0
3234.396267, -312.386080, 1.000000, -1.#QNAN0
3234.631165, -312.487458, 1.000000, -1.#QNAN0
3234.696557, -312.515681, 1.000000, -1.#QNAN0
3234.761950, -312.543903, 1.000000, -1.#QNAN0
3234.996848, -312.645282, 1.000000, -1.#QNAN0
3235.066944, -312.662605, 1.000000, -1.#QNAN0
3235.301842, -312.763983, 1.000000, -1.#QNAN0
3235.367235, -312.792206, 1.000000, -1.#QNAN0
3235.432627, -312.820428, 1.000000, -1.#QNAN0
3235.667525, -312.921806, 1.000000, -1.#QNAN0
3235.732917, -312.950029, 1.000000, -1.#QNAN0
3235.798310, -312.978251, 1.000000, -1.#QNAN0
3236.033208, -313.079630, 1.000000, -1.#QNAN0
3236.098601, -313.107852, 1.000000, -1.#QNAN0
3236.338202, -313.198331, 1.000000, -1.#QNAN0
3236.403595, -313.226554, 1.000000, -1.#QNAN0
3236.468987, -313.254776, 1.000000, -1.#QNAN0
3236.699181, -313.367053, 1.000000, -1.#QNAN0
3236.764574, -313.395276, 1.000000, -1.#QNAN0
3236.829966, -313.423498, 1.000000, -1.#QNAN0
3237.064633, -313.524738, 1.000000, -1.#QNAN0
3237.134732, -313.542052, 1.000000, -1.#QNAN0
3237.370248, -313.630198, 1.000000, -1.#QNAN0
3237.440390, -313.647336, 1.000000, -1.#QNAN0
3237.510532, -313.664473, 1.000000, -1.#QNAN0
3237.738367, -313.761043, 1.000000, -1.#QNAN0
3237.808584, -313.777869, 1.000000, -1.#QNAN0
3237.874176, -313.805627, 1.000000, -1.#QNAN0
3238.108974, -313.891249, 1.000000, -1.#QNAN0
3238.174656, -313.918793, 1.000000, -1.#QNAN0
3238.406441, -314.015475, 1.000000, -1.#QNAN0
3238.472190, -314.042857, 1.000000, -1.#QNAN0
3238.537939, -314.070239, 1.000000, -1.#QNAN0
3238.770660, -314.166672, 1.000000, -1.#QNAN0
3238.831924, -314.204887, 1.000000, -1.#QNAN0
3238.897729, -314.232134, 1.000000, -1.#QNAN0
3239.131480, -314.328504, 1.000000, -1.#QNAN0
3239.197328, -314.355646, 1.000000, -1.#QNAN0
3239.429818, -314.451378, 1.000000, -1.#QNAN0
3162.447838, -259.047054, 0.000000, 0.000000
3162.487926, -259.105925, 0.000000, 0.000000
3162.528013, -259.164795, 0.000000, 0.000000
3162.670372, -259.373854, 0.000000, 0.000000
3162.700648, -259.439405, 0.000000, 0.000000
3162.843006, -259.648464, 0.000000, 0.000000
3162.883094, -259.707334, 0.000000, 0.000000
3162.923181, -259.766204, 0.000000, 0.000000
3163.055728, -259.981944, 0.000000, 0.000000
3163.095816, -260.040814, 0.000000, 0.000000
3163.135903, -260.099684, 0.000000, 0.000000
3163.278262, -260.308743, 0.000000, 0.000000
3163.308538, -260.374295, 0.000000, 0.000000
3163.450896, -260.583353, 0.000000, 0.000000
3163.490984, -260.642224, 0.000000, 0.000000
3163.531071, -260.701094, 0.000000, 0.000000
3163.673430, -260.910153, 0.000000, 0.000000
3163.703706, -260.975704, 0.000000, 0.000000
3163.743793, -261.034574, 0.000000, 0.000000
3163.886152, -261.243633, 0.000000, 0.000000
3163.926239, -261.302503, 0.000000, 0.000000
3164.058786, -261.518243, 0.000000, 0.000000
3164.098874, -261.577113, 0.000000, 0.000000
3164.138961, -261.635984, 0.000000, 0.000000
3164.281320, -261.845042, 0.000000, 0.000000
3164.311596, -261.910594, 0.000000, 0.000000
3164.351683, -261.969464, 0.000000, 0.000000
3164.494042, -262.178523, 0.000000, 0.000000
3164.534129, -262.237393, 0.000000, 0.000000
3164.667472, -262.454097, 0.000000, 0.000000
3164.707592, -262.512945, 0.000000, 0.000000
3164.747713, -262.571793, 0.000000, 0.000000
3164.896800, -262.788575, 0.000000, 0.000000
3164.927411, -262.853971, 0.000000, 0.000000
3164.967800, -262.912635, 0.000000, 0.000000
3165.130644, -263.125243, 1.000000, 0.000000
3165.200614, -263.163258, 1.000000, 0.000000
3165.403382, -263.347544, 1.000000, 0.000000
3165.463916, -263.391951, 1.000000, 0.000000
3165.505075, -263.450077, 1.000000, 0.000000
3165.670533, -263.660410, 1.000000, 0.000000
3165.712088, -263.718254, 1.000000, 0.000000
3165.744002, -263.783024, 1.000000, 0.000000
3165.882484, -264.013359, 1.000000, 0.000000
3165.924443, -264.070911, 1.000000, 0.000000
3166.102773, -264.272626, 1.000000, 0.000000
3166.145143, -264.329876, 1.000000, 0.000000
3166.187513, -264.387126, 1.000000, 0.000000
3166.347967, -264.601185, 1.000000, 0.000000
3166.400224, -264.651014, 1.000000, 0.000000
3166.442988, -264.707969, 1.000000, 0.000000
3166.609374, -264.908328, 1.000000, 0.000000
3166.652334, -264.965136, 1.000000, 0.000000
3166.804893, -265.166870, 1.000000, 0.000000
3166.847854, -265.223678, 1.000000, 0.000000
3166.890814, -265.280486, 1.000000, 0.000000
3167.029737, -265.503550, 1.000000, 0.000000
3167.025358, -265.596158, 1.000000, 0.000000
3167.125126, -265.610005, 1.000000, 0.000000
3167.302467, -265.805151, 1.000000, 0.000000
3167.354895, -265.854798, 1.000000, 0.000000
3167.521149, -266.074642, 1.000000, 0.000000
3167.564109, -266.131450, 1.000000, 0.000000
3167.616538, -266.181098, 1.000000, 0.000000
3167.783610, -266.402023, 1.000000, 0.000000
3167.826570, -266.458831, 1.000000, 0.000000
3167.850594, -266.529959, 1.000000, 0.000000
3167.997359, -266.783071, 1.000000, 0.000000
3168.078191, -266.811239, 1.000000, 0.000000
3168.130619, -266.860887, 1.000000, 0.000000
3168.316300, -267.086739, 1.000000, 0.000000
3168.359260, -267.143547, 1.000000, 0.000000
3168.402220, -267.200355, 1.000000, 0.000000
3168.579574, -267.434876, 1.000000, 0.000000
3168.632002, -267.484524, 1.000000, 0.000000
3168.674962, -267.541332, 1.000000, 0.000000
3168.717922, -267.598140, 1.000000, 0.000000
3168.888317, -267.843138, 1.000000, 0.000000
3168.902873, -267.921426, 1.000000, 0.000000
3168.945833, -267.978234, 1.000000, 0.000000
3169.125695, -268.216072, 1.000000, 0.000000
3169.168655, -268.272880, 0.000000, 0.000000
3169.211615, -268.329688, 0.000000, 0.000000
3169.391477, -268.567526, 0.000000, 0.000000
3169.434438, -268.624334, 0.000000, 0.000000
3169.477398, -268.681142, 0.000000, 0.000000
3169.529826, -268.730790, 0.000000, 0.000000
3169.709688, -268.968628, 0.000000, 0.000000
3169.752648, -269.025436, 0.000000, 0.000000
3169.795609, -269.082244, 0.000000, 0.000000
3169.975471, -269.320082, 0.000000, 0.000000
3170.018431, -269.376890, 0.000000, 0.000000
3170.061391, -269.433698, 0.000000, 0.000000
3170.241253, -269.671536, 0.000000, 0.000000
3170.284213, -269.728344, 0.000000, 0.000000
3170.327173, -269.785152, 0.000000, 0.000000
3170.370134, -269.841960, 0.000000, 0.000000
3170.559464, -270.072638, 0.000000, 0.000000
3170.602424, -270.129446, 0.000000, 0.000000
3170.645384, -270.186254, 0.000000, 0.000000
3170.825246, -270.424092, 0.000000, 0.000000
3170.868206, -270.480900, 0.000000, 0.000000
3170.911167, -270.537708, 0.000000, 0.000000
3171.091029, -270.775546, 0.000000, 0.000000
3171.133989, -270.832354, 0.000000, 0.000000
3171.176949, -270.889162, 0.000000, 0.000000
3171.219909, -270.945969, 0.000000, 0.000000
3171.399772, -271.183808, 0.000000, 0.000000
3171.452200, -271.233456, 0.000000, 0.000000
3171.495160, -271.290264, 0.000000, 0.000000
3171.677765, -271.530894, 0.000000, 0.000000
3171.720834, -271.587620, 0.000000, 0.000000
3171.763902, -271.644346, 0.000000, 0.000000
3171.978901, -271.917047, 0.000000, 0.000000
3172.023322, -271.972721, 0.000000, 0.000000
3172.067742, -272.028394, 0.000000, 0.000000
3172.112163, -272.084068, 0.000000, 0.000000
3172.341473, -272.357018, 0.000000, 0.000000
3172.387466, -272.411400, 0.000000, 0.000000
3172.442523, -272.458116, 0.000000, 0.000000
3172.674692, -272.721037, 0.000000, 0.000000
3172.722079, -272.774209, 0.000000, 0.000000
3172.769466, -272.827380, 0.000000, 0.000000
3173.004207, -273.081482, 0.000000, 0.000000
3173.052833, -273.133523, 0.000000, 0.000000
3173.101458, -273.185564, 0.000000, 0.000000
3173.150083, -273.237606, 0.000000, 0.000000
3173.388101, -273.482682, 0.000000, 0.000000
3173.437830, -273.533670, 0.000000, 0.000000
3173.487558, -273.584658, 0.000000, 0.000000
3173.735645, -273.814137, 0.000000, 0.000000
3173.786359, -273.864145, 0.000000, 0.000000
3173.837073, -273.914153, 0.000000, 0.000000
3174.063048, -274.134036, 0.000000, 0.000000
3174.114185, -274.183612, 0.000000, 0.000000
3174.165321, -274.233188, 0.000000, 0.000000
3174.216458, -274.282764, 0.000000, 0.000000
3174.432544, -274.491772, 0.000000, 0.000000
3174.483741, -274.541286, 0.000000, 0.000000
3174.534937, -274.590801, 0.000000, 0.000000
3174.749279, -274.798099, 0.000000, 0.000000
3174.808728, -274.839081, 0.000000, 0.000000
3174.859924, -274.888595, 0.000000, 0.000000
3175.074266, -275.095894, 0.000000, 0.000000
3175.125462, -275.145408, 0.000000, 0.000000
3175.176659, -275.194922, 0.000000, 0.000000
3175.227855, -275.244436, 0.000000, 0.000000
3175.442197, -275.451735, 0.000000, 0.000000
3175.493394, -275.501250, 0.000000, 0.000000
3175.544590, -275.550764, 0.000000, 0.000000
3175.756142, -275.755364, 0.000000, 0.000000
3175.807338, -275.804878, 0.000000, 0.000000
3175.866787, -275.845860, 0.000000, 0.000000
3176.079720, -276.051796, 0.000000, 0.000000
3176.130916, -276.101310, 0.000000, 0.000000
3176.182112, -276.150824, 0.000000, 0.000000
3176.233309, -276.200338, 0.000000, 0.000000
3176.439092, -276.399360, 0.000000, 0.000000
3176.490289, -276.448874, 0.000000, 0.000000
3176.541485, -276.498388, 0.000000, 0.000000
3176.748655, -276.698751, 0.000000, 0.000000
3176.799851, -276.748265, 0.000000, 0.000000
3176.859300, -276.789246, 0.000000, 0.000000
3177.059327, -276.982700, 0.000000, 0.000000
3177.110523, -277.032214, 0.000000, 0.000000
3177.161719, -277.081728, 0.000000, 0.000000
3177.354607, -277.268278, 0.000000, 0.000000
3177.405803, -277.317792, 0.000000, 0.000000
3177.465252, -277.358773, 1.000000, 0.000000
3177.667787, -277.538140, 1.000000, 0.000000
3177.718984, -277.587654, 1.000000, 0.000000
3177.778433, -277.628636, 1.000000, 0.000000
3177.968365, -277.812327, 1.000000, 0.000000
3178.027814, -277.853309, 1.000000, 0.000000
3178.250756, -278.002869, 1.000000, 0.000000
3178.318457, -278.035318, 1.000000, 0.000000
3178.377906, -278.076299, 1.000000, 0.000000
3178.567838, -278.259991, 1.000000, 0.000000
3178.627287, -278.300972, 1.000000, 0.000000
3178.678483, -278.350486, 1.000000, 0.000000
3178.868416, -278.534178, 1.000000, 0.000000
3178.919612, -278.583692, 1.000000, 0.000000
3178.970808, -278.633206, 1.000000, 0.000000
3179.160741, -278.816898, 1.000000, 0.000000
3179.220190, -278.857879, 1.000000, 0.000000
3179.271386, -278.907394, 1.000000, 0.000000
3179.461319, -279.091085, 1.000000, 0.000000
3179.512515, -279.140599, 1.000000, 0.000000
3179.563711, -279.190113, 1.000000, 0.000000
3179.753644, -279.373805, 1.000000, 0.000000
3179.804840, -279.423319, 1.000000, 0.000000
3179.994773, -279.607011, 1.000000, 0.000000
3180.054222, -279.647992, 1.000000, 0.000000
3180.105418, -279.697506, 1.000000, 0.000000
3180.295350, -279.881198, 1.000000, 0.000000
3180.346547, -279.930712, 1.000000, 0.000000
3180.397743, -279.980226, 1.000000, 0.000000
3180.587676, -280.163918, 1.000000, 0.000000
3180.638872, -280.213432, 1.000000, 0.000000
3180.681816, -280.271479, 1.000000, 0.000000
3180.871749, -280.455170, 1.000000, 0.000000
3180.922945, -280.504684, 1.000000, 0.000000
3180.974141, -280.554199, 1.000000, 0.000000
3181.164074, -280.737890, 1.000000, 0.000000
3181.215270, -280.787404, 1.000000, 0.000000
3181.266467, -280.836918, 1.000000, 0.000000
3181.465252, -281.012510, 1.000000, 0.000000
3181.516469, -281.062003, 1.000000, 0.000000
3181.708314, -281.247031, 1.000000, 0.000000
3181.759593, -281.296460, 1.000000, 0.000000
3181.810872, -281.345888, 1.000000, 0.000000
3182.004706, -281.531977, 1.000000, 0.000000
3182.056106, -281.581279, 1.000000, 0.000000
3182.115724, -281.622014, 1.000000, 0.000000
3182.310495, -281.807939, 1.000000, 0.000000
3182.329260, -281.891456, 1.000000, 0.000000
3182.380799, -281.940614, 1.000000, 0.000000
3182.584640, -282.117642, 1.000000, 0.000000
3182.636324, -282.166647, 0.000000, 0.000000
3182.688007, -282.215652, 0.000000, 0.000000
3182.884230, -282.400662, 0.000000, 0.000000
3182.936059, -282.449514, 0.000000, 0.000000
3182.987888, -282.498365, 0.000000, 0.000000
3183.185012, -282.682996, 0.000000, 0.000000
3183.236996, -282.731682, 0.000000, 0.000000
3183.434929, -282.916084, 0.000000, 0.000000
3183.487079, -282.964592, 0.000000, 0.000000
3183.539230, -283.013100, 0.000000, 0.000000
3183.736555, -283.195874, 0.000000, 0.000000
3183.788830, -283.244248, 0.000000, 0.000000
3183.841105, -283.292622, 0.000000, 0.000000
3184.035944, -283.472731, 0.000000, 0.000000
3184.088248, -283.521074, 0.000000, 0.000000
3184.140552, -283.569416, 0.000000, 0.000000
3184.334594, -283.748761, 0.000000, 0.000000
3184.386899, -283.797103, 0.000000, 0.000000
3184.439203, -283.845446, 0.000000, 0.000000
3184.634343, -284.025805, 0.000000, 0.000000
3184.686647, -284.074147, 0.000000, 0.000000
3184.738951, -284.122490, 0.000000, 0.000000
3184.936411, -284.304992, 0.000000, 0.000000
3184.988715, -284.353335, 0.000000, 0.000000
3185.188536, -284.538020, 0.000000, 0.000000
3185.240840, -284.586362, 0.000000, 0.000000
3185.293144, -284.634705, 0.000000, 0.000000
3185.495366, -284.821609, 0.000000, 0.000000
3185.547670, -284.869952, 0.000000, 0.000000
3185.599974, -284.918294, 0.000000, 0.000000
3185.804638, -285.107455, 0.000000, 0.000000
3185.856942, -285.155797, 0.000000, 0.000000
3185.909246, -285.204140, 0.000000, 0.000000
3186.107672, -285.387536, 0.000000, 0.000000
3186.159976, -285.435878, 0.000000, 0.000000
3186.212281, -285.484221, 0.000000, 0.000000
3186.413224, -285.669944, 0.000000, 0.000000
3186.465529, -285.718286, 0.000000, 0.000000
3186.517833, -285.766629, 0.000000, 0.000000
3186.720101, -285.953576, 0.000000, 0.000000
3186.772405, -286.001918, 0.000000, 0.000000
3186.824709, -286.050260, 0.000000, 0.000000
3187.026977, -286.237208, 0.000000, 0.000000
3187.079281, -286.285550, 0.000000, 0.000000
3187.131585, -286.333892, 0.000000, 0.000000
3187.333853, -286.520839, 0.000000, 0.000000
3187.386157, -286.569182, 0.000000, 0.000000
3187.438462, -286.617524, 0.000000, 0.000000
3187.640729, -286.804471, 0.000000, 0.000000
3187.693033, -286.852813, 0.000000, 0.000000
3187.745338, -286.901156, 0.000000, 0.000000
3187.947606, -287.088103, 0.000000, 0.000000
3187.999910, -287.136445, 0.000000, 0.000000
3188.052214, -287.184788, 0.000000, 0.000000
3188.254482, -287.371734, 0.000000, 0.000000
3188.306786, -287.420077, 0.000000, 0.000000
3188.359090, -287.468419, 0.000000, 0.000000
3188.561358, -287.655366, 0.000000, 0.000000
3188.613662, -287.703709, 0.000000, 0.000000
3188.665966, -287.752051, 0.000000, 0.000000
3188.868234, -287.938998, 0.000000, 0.000000
3188.920539, -287.987340, 0.000000, 0.000000
3188.972843, -288.035683, 0.000000, 0.000000
3189.175111, -288.222630, 0.000000, 0.000000
3189.227415, -288.270972, 0.000000, 0.000000
3189.279719, -288.319315, 0.000000, 0.000000
3189.481987, -288.506261, 0.000000, 0.000000
3189.534291, -288.554604, 0.000000, 0.000000
3189.586595, -288.602946, 0.000000, 0.000000
3189.788863, -288.789893, 0.000000, 0.000000
3189.841167, -288.838236, 0.000000, 0.000000
3189.893472, -288.886578, 0.000000, 0.000000
3190.095739, -289.073525, 0.000000, 0.000000
3190.148043, -289.121867, 0.000000, 0.000000
3190.200348, -289.170210, 0.000000, 0.000000
3190.408465, -289.361229, 0.000000, 0.000000
3190.460955, -289.409371, 0.000000, 0.000000
3190.513444, -289.457512, 0.000000, 0.000000
3190.732539, -289.654725, 0.000000, 0.000000
3190.785532, -289.702312, 0.000000, 0.000000
3190.838525, -289.749898, 0.000000, 0.000000
3191.062593, -289.946721, 0.000000, 0.000000
3191.116172, -289.993646, 1.000000, 0.000000
3191.177572, -290.031642, 1.000000, 0.000000
3191.403495, -290.225281, 1.000000, 0.000000
3191.457638, -290.271554, 1.000000, 0.000000
3191.511781, -290.317828, 1.000000, 0.000000
3191.739576, -290.508434, 1.000000, 0.000000
3191.794262, -290.554064, 1.000000, 0.000000
3191.848948, -290.599695, 1.000000, 0.000000
3192.078527, -290.787321, 1.000000, 0.000000
3192.126236, -290.841520, 1.000000, 0.000000
3192.181444, -290.886517, 1.000000, 0.000000
3192.412828, -291.071303, 1.000000, 0.000000
3192.468539, -291.115676, 1.000000, 0.000000
3192.524250, -291.160050, 1.000000, 0.000000
3192.750104, -291.337795, 1.000000, 0.000000
3192.806103, -291.381805, 1.000000, 0.000000
3192.869436, -291.416482, 1.000000, 0.000000
3193.087294, -291.587435, 1.000000, 0.000000
3193.143329, -291.631399, 1.000000, 0.000000
3193.199364, -291.675363, 1.000000, 0.000000
3193.423384, -291.836037, 1.000000, 0.000000
3193.479419, -291.880001, 1.000000, 0.000000
3193.535454, -291.923964, 1.000000, 0.000000
3193.752147, -292.093978, 1.000000, 0.000000
3193.808182, -292.137942, 1.000000, 0.000000
3193.864217, -292.181906, 1.000000, 0.000000
3194.079027, -292.350442, 1.000000, 0.000000
3194.142389, -292.385067, 1.000000, 0.000000
3194.198424, -292.429030, 1.000000, 0.000000
3194.415628, -292.599445, 1.000000, 0.000000
3194.464336, -292.652748, 1.000000, 0.000000
3194.520370, -292.696712, 1.000000, 0.000000
3194.730681, -292.861718, 1.000000, 0.000000
3194.786716, -292.905682, 1.000000, 0.000000
3194.842750, -292.949645, 1.000000, 0.000000
3195.038892, -293.118623, 1.000000, 0.000000
3195.094927, -293.162587, 1.000000, 0.000000
3195.300952, -293.324230, 1.000000, 0.000000
3195.356987, -293.368194, 1.000000, 0.000000
3195.405694, -293.421497, 1.000000, 0.000000
3195.604997, -293.577866, 1.000000, 0.000000
3195.661032, -293.621830, 1.000000, 0.000000
3195.717067, -293.665794, 1.000000, 0.000000
3195.902385, -293.826279, 1.000000, 0.000000
3195.958420, -293.870243, 1.000000, 0.000000
3196.155589, -294.024938, 1.000000, 0.000000
3196.218951, -294.059563, 1.000000, 0.000000
3196.274985, -294.103527, 1.000000, 0.000000
3196.472155, -294.258222, 1.000000, 0.000000
3197.663923, -292.854621, -1.000000, 0.000000
3196.718031, -294.466221, 0.000000, 0.000000
3196.766739, -294.519524, 0.000000, 0.000000
3196.822774, -294.563488, 0.000000, 0.000000
3197.019943, -294.718183, 0.000000, 0.000000
3197.075978, -294.762147, 0.000000, 0.000000
3197.265820, -294.926181, 0.000000, 0.000000
3197.321854, -294.970145, 0.000000, 0.000000
3197.377889, -295.014109, 0.000000, 0.000000
3197.567731, -295.178143, 0.000000, 0.000000
3197.623766, -295.222107, 0.000000, 0.000000
3197.820935, -295.376803, 0.000000, 0.000000
3197.876970, -295.420766, 0.000000, 0.000000
3197.925677, -295.474069, 0.000000, 0.000000
3198.122846, -295.628765, 0.000000, 0.000000
3198.178881, -295.672729, 0.000000, 0.000000
3198.368723, -295.836763, 0.000000, 0.000000
3198.424758, -295.880727, 0.000000, 0.000000
3198.480793, -295.924691, 0.000000, 0.000000
3198.677962, -296.079386, 0.000000, 0.000000
3198.726669, -296.132689, 0.000000, 0.000000
3198.923838, -296.287385, 0.000000, 0.000000
3198.979873, -296.331349, 0.000000, 0.000000
3199.035908, -296.375312, 0.000000, 0.000000
3199.225750, -296.539347, 0.000000, 0.000000
3199.281785, -296.583311, 0.000000, 0.000000
3199.478954, -296.738006, 0.000000, 0.000000
3199.527661, -296.791309, 0.000000, 0.000000
3199.583696, -296.835273, 0.000000, 0.000000
3199.780865, -296.989968, 0.000000, 0.000000
3199.836900, -297.033932, 0.000000, 0.000000
3200.028047, -297.198798, 0.000000, 0.000000
3200.084116, -297.242718, 0.000000, 0.000000
3200.140185, -297.286638, 0.000000, 0.000000
3200.335972, -297.454074, 0.000000, 0.000000
3200.392192, -297.497801, 0.000000, 0.000000
3200.608893, -297.663464, 0.000000, 0.000000
3200.665601, -297.706555, 0.000000, 0.000000
3200.715128, -297.759099, 0.000000, 0.000000
3200.935464, -297.922905, 0.000000, 0.000000
3200.992688, -297.965309, 0.000000, 0.000000
3201.214286, -298.126528, 0.000000, 0.000000
3201.265054, -298.177872, 0.000000, 0.000000
3201.322776, -298.219597, 0.000000, 0.000000
3201.548046, -298.378701, 0.000000, 0.000000
3201.599458, -298.429400, 0.000000, 0.000000
3201.828131, -298.586955, 0.000000, 0.000000
3201.886923, -298.627156, 0.000000, 0.000000
3201.945716, -298.667358, 0.000000, 0.000000
3202.171915, -298.832180, 0.000000, 0.000000
3202.231282, -298.871527, 0.000000, 0.000000
3202.463067, -299.022021, 0.000000, 0.000000
3202.516501, -299.070585, 0.000000, 0.000000
3202.576366, -299.109171, 0.000000, 0.000000
3202.797437, -299.250431, 0.000000, 0.000000
3202.857472, -299.288753, 0.000000, 0.000000
3203.057758, -299.430681, 0.000000, 0.000000
3203.117793, -299.469002, 0.000000, 0.000000
3203.177828, -299.507323, 0.000000, 0.000000
3203.381222, -299.651235, 0.000000, 0.000000
3203.441257, -299.689556, 0.000000, 0.000000
3203.501292, -299.727877, 0.000000, 0.000000
3203.714179, -299.863765, 0.000000, 0.000000
3203.767827, -299.912092, 0.000000, 0.000000
3203.983820, -300.049964, 0.000000, 0.000000
3204.043855, -300.088285, 0.000000, 0.000000
3204.103890, -300.126606, 0.000000, 0.000000
3204.316603, -300.276466, 0.000000, 0.000000
3204.376638, -300.314788, 0.000000, 0.000000
3204.436673, -300.353109, 0.000000, 0.000000
3204.652493, -300.504952, 0.000000, 0.000000
3204.712528, -300.543273, 0.000000, 0.000000
3204.941899, -300.675601, 1.000000, 0.000000
3205.001934, -300.713922, 1.000000, 0.000000
3205.068356, -300.742237, 1.000000, 0.000000
3205.291339, -300.884571, 1.000000, 0.000000
3205.351374, -300.922892, 1.000000, 0.000000
3205.417796, -300.951207, 1.000000, 0.000000
3205.640780, -301.093540, 1.000000, 0.000000
3205.700815, -301.131862, 1.000000, 0.000000
3205.917411, -301.284201, 1.000000, 0.000000
3205.977446, -301.322522, 1.000000, 0.000000
3206.037481, -301.360843, 1.000000, 0.000000
3206.260465, -301.503177, 1.000000, 0.000000
3206.320500, -301.541498, 1.000000, 0.000000
3206.374148, -301.589825, 1.000000, 0.000000
3206.597132, -301.732158, 1.000000, 0.000000
3206.657167, -301.770479, 1.000000, 0.000000
3206.873763, -301.922818, 1.000000, 0.000000
3206.933798, -301.961139, 1.000000, 0.000000
3206.993834, -301.999461, 1.000000, 0.000000
3207.216817, -302.141794, 1.000000, 0.000000
3207.276852, -302.180115, 1.000000, 0.000000
3207.336887, -302.218437, 1.000000, 0.000000
3207.559871, -302.360770, 1.000000, 0.000000
3207.613519, -302.409097, 1.000000, 0.000000
3207.836502, -302.551430, 1.000000, 0.000000
3207.896537, -302.589751, 1.000000, 0.000000
3207.956573, -302.628072, 1.000000, 0.000000
3208.179556, -302.770406, 1.000000, 0.000000
3208.239591, -302.808727, 1.000000, 0.000000
3208.299626, -302.847048, 1.000000, 0.000000
3208.522610, -302.989382, 1.000000, 0.000000
3208.576258, -303.037709, 1.000000, 0.000000
3208.799241, -303.180042, 1.000000, 0.000000
3208.852890, -303.228369, 1.000000, 0.000000
3208.912925, -303.266690, 1.000000, 0.000000
3209.129522, -303.419029, 0.000000, 0.000000
3209.189557, -303.457351, 0.000000, 0.000000
3209.249592, -303.495672, 0.000000, 0.000000
3209.471813, -303.637636, 0.000000, 0.000000
3209.531833, -303.675981, 0.000000, 0.000000
3209.753616, -303.817816, 0.000000, 0.000000
3209.813612, -303.856197, 0.000000, 0.000000
3209.873609, -303.894578, 0.000000, 0.000000
3210.095304, -304.036560, 0.000000, 0.000000
3210.155278, -304.074976, 0.000000, 0.000000
3210.208850, -304.123389, 0.000000, 0.000000
3210.430515, -304.265545, 0.000000, 0.000000
3210.490467, -304.303995, 0.000000, 0.000000
3210.712099, -304.446269, 0.000000, 0.000000
3210.772030, -304.484752, 0.000000, 0.000000
3210.831962, -304.523235, 0.000000, 0.000000
3211.053539, -304.665657, 0.000000, 0.000000
3211.113450, -304.704171, 0.000000, 0.000000
3211.173361, -304.742686, 0.000000, 0.000000
3211.394978, -304.885295, 0.000000, 0.000000
3211.454871, -304.923837, 0.000000, 0.000000
3211.677115, -305.066883, 0.000000, 0.000000
3211.737004, -305.105432, 0.000000, 0.000000
3211.796893, -305.143981, 0.000000, 0.000000
3212.017199, -305.285787, 0.000000, 0.000000
3212.077088, -305.324336, 0.000000, 0.000000
3212.136977, -305.362885, 0.000000, 0.000000
3212.354636, -305.502987, 0.000000, 0.000000
3212.414525, -305.541536, 0.000000, 0.000000
3212.629680, -305.680027, 0.000000, 0.000000
3212.683144, -305.728557, 0.000000, 0.000000
3212.743033, -305.767106, 0.000000, 0.000000
3212.955833, -305.904081, 0.000000, 0.000000
3213.015722, -305.942630, 0.000000, 0.000000
3213.075611, -305.981179, 0.000000, 0.000000
3213.286207, -306.116735, 0.000000, 0.000000
3213.346096, -306.155284, 0.000000, 0.000000
3213.554643, -306.289522, 0.000000, 0.000000
3213.614532, -306.328071, 0.000000, 0.000000
3213.674421, -306.366620, 0.000000, 0.000000
3213.881077, -306.499640, 0.000000, 0.000000
3213.940966, -306.538189, 0.000000, 0.000000
3214.000855, -306.576738, 0.000000, 0.000000
3214.207098, -306.709492, 0.000000, 0.000000
3214.266987, -306.748041, 0.000000, 0.000000
3214.473230, -306.880795, 0.000000, 0.000000
3214.533119, -306.919344, 0.000000, 0.000000
3214.593008, -306.957893, 0.000000, 0.000000
3214.799251, -307.090648, 0.000000, 0.000000
3214.859140, -307.129197, 0.000000, 0.000000
3214.912604, -307.177727, 0.000000, 0.000000
3215.118847, -307.310481, 0.000000, 0.000000
3215.178736, -307.349030, 0.000000, 0.000000
3215.384980, -307.481785, 0.000000, 0.000000
3215.444869, -307.520334, 0.000000, 0.000000
3215.504757, -307.558883, 0.000000, 0.000000
3215.711001, -307.691637, 0.000000, 0.000000
3215.770890, -307.730186, 0.000000, 0.000000
3215.830779, -307.768735, 0.000000, 0.000000
3216.037022, -307.901489, 0.000000, 0.000000
3216.096911, -307.940038, 0.000000, 0.000000
3216.303154, -308.072792, 0.000000, 0.000000
3216.363043, -308.111342, 0.000000, 0.000000
3216.422932, -308.149891, 0.000000, 0.000000
3216.629175, -308.282645, 0.000000, 0.000000
3216.689064, -308.321194, 0.000000, 0.000000
3216.748953, -308.359743, 0.000000, 0.000000
3216.955196, -308.492497, 0.000000, 0.000000
3217.015085, -308.531046, 0.000000, 0.000000
3217.221328, -308.663800, 0.000000, 0.000000
3217.274792, -308.712331, 0.000000, 0.000000
3217.334681, -308.750880, 0.000000, 0.000000
3217.540925, -308.883634, 0.000000, 0.000000
3217.600814, -308.922184, 0.000000, 0.000000
3217.660703, -308.960733, 0.000000, 0.000000
3217.866946, -309.093487, 0.000000, 0.000000
3217.926835, -309.132036, 0.000000, 0.000000
3218.133078, -309.264790, 0.000000, 0.000000
3218.192967, -309.303339, 0.000000, 0.000000
3218.252856, -309.341888, 0.000000, 0.000000
3218.464685, -309.477513, 0.000000, 0.000000
3218.524684, -309.515890, 0.000000, 0.000000
3218.584683, -309.554267, 0.000000, 0.000000
3218.822856, -309.701849, 0.000000, 0.000000
3218.883461, -309.739262, 0.000000, 0.000000
3219.132283, -309.887874, 0.000000, 0.000000
3219.193638, -309.924042, 0.000000, 0.000000
3219.254994, -309.960211, 0.000000, 0.000000
3219.508039, -310.103738, 0.000000, 0.000000
3219.570138, -310.138617, 0.000000, 0.000000
3219.626423, -310.183845, 0.000000, 0.000000
3219.883862, -310.322138, 0.000000, 0.000000
3219.946692, -310.355681, 0.000000, 0.000000
3220.207520, -310.489725, 0.000000, 0.000000
3220.271068, -310.521886, 0.000000, 0.000000
3220.334616, -310.554048, 0.000000, 0.000000
3220.599471, -310.682236, 0.000000, 0.000000
3220.663720, -310.712971, 0.000000, 0.000000
3220.727970, -310.743707, 0.000000, 0.000000
3220.995932, -310.865506, 0.000000, 0.000000
3221.065734, -310.883979, 1.000000, 0.000000
3221.299978, -310.988587, 1.000000, 0.000000
3221.365048, -311.017544, 1.000000, 0.000000
3221.434945, -311.035656, 1.000000, 0.000000
3221.682818, -311.080998, 1.000000, 0.000000
3221.747889, -311.109955, 1.000000, 0.000000
3221.817786, -311.128067, 1.000000, 0.000000
3222.035917, -311.225138, 1.000000, 0.000000
3222.100988, -311.254096, 1.000000, 0.000000
3222.302665, -311.343844, 1.000000, 0.000000
3222.362910, -311.383647, 1.000000, 0.000000
3222.558979, -311.470900, 1.000000, 0.000000
3222.624050, -311.499857, 1.000000, 0.000000
3222.814511, -311.584614, 1.000000, 0.000000
3222.879581, -311.613571, 1.000000, 0.000000
3223.064435, -311.695833, 1.000000, 0.000000
3223.129506, -311.724791, 1.000000, 0.000000
3223.293082, -311.810577, 1.000000, 0.000000
3223.362979, -311.828689, 1.000000, 0.000000
3223.536963, -311.906114, 1.000000, 0.000000
3223.602033, -311.935071, 1.000000, 0.000000
3223.776017, -312.012495, 1.000000, 0.000000
3223.950001, -312.089920, 1.000000, 0.000000
3224.015071, -312.118877, 1.000000, 0.000000
3224.189055, -312.196302, 1.000000, 0.000000
3224.254125, -312.225259, 1.000000, 0.000000
3224.428109, -312.302684, 1.000000, 0.000000
3224.602093, -312.380108, 1.000000, 0.000000
3224.667163, -312.409066, 1.000000, 0.000000
3224.841147, -312.486490, 1.000000, 0.000000
3224.906217, -312.515448, 1.000000, 0.000000
3225.080201, -312.592872, 1.000000, 0.000000
3225.254185, -312.670297, 1.000000, 0.000000
3225.314429, -312.710099, 1.000000, 0.000000
3225.473934, -312.820059, 1.000000, 0.000000
3225.543831, -312.838171, 1.000000, 0.000000
3225.717814, -312.915596, 1.000000, 0.000000
3226.765341, -311.030054, -1.000000, 0.000000
3225.961695, -313.011133, 0.000000, 0.000000
3226.135679, -313.088557, 0.000000, 0.000000
3226.200749, -313.117515, 0.000000, 0.000000
3226.379559, -313.184094, 0.000000, 0.000000
3226.553542, -313.261519, 0.000000, 0.000000
3226.618613, -313.290476, 0.000000, 0.000000
3226.792597, -313.367901, 0.000000, 0.000000
3226.857667, -313.396858, 0.000000, 0.000000
3227.031651, -313.474283, 0.000000, 0.000000
3227.205634, -313.551707, 0.000000, 0.000000
3227.275531, -313.569819, 0.000000, 0.000000
3227.449515, -313.647244, 0.000000, 0.000000
3227.514586, -313.676201, 0.000000, 0.000000
3227.688569, -313.753626, 0.000000, 0.000000
3227.862553, -313.831051, 0.000000, 0.000000
3227.927623, -313.860008, 0.000000, 0.000000
3228.101607, -313.937432, 0.000000, 0.000000
3228.171504, -313.955544, 0.000000, 0.000000
3228.348339, -314.034238, 0.000000, 0.000000
3228.532158, -314.116040, 0.000000, 0.000000
3228.597228, -314.144997, 0.000000, 0.000000
3228.788556, -314.230093, 0.000000, 0.000000
3228.853634, -314.259033, 0.000000, 0.000000
3229.057586, -314.336615, 0.000000, 0.000000
3229.122684, -314.365511, 0.000000, 0.000000
3229.329791, -314.457239, 0.000000, 0.000000
3229.394921, -314.486062, 0.000000, 0.000000
3229.460051, -314.514885, 0.000000, 0.000000
3229.674874, -314.609606, 0.000000, 0.000000
3229.740046, -314.638336, 0.000000, 0.000000
3229.978326, -314.730004, 0.000000, 0.000000
3230.043549, -314.758617, 0.000000, 0.000000
3230.108772, -314.787230, 0.000000, 0.000000
3230.347467, -314.891355, 0.000000, 0.000000
3230.412753, -314.919824, 0.000000, 0.000000
3230.652991, -315.023959, 0.000000, 0.000000
3230.718358, -315.052240, 0.000000, 0.000000
3230.788439, -315.069627, 0.000000, 0.000000
3231.025023, -315.171768, 0.000000, 0.000000
3231.090416, -315.199990, 0.000000, 0.000000
3231.155808, -315.228213, 0.000000, 0.000000
3231.390706, -315.329591, 0.000000, 0.000000
3231.456099, -315.357814, 0.000000, 0.000000
3231.690996, -315.459192, 0.000000, 0.000000
3231.761093, -315.476515, 0.000000, 0.000000
3231.826486, -315.504738, 0.000000, 0.000000
3232.061383, -315.606116, 0.000000, 0.000000
3232.126776, -315.634338, 0.000000, 0.000000
3232.192168, -315.662561, 0.000000, 0.000000
3232.427066, -315.763939, 0.000000, 0.000000
3232.492459, -315.792162, 0.000000, 0.000000
3232.732060, -315.882641, 0.000000, 0.000000
3232.797453, -315.910863, 0.000000, 0.000000
3232.862846, -315.939086, 0.000000, 0.000000
3233.097743, -316.040464, 0.000000, 0.000000
3233.163136, -316.068686, 0.000000, 0.000000
3233.228529, -316.096909, 0.000000, 0.000000
3233.463426, -316.198287, 0.000000, 0.000000
3233.533523, -316.215611, 0.000000, 0.000000
3233.768420, -316.316989, 0.000000, 0.000000
3233.833813, -316.345211, 0.000000, 0.000000
3233.899206, -316.373434, 0.000000, 0.000000
3234.134103, -316.474812, 0.000000, 0.000000
3234.199496, -316.503034, 0.000000, 0.000000
3234.264889, -316.531257, 0.000000, 0.000000
3234.504490, -316.621736, 0.000000, 0.000000
3234.569883, -316.649959, 0.000000, 0.000000
3234.804780, -316.751337, 0.000000, 0.000000
3234.874877, -316.768660, 1.000000, 0.000000
3234.949677, -316.775085, 1.000000, 0.000000
3235.189278, -316.865565, 1.000000, 0.000000
3235.259375, -316.882888, 1.000000, 0.000000
3235.348286, -316.856617, 1.000000, 0.000000
3235.588153, -316.947172, 1.000000, 0.000000
3235.658252, -316.964486, 1.000000, 0.000000
3235.897678, -317.067234, 1.000000, 0.000000
3235.967820, -317.084372, 1.000000, 0.000000
3236.033288, -317.112421, 1.000000, 0.000000
3236.276453, -317.215519, 1.000000, 0.000000
3236.342044, -317.243277, 1.000000, 0.000000
3236.412262, -317.260103, 1.000000, 0.000000
3236.653751, -317.361424, 1.000000, 0.000000
3236.724023, -317.378021, 1.000000, 0.000000
3236.964317, -317.478259, 1.000000, 0.000000
3237.034630, -317.494683, 1.000000, 0.000000
3237.100379, -317.522065, 1.000000, 0.000000
3237.344743, -317.610480, 1.000000, 0.000000
3237.415090, -317.626759, 1.000000, 0.000000
3237.480895, -317.654006, 1.000000, 0.000000
3237.724582, -317.741638, 1.000000, 0.000000
3237.794954, -317.757806, 1.000000, 0.000000
3238.033608, -317.843238, 1.000000, 0.000000
