2962.655790, 365.975574, 0.000000, 0.000000
2962.710711, 366.022450, 1.000000, 0.000000
2962.756546, 366.076965, 1.000000, 0.000000
2962.802380, 366.131480, 1.000000, 0.000000
2962.848215, 366.185995, 1.000000, 0.000000
2963.095152, 366.498141, 1.000000, 0.000000
2963.140986, 366.552656, 1.000000, 0.000000
2963.186821, 366.607171, 1.000000, 0.000000
2963.232656, 366.661686, 1.000000, 0.000000
2963.278491, 366.716201, 1.000000, 0.000000
2963.534513, 367.020707, 1.000000, 0.000000
2963.580348, 367.075222, 1.000000, 0.000000
2963.626183, 367.129737, 1.000000, 0.000000
2963.662932, 367.191891, 1.000000, 0.000000
2963.918955, 367.496399, 1.000000, 0.000000
2963.964790, 367.550914, 1.000000, 0.000000
2964.010625, 367.605429, 1.000000, 0.000000
2964.056459, 367.659943, 1.000000, 0.000000
2964.102294, 367.714458, 1.000000, 0.000000
2964.357677, 368.018205, 1.000000, 0.000000
2964.403512, 368.072720, 1.000000, 0.000000
2964.449347, 368.127235, 1.000000, 0.000000
2964.495182, 368.181750, 1.000000, 0.000000
2964.541017, 368.236265, 1.000000, 0.000000
2964.794783, 368.538089, 1.000000, 0.000000
2964.840618, 368.592604, 1.000000, 0.000000
2964.877367, 368.654758, 1.000000, 0.000000
2964.923202, 368.709273, 1.000000, 0.000000
2965.175384, 369.009212, 1.000000, 0.000000
2965.221219, 369.063727, 1.000000, 0.000000
2965.257968, 369.125881, 1.000000, 0.000000
2965.303803, 369.180396, 1.000000, 0.000000
2965.349638, 369.234911, 1.000000, 0.000000
2965.600268, 369.533005, 1.000000, 0.000000
2965.646103, 369.587519, 1.000000, 0.000000
2965.691938, 369.642034, 1.000000, 0.000000
2965.737773, 369.696549, 1.000000, 0.000000
2965.783607, 369.751064, 1.000000, 0.000000
2966.023632, 370.054990, 1.000000, 0.000000
2966.069467, 370.109505, 1.000000, 0.000000
2966.115302, 370.164020, 1.000000, 0.000000
2966.161137, 370.218535, 1.000000, 0.000000
2966.416401, 370.522140, 1.000000, 0.000000
2966.462236, 370.576655, 1.000000, 0.000000
2966.498985, 370.638809, 1.000000, 0.000000
2966.544820, 370.693324, 1.000000, 0.000000
2966.590655, 370.747839, 1.000000, 0.000000
2966.844466, 371.049716, 1.000000, 0.000000
2966.899387, 371.096592, 1.000000, 0.000000
2968.762387, 369.623277, -1.000000, 0.000000
2966.991056, 371.205622, 0.000000, 0.000000
2967.243998, 371.506465, 0.000000, 0.000000
2967.289833, 371.560980, 0.000000, 0.000000
2967.335668, 371.615495, 0.000000, 0.000000
2967.390589, 371.662370, 0.000000, 0.000000
2967.436424, 371.716885, 0.000000, 0.000000
2967.689366, 372.017729, 0.000000, 0.000000
2967.735201, 372.072244, 0.000000, 0.000000
2967.781036, 372.126759, 0.000000, 0.000000
2967.826871, 372.181274, 0.000000, 0.000000
2968.079812, 372.482117, 0.000000, 0.000000
2968.125647, 372.536632, 0.000000, 0.000000
2968.171482, 372.591147, 0.000000, 0.000000
2968.226403, 372.638023, 0.000000, 0.000000
2968.272238, 372.692538, 0.000000, 0.000000
2968.525180, 372.993381, 0.000000, 0.000000
2968.571014, 373.047896, 0.000000, 0.000000
2968.616849, 373.102411, 0.000000, 0.000000
2968.662684, 373.156926, 0.000000, 0.000000
2968.915627, 373.457769, 0.000000, 0.000000
2968.961461, 373.512284, 0.000000, 0.000000
2969.007296, 373.566799, 0.000000, 0.000000
2969.062217, 373.613675, 0.000000, 0.000000
2969.108052, 373.668190, 0.000000, 0.000000
2969.360994, 373.969033, 0.000000, 0.000000
2969.406829, 374.023548, 0.000000, 0.000000
2969.452664, 374.078063, 0.000000, 0.000000
2969.498498, 374.132578, 0.000000, 0.000000
2969.751440, 374.433421, 0.000000, 0.000000
2969.797275, 374.487936, 0.000000, 0.000000
2969.843110, 374.542451, 0.000000, 0.000000
2969.898031, 374.589327, 0.000000, 0.000000
2969.943866, 374.643842, 0.000000, 0.000000
2970.196808, 374.944685, 0.000000, 0.000000
2970.242643, 374.999200, 0.000000, 0.000000
2970.288478, 375.053715, 0.000000, 0.000000
2970.334313, 375.108230, 0.000000, 0.000000
2970.587254, 375.409073, 0.000000, 0.000000
2970.633089, 375.463588, 0.000000, 0.000000
2970.678924, 375.518103, 0.000000, 0.000000
2970.733845, 375.564979, 0.000000, 0.000000
2970.779680, 375.619494, 0.000000, 0.000000
2971.032622, 375.920337, 0.000000, 0.000000
2971.078456, 375.974852, 0.000000, 0.000000
2971.124291, 376.029367, 0.000000, 0.000000
2971.170126, 376.083882, 0.000000, 0.000000
2971.419682, 376.380772, 0.000000, 0.000000
2971.465395, 376.435390, 0.000000, 0.000000
2971.511107, 376.490008, 0.000000, 0.000000
2971.556819, 376.544626, 0.000000, 0.000000
2971.611634, 376.591625, 0.000000, 0.000000
2971.850710, 376.877946, 0.000000, 0.000000
2971.895945, 376.932960, 0.000000, 0.000000
2971.941181, 376.987973, 0.000000, 0.000000
2971.986416, 377.042987, 0.000000, 0.000000
2972.216803, 377.323352, 0.000000, 0.000000
2972.261314, 377.378953, 0.000000, 0.000000
2972.305825, 377.434554, 0.000000, 0.000000
2972.350336, 377.490155, 0.000000, 0.000000
2972.404114, 377.538338, 0.000000, 0.000000
2972.630859, 377.822494, 0.000000, 0.000000
2972.674651, 377.878663, 0.000000, 0.000000
2972.718443, 377.934833, 0.000000, 0.000000
2972.762235, 377.991002, 0.000000, 0.000000
2972.985975, 378.278171, 0.000000, 0.000000
2973.029052, 378.334890, 0.000000, 0.000000
2973.072130, 378.391609, 0.000000, 0.000000
2973.115207, 378.448329, 0.000000, 0.000000
2973.167738, 378.497868, 0.000000, 0.000000
2973.387866, 378.788633, 0.000000, 0.000000
2973.430235, 378.845884, 0.000000, 0.000000
2973.472604, 378.903134, 0.000000, 0.000000
2973.524515, 378.953322, 1.000000, 0.000000
2973.741754, 379.247065, 1.000000, 0.000000
2973.783421, 379.304829, 1.000000, 0.000000
2973.825088, 379.362592, 1.000000, 0.000000
2973.866755, 379.420355, 1.000000, 0.000000
2973.908422, 379.478118, 1.000000, 0.000000
2974.123974, 379.777796, 1.000000, 0.000000
2974.165030, 379.835995, 1.000000, 0.000000
2974.206086, 379.894194, 1.000000, 0.000000
2974.247142, 379.952393, 1.000000, 0.000000
2974.476429, 380.256989, 1.000000, 0.000000
2974.517176, 380.315405, 1.000000, 0.000000
2974.557922, 380.373821, 1.000000, 0.000000
2974.598669, 380.432237, 1.000000, 0.000000
2974.639415, 380.490653, 1.000000, 0.000000
2974.874011, 380.806231, 1.000000, 0.000000
2974.914758, 380.864647, 1.000000, 0.000000
2974.955504, 380.923063, 1.000000, 0.000000
2974.986515, 380.988271, 1.000000, 0.000000
2975.221110, 381.303848, 1.000000, 0.000000
2975.252121, 381.369055, 1.000000, 0.000000
2975.292867, 381.427471, 1.000000, 0.000000
2975.333614, 381.485887, 1.000000, 0.000000
2975.374360, 381.544303, 1.000000, 0.000000
2975.599220, 381.866672, 1.000000, 0.000000
2975.639966, 381.925088, 1.000000, 0.000000
2975.680713, 381.983504, 1.000000, 0.000000
2975.721459, 382.041920, 1.000000, 0.000000
2975.956055, 382.357498, 1.000000, 0.000000
2975.996802, 382.415914, 1.000000, 0.000000
2976.027812, 382.481121, 1.000000, 0.000000
2976.068559, 382.539537, 1.000000, 0.000000
2976.109305, 382.597953, 1.000000, 0.000000
2976.334165, 382.920322, 1.000000, 0.000000
2976.365175, 382.985529, 1.000000, 0.000000
2976.405922, 383.043945, 1.000000, 0.000000
2976.446668, 383.102361, 1.000000, 0.000000
2976.672259, 383.425778, 1.000000, 0.000000
2976.713005, 383.484194, 1.000000, 0.000000
2976.744016, 383.549401, 1.000000, 0.000000
2976.784762, 383.607817, 1.000000, 0.000000
2976.825509, 383.666233, 1.000000, 0.000000
2977.046330, 383.982812, 1.000000, 0.000000
2977.087077, 384.041228, 1.000000, 0.000000
2977.118087, 384.106436, 1.000000, 0.000000
2977.158834, 384.164852, 1.000000, 0.000000
2977.372004, 384.491211, 1.000000, 0.000000
2977.403014, 384.556418, 1.000000, 0.000000
2977.434025, 384.621625, 1.000000, 0.000000
2977.455299, 384.693623, 0.000000, 0.000000
2977.496046, 384.752039, 0.000000, 0.000000
2977.721101, 385.074688, 0.000000, 0.000000
2977.761847, 385.133104, 0.000000, 0.000000
2977.802594, 385.191520, 0.000000, 0.000000
2977.843340, 385.249936, 0.000000, 0.000000
2977.884087, 385.308352, 0.000000, 0.000000
2978.111353, 385.634171, 0.000000, 0.000000
2978.152099, 385.692587, 0.000000, 0.000000
2978.192846, 385.751003, 0.000000, 0.000000
2978.233592, 385.809419, 0.000000, 0.000000
2978.463130, 386.138495, 0.000000, 0.000000
2978.503876, 386.196911, 0.000000, 0.000000
2978.544623, 386.255327, 0.000000, 0.000000
2978.585370, 386.313743, 0.000000, 0.000000
2978.626116, 386.372159, 0.000000, 0.000000
2978.857986, 386.704577, 0.000000, 0.000000
2978.898732, 386.762993, 0.000000, 0.000000
2978.939479, 386.821409, 0.000000, 0.000000
2978.980225, 386.879826, 0.000000, 0.000000
2979.020972, 386.938242, 0.000000, 0.000000
2979.254341, 387.272811, 0.000000, 0.000000
2979.295088, 387.331227, 0.000000, 0.000000
2979.335834, 387.389643, 0.000000, 0.000000
2979.376581, 387.448059, 0.000000, 0.000000
2979.609950, 387.782627, 0.000000, 0.000000
2979.650696, 387.841043, 0.000000, 0.000000
2979.691443, 387.899459, 0.000000, 0.000000
2979.732190, 387.957875, 0.000000, 0.000000
2979.772936, 388.016291, 0.000000, 0.000000
2980.006305, 388.350860, 0.000000, 0.000000
2980.047052, 388.409276, 0.000000, 0.000000
2980.087798, 388.467692, 0.000000, 0.000000
2980.128545, 388.526108, 0.000000, 0.000000
2980.169291, 388.584524, 0.000000, 0.000000
2980.402661, 388.919093, 0.000000, 0.000000
2980.443407, 388.977509, 0.000000, 0.000000
2980.484154, 389.035925, 0.000000, 0.000000
2980.524900, 389.094341, 0.000000, 0.000000
2980.758269, 389.428909, 0.000000, 0.000000
2980.808752, 389.480534, 0.000000, 0.000000
2980.849499, 389.538951, 0.000000, 0.000000
2980.890245, 389.597367, 0.000000, 0.000000
2980.930992, 389.655783, 0.000000, 0.000000
2981.164361, 389.990351, 0.000000, 0.000000
2981.205107, 390.048767, 0.000000, 0.000000
2981.245854, 390.107183, 0.000000, 0.000000
2981.286600, 390.165599, 0.000000, 0.000000
2981.327347, 390.224015, 0.000000, 0.000000
2981.560716, 390.558584, 0.000000, 0.000000
2981.601463, 390.617000, 0.000000, 0.000000
2981.642209, 390.675416, 0.000000, 0.000000
2981.682956, 390.733832, 0.000000, 0.000000
2981.916325, 391.068401, 0.000000, 0.000000
2981.957071, 391.126817, 0.000000, 0.000000
2981.997818, 391.185233, 0.000000, 0.000000
2982.038565, 391.243649, 0.000000, 0.000000
2982.079311, 391.302065, 0.000000, 0.000000
2982.312680, 391.636633, 0.000000, 0.000000
2982.353427, 391.695049, 0.000000, 0.000000
2982.394173, 391.753465, 0.000000, 0.000000
2982.434920, 391.811881, 0.000000, 0.000000
2982.475666, 391.870298, 0.000000, 0.000000
2982.709036, 392.204866, 0.000000, 0.000000
2982.749782, 392.263283, 0.000000, 0.000000
2982.790529, 392.321699, 0.000000, 0.000000
2982.831275, 392.380115, 0.000000, 0.000000
2983.058732, 392.706167, 0.000000, 0.000000
2983.099219, 392.764763, 0.000000, 0.000000
2983.139707, 392.823359, 0.000000, 0.000000
2983.180194, 392.881955, 0.000000, 0.000000
2983.220681, 392.940551, 0.000000, 0.000000
2983.441393, 393.260189, 0.000000, 0.000000
2983.481391, 393.319120, 0.000000, 0.000000
2983.521389, 393.378052, 0.000000, 0.000000
2983.561386, 393.436983, 0.000000, 0.000000
2983.601384, 393.495914, 0.000000, 0.000000
2983.818904, 393.816976, 0.000000, 0.000000
2983.858394, 393.876249, 0.000000, 0.000000
2983.907762, 393.928941, 1.000000, 0.000000
2983.947251, 393.988214, 1.000000, 0.000000
2984.152329, 394.317282, 1.000000, 0.000000
2984.191301, 394.376897, 1.000000, 0.000000
2984.220337, 394.443007, 1.000000, 0.000000
2984.259309, 394.502621, 1.000000, 0.000000
2984.298281, 394.562236, 1.000000, 0.000000
2984.509950, 394.886237, 1.000000, 0.000000
2984.548391, 394.946196, 1.000000, 0.000000
2984.586831, 395.006155, 1.000000, 0.000000
2984.625271, 395.066114, 1.000000, 0.000000
2984.673705, 395.119666, 1.000000, 0.000000
2984.882186, 395.445470, 1.000000, 0.000000
2984.920083, 395.505773, 1.000000, 0.000000
2984.957981, 395.566076, 1.000000, 0.000000
2984.995878, 395.626380, 1.000000, 0.000000
2985.212192, 395.948108, 1.000000, 0.000000
2985.249558, 396.008741, 1.000000, 0.000000
2985.286925, 396.069375, 1.000000, 0.000000
2985.314186, 396.136237, 1.000000, 0.000000
2985.351553, 396.196870, 1.000000, 0.000000
2985.560886, 396.536686, 1.000000, 0.000000
2985.598025, 396.597459, 1.000000, 0.000000
2985.635163, 396.658233, 1.000000, 0.000000
2985.672301, 396.719007, 1.000000, 0.000000
2985.709440, 396.779781, 1.000000, 0.000000
2985.922143, 397.127851, 1.000000, 0.000000
2985.959281, 397.188625, 1.000000, 0.000000
2985.986291, 397.255588, 1.000000, 0.000000
2986.023429, 397.316362, 1.000000, 0.000000
2986.236132, 397.664432, 1.000000, 0.000000
2986.273271, 397.725206, 1.000000, 0.000000
2986.310409, 397.785979, 1.000000, 0.000000
2986.337418, 397.852943, 1.000000, 0.000000
2986.374557, 397.913717, 1.000000, 0.000000
2986.587260, 398.261787, 1.000000, 0.000000
2986.624398, 398.322560, 1.000000, 0.000000
2986.661536, 398.383334, 1.000000, 0.000000
2986.688546, 398.450298, 1.000000, 0.000000
2986.735813, 398.504882, 1.000000, 0.000000
2986.948516, 398.852952, 1.000000, 0.000000
2986.985655, 398.913726, 1.000000, 0.000000
2987.012664, 398.980689, 1.000000, 0.000000
2987.049803, 399.041463, 1.000000, 0.000000
2987.272634, 399.383343, 1.000000, 0.000000
2987.309773, 399.444117, 1.000000, 0.000000
2987.336782, 399.511080, 1.000000, 0.000000
2987.363792, 399.578044, 1.000000, 0.000000
2987.390801, 399.645008, 1.000000, 0.000000
2987.582441, 400.004139, 0.000000, 0.000000
2987.619579, 400.064913, 0.000000, 0.000000
2987.656718, 400.125687, 0.000000, 0.000000
2987.693856, 400.186461, 0.000000, 0.000000
2987.741124, 400.241045, 0.000000, 0.000000
2987.951577, 400.585434, 0.000000, 0.000000
2987.988716, 400.646208, 0.000000, 0.000000
2988.025854, 400.706982, 0.000000, 0.000000
2988.062993, 400.767755, 0.000000, 0.000000
2988.272027, 401.109821, 0.000000, 0.000000
2988.309165, 401.170595, 0.000000, 0.000000
2988.356432, 401.225179, 0.000000, 0.000000
2988.393571, 401.285953, 0.000000, 0.000000
2988.430709, 401.346727, 0.000000, 0.000000
2988.638349, 401.686512, 0.000000, 0.000000
2988.675488, 401.747286, 0.000000, 0.000000
2988.712626, 401.808060, 0.000000, 0.000000
2988.749765, 401.868833, 0.000000, 0.000000
2988.786903, 401.929607, 0.000000, 0.000000
2989.003304, 402.260964, 0.000000, 0.000000
2989.040443, 402.321738, 0.000000, 0.000000
2989.077581, 402.382512, 0.000000, 0.000000
2989.114720, 402.443286, 0.000000, 0.000000
2989.319649, 402.778635, 0.000000, 0.000000
2989.356788, 402.839409, 0.000000, 0.000000
2989.393926, 402.900183, 0.000000, 0.000000
2989.441194, 402.954767, 0.000000, 0.000000
2989.478332, 403.015541, 0.000000, 0.000000
2989.681946, 403.348738, 0.000000, 0.000000
2989.719084, 403.409511, 0.000000, 0.000000
2989.756223, 403.470285, 0.000000, 0.000000
2989.793361, 403.531059, 0.000000, 0.000000
2989.830500, 403.591833, 0.000000, 0.000000
2990.043660, 403.917886, 0.000000, 0.000000
2990.080798, 403.978659, 0.000000, 0.000000
2990.117936, 404.039433, 0.000000, 0.000000
2990.155075, 404.100207, 0.000000, 0.000000
2990.358105, 404.432449, 0.000000, 0.000000
2990.395244, 404.493223, 0.000000, 0.000000
2990.432382, 404.553997, 0.000000, 0.000000
2990.469521, 404.614770, 0.000000, 0.000000
2990.516788, 404.669354, 0.000000, 0.000000
2990.719819, 405.001596, 0.000000, 0.000000
2990.756957, 405.062370, 0.000000, 0.000000
2990.794095, 405.123144, 0.000000, 0.000000
2990.831234, 405.183918, 0.000000, 0.000000
2990.868372, 405.244692, 0.000000, 0.000000
2991.071403, 405.576934, 0.000000, 0.000000
2991.118671, 405.631518, 0.000000, 0.000000
2991.155809, 405.692292, 0.000000, 0.000000
2991.192947, 405.753066, 0.000000, 0.000000
2991.395978, 406.085308, 0.000000, 0.000000
2991.433116, 406.146082, 0.000000, 0.000000
2991.470255, 406.206855, 0.000000, 0.000000
2991.507393, 406.267629, 0.000000, 0.000000
2991.544532, 406.328403, 0.000000, 0.000000
2991.757691, 406.654455, 0.000000, 0.000000
2991.794830, 406.715229, 0.000000, 0.000000
2991.831968, 406.776003, 0.000000, 0.000000
2991.869106, 406.836777, 0.000000, 0.000000
2991.906245, 406.897550, 0.000000, 0.000000
2992.109276, 407.229793, 0.000000, 0.000000
2992.146414, 407.290567, 0.000000, 0.000000
2992.193682, 407.345151, 0.000000, 0.000000
2992.230820, 407.405925, 0.000000, 0.000000
2992.433851, 407.738166, 0.000000, 0.000000
2992.470989, 407.798940, 0.000000, 0.000000
2992.508127, 407.859714, 0.000000, 0.000000
2992.545266, 407.920488, 0.000000, 0.000000
2992.582404, 407.981262, 0.000000, 0.000000
2992.794383, 408.305424, 0.000000, 0.000000
2992.831463, 408.366234, 0.000000, 0.000000
2992.868542, 408.427043, 0.000000, 0.000000
2992.905622, 408.487853, 0.000000, 0.000000
2992.942701, 408.548663, 0.000000, 0.000000
2993.138154, 408.869661, 0.000000, 0.000000
2993.174876, 408.930688, 0.000000, 0.000000
2993.211597, 408.991715, 0.000000, 0.000000
2993.258489, 409.046621, 0.000000, 0.000000
2993.445071, 409.356372, 0.000000, 0.000000
2993.481050, 409.417840, 0.000000, 0.000000
2993.527274, 409.473310, 1.000000, 0.000000
2993.553009, 409.540774, 1.000000, 0.000000
2993.578744, 409.608237, 1.000000, 0.000000
2993.761141, 409.920078, 1.000000, 0.000000
2993.786051, 409.987850, 1.000000, 0.000000
2993.821278, 410.049751, 1.000000, 0.000000
2993.856505, 410.111653, 1.000000, 0.000000
2993.891732, 410.173554, 1.000000, 0.000000
2994.069897, 410.487453, 1.000000, 0.000000
2994.104361, 410.549782, 1.000000, 0.000000
2994.138826, 410.612111, 1.000000, 0.000000
2994.173290, 410.674440, 1.000000, 0.000000
2994.348018, 410.990071, 1.000000, 0.000000
2994.381710, 411.052821, 1.000000, 0.000000
2994.415402, 411.115571, 1.000000, 0.000000
2994.438635, 411.183936, 1.000000, 0.000000
2994.472328, 411.246686, 1.000000, 0.000000
2994.642740, 411.564315, 1.000000, 0.000000
2994.675650, 411.627478, 1.000000, 0.000000
2994.708560, 411.690642, 1.000000, 0.000000
2994.741470, 411.753806, 1.000000, 0.000000
2994.774380, 411.816969, 1.000000, 0.000000
2994.941773, 412.139083, 1.000000, 0.000000
2994.973966, 412.202615, 1.000000, 0.000000
2995.006159, 412.266147, 1.000000, 0.000000
2995.027763, 412.335045, 1.000000, 0.000000
2995.197584, 412.670093, 1.000000, 0.000000
2995.229403, 412.733813, 1.000000, 0.000000
2995.261223, 412.797533, 1.000000, 0.000000
2995.293042, 412.861253, 1.000000, 0.000000
2995.324862, 412.924973, 1.000000, 0.000000
2995.509432, 413.268015, 1.000000, 0.000000
2995.541252, 413.331735, 1.000000, 0.000000
2995.562451, 413.400758, 1.000000, 0.000000
2995.594271, 413.464478, 1.000000, 0.000000
2995.626090, 413.528198, 1.000000, 0.000000
2995.800041, 413.876544, 1.000000, 0.000000
2995.831861, 413.940265, 1.000000, 0.000000
2995.853060, 414.009288, 1.000000, 0.000000
2995.884879, 414.073008, 1.000000, 0.000000
2996.069450, 414.416050, 1.000000, 0.000000
2996.101270, 414.479770, 1.000000, 0.000000
2996.133089, 414.543490, 1.000000, 0.000000
2996.164909, 414.607210, 1.000000, 0.000000
2996.196728, 414.670930, 1.000000, 0.000000
2996.370679, 415.019276, 1.000000, 0.000000
2996.402498, 415.082996, 1.000000, 0.000000
2996.434318, 415.146716, 1.000000, 0.000000
2996.455517, 415.215739, 1.000000, 0.000000
2996.487336, 415.279459, 1.000000, 0.000000
2996.650668, 415.633108, 1.000000, 0.000000
2998.795868, 414.641484, -1.000000, 0.000000
2996.703686, 415.765852, 0.000000, 0.000000
2996.735506, 415.829572, 0.000000, 0.000000
2996.909260, 416.177523, 0.000000, 0.000000
2996.941079, 416.241243, 0.000000, 0.000000
2996.972899, 416.304963, 0.000000, 0.000000
2997.004718, 416.368683, 0.000000, 0.000000
2997.036537, 416.432403, 0.000000, 0.000000
2997.209589, 416.778948, 0.000000, 0.000000
2997.241408, 416.842668, 0.000000, 0.000000
2997.273228, 416.906388, 0.000000, 0.000000
2997.305047, 416.970108, 0.000000, 0.000000
2997.336867, 417.033828, 0.000000, 0.000000
2997.509258, 417.379051, 0.000000, 0.000000
2997.541078, 417.442771, 0.000000, 0.000000
2997.572897, 417.506491, 0.000000, 0.000000
2997.604717, 417.570211, 0.000000, 0.000000
2997.781794, 417.924817, 0.000000, 0.000000
2997.813613, 417.988537, 0.000000, 0.000000
2997.845433, 418.052257, 0.000000, 0.000000
2997.866632, 418.121280, 0.000000, 0.000000
2997.898451, 418.185000, 0.000000, 0.000000
2998.074954, 418.538456, 0.000000, 0.000000
2998.106773, 418.602176, 0.000000, 0.000000
2998.138593, 418.665896, 0.000000, 0.000000
2998.170412, 418.729616, 0.000000, 0.000000
2998.346383, 419.082007, 0.000000, 0.000000
2998.378203, 419.145727, 0.000000, 0.000000
2998.410022, 419.209447, 0.000000, 0.000000
2998.441842, 419.273168, 0.000000, 0.000000
2998.473661, 419.336888, 0.000000, 0.000000
2998.649144, 419.688301, 0.000000, 0.000000
2998.680964, 419.752021, 0.000000, 0.000000
2998.712783, 419.815741, 0.000000, 0.000000
2998.744602, 419.879461, 0.000000, 0.000000
2998.919757, 420.230217, 0.000000, 0.000000
2998.951576, 420.293937, 0.000000, 0.000000
2998.983395, 420.357657, 0.000000, 0.000000
2999.015215, 420.421377, 0.000000, 0.000000
2999.047034, 420.485097, 0.000000, 0.000000
2999.222189, 420.835853, 0.000000, 0.000000
2999.254008, 420.899573, 0.000000, 0.000000
2999.285828, 420.963293, 0.000000, 0.000000
2999.317647, 421.027013, 0.000000, 0.000000
2999.492801, 421.377768, 0.000000, 0.000000
2999.524621, 421.441488, 0.000000, 0.000000
2999.556440, 421.505208, 0.000000, 0.000000
2999.588260, 421.568928, 0.000000, 0.000000
2999.620079, 421.632648, 0.000000, 0.000000
2999.795233, 421.983404, 0.000000, 0.000000
2999.827053, 422.047124, 0.000000, 0.000000
2999.858872, 422.110844, 0.000000, 0.000000
2999.890692, 422.174564, 0.000000, 0.000000
3000.065846, 422.525320, 0.000000, 0.000000
3000.097665, 422.589040, 0.000000, 0.000000
3000.129485, 422.652760, 0.000000, 0.000000
3000.161304, 422.716480, 0.000000, 0.000000
3000.193124, 422.780200, 0.000000, 0.000000
3000.368278, 423.130955, 0.000000, 0.000000
3000.389477, 423.199979, 0.000000, 0.000000
3000.421297, 423.263699, 0.000000, 0.000000
3000.453116, 423.327419, 0.000000, 0.000000
3000.628270, 423.678174, 0.000000, 0.000000
3000.660090, 423.741894, 0.000000, 0.000000
3000.691909, 423.805614, 0.000000, 0.000000
3000.723729, 423.869334, 0.000000, 0.000000
3000.755548, 423.933054, 0.000000, 0.000000
3000.930703, 424.283810, 0.000000, 0.000000
3000.962522, 424.347530, 0.000000, 0.000000
3000.994341, 424.411250, 0.000000, 0.000000
3001.026161, 424.474970, 0.000000, 0.000000
3001.201315, 424.825725, 0.000000, 0.000000
3001.233135, 424.889445, 0.000000, 0.000000
3001.264954, 424.953166, 0.000000, 0.000000
3001.296773, 425.016886, 0.000000, 0.000000
3001.328593, 425.080606, 0.000000, 0.000000
3001.500142, 425.424458, 0.000000, 0.000000
3001.531754, 425.488281, 0.000000, 0.000000
3001.574004, 425.546835, 1.000000, 0.000000
3001.605616, 425.610658, 1.000000, 0.000000
3001.771375, 425.945360, 1.000000, 0.000000
3001.791812, 426.014612, 1.000000, 0.000000
3001.822927, 426.078679, 1.000000, 0.000000
3001.896754, 426.122003, 1.000000, 0.000000
3001.938547, 426.180884, 1.000000, 0.000000
3002.100523, 426.515148, 1.000000, 0.000000
3002.120349, 426.584578, 1.000000, 0.000000
3002.150898, 426.648916, 1.000000, 0.000000
3002.181447, 426.713255, 1.000000, 0.000000
3002.340692, 427.048665, 1.000000, 0.000000
3002.370672, 427.113270, 1.000000, 0.000000
3002.400652, 427.177876, 1.000000, 0.000000
3002.430632, 427.242482, 1.000000, 0.000000
3002.449844, 427.312085, 1.000000, 0.000000
3002.605774, 427.648888, 1.000000, 0.000000
3002.635181, 427.713757, 1.000000, 0.000000
3002.664588, 427.778625, 1.000000, 0.000000
3002.693996, 427.843494, 1.000000, 0.000000
3002.847213, 428.181502, 1.000000, 0.000000
3002.876044, 428.246629, 1.000000, 0.000000
3002.904875, 428.311756, 1.000000, 0.000000
3002.933706, 428.376883, 1.000000, 0.000000
3002.962537, 428.442009, 1.000000, 0.000000
3003.112450, 428.781461, 1.000000, 0.000000
3003.140702, 428.846841, 1.000000, 0.000000
3003.168954, 428.912221, 1.000000, 0.000000
3003.197206, 428.977601, 1.000000, 0.000000
3003.347553, 429.325605, 1.000000, 0.000000
3003.375446, 429.391139, 1.000000, 0.000000
3003.403339, 429.456673, 1.000000, 0.000000
3003.431232, 429.522207, 1.000000, 0.000000
3003.470047, 429.583092, 1.000000, 0.000000
3003.622635, 429.941711, 1.000000, 0.000000
3003.650463, 430.007273, 1.000000, 0.000000
3003.678291, 430.072834, 1.000000, 0.000000
3003.706119, 430.138396, 1.000000, 0.000000
3003.859302, 430.499286, 1.000000, 0.000000
3003.887130, 430.564847, 1.000000, 0.000000
3003.914958, 430.630409, 1.000000, 0.000000
3003.942786, 430.695970, 1.000000, 0.000000
3003.970614, 430.761532, 1.000000, 0.000000
3004.112871, 431.127061, 1.000000, 0.000000
3004.096991, 431.211174, 1.000000, 0.000000
3004.113892, 431.281374, 1.000000, 0.000000
3004.130793, 431.351573, 1.000000, 0.000000
3004.273049, 431.717101, 1.000000, 0.000000
3004.268097, 431.796577, 0.000000, 0.000000
3004.295925, 431.862138, 0.000000, 0.000000
3004.323753, 431.927700, 0.000000, 0.000000
3004.362508, 431.988623, 0.000000, 0.000000
3004.515691, 432.349513, 0.000000, 0.000000
3004.543519, 432.415075, 0.000000, 0.000000
3004.571347, 432.480636, 0.000000, 0.000000
3004.599175, 432.546198, 0.000000, 0.000000
3004.752358, 432.907088, 0.000000, 0.000000
3004.791113, 432.968012, 0.000000, 0.000000
3004.818942, 433.033573, 0.000000, 0.000000
3004.846770, 433.099135, 0.000000, 0.000000
3004.874598, 433.164696, 0.000000, 0.000000
3005.027614, 433.525194, 0.000000, 0.000000
3005.055442, 433.590755, 0.000000, 0.000000
3005.083270, 433.656317, 0.000000, 0.000000
3005.122025, 433.717240, 0.000000, 0.000000
3005.274845, 434.077275, 0.000000, 0.000000
3005.302673, 434.142837, 0.000000, 0.000000
3005.330502, 434.208398, 0.000000, 0.000000
3005.358330, 434.273960, 0.000000, 0.000000
3005.386158, 434.339521, 0.000000, 0.000000
3005.549728, 434.694502, 0.000000, 0.000000
3005.577556, 434.760063, 0.000000, 0.000000
3005.605384, 434.825625, 0.000000, 0.000000
3005.633212, 434.891186, 0.000000, 0.000000
3005.785698, 435.250433, 0.000000, 0.000000
3005.813526, 435.315994, 0.000000, 0.000000
3005.852281, 435.376918, 0.000000, 0.000000
3005.880109, 435.442479, 0.000000, 0.000000
3005.907937, 435.508041, 0.000000, 0.000000
3006.060284, 435.866962, 0.000000, 0.000000
3006.088112, 435.932524, 0.000000, 0.000000
3006.115941, 435.998085, 0.000000, 0.000000
3006.143769, 436.063647, 0.000000, 0.000000
3006.306924, 436.417651, 0.000000, 0.000000
3006.334753, 436.483213, 0.000000, 0.000000
3006.362581, 436.548774, 0.000000, 0.000000
3006.390409, 436.614336, 0.000000, 0.000000
3006.418237, 436.679897, 0.000000, 0.000000
3006.570366, 437.038305, 0.000000, 0.000000
3006.609121, 437.099229, 0.000000, 0.000000
3006.636950, 437.164790, 0.000000, 0.000000
3006.664778, 437.230352, 0.000000, 0.000000
3006.816888, 437.588715, 0.000000, 0.000000
3006.844716, 437.654276, 0.000000, 0.000000
3006.872544, 437.719838, 0.000000, 0.000000
3006.911299, 437.780761, 0.000000, 0.000000
3006.939127, 437.846323, 0.000000, 0.000000
3007.091238, 438.204686, 0.000000, 0.000000
3007.119066, 438.270248, 0.000000, 0.000000
3007.146894, 438.335810, 0.000000, 0.000000
3007.174722, 438.401371, 0.000000, 0.000000
3007.326832, 438.759734, 0.000000, 0.000000
3007.365588, 438.820657, 0.000000, 0.000000
3007.393416, 438.886219, 0.000000, 0.000000
3007.421244, 438.951781, 0.000000, 0.000000
3007.449072, 439.017342, 0.000000, 0.000000
3007.601182, 439.375705, 0.000000, 0.000000
3007.629010, 439.441267, 0.000000, 0.000000
3007.667765, 439.502190, 0.000000, 0.000000
3007.695594, 439.567752, 0.000000, 0.000000
3007.847704, 439.926115, 0.000000, 0.000000
3007.875532, 439.991677, 0.000000, 0.000000
3007.903360, 440.057238, 0.000000, 0.000000
3007.931188, 440.122800, 0.000000, 0.000000
3007.969944, 440.183723, 0.000000, 0.000000
3008.122054, 440.542086, 0.000000, 0.000000
3008.149882, 440.607648, 0.000000, 0.000000
3008.177710, 440.673209, 0.000000, 0.000000
3008.205538, 440.738771, 0.000000, 0.000000
3008.357648, 441.097134, 0.000000, 0.000000
3008.385477, 441.162695, 0.000000, 0.000000
3008.424232, 441.223619, 0.000000, 0.000000
3008.452060, 441.289180, 0.000000, 0.000000
3008.479888, 441.354742, 0.000000, 0.000000
3008.631998, 441.713105, 0.000000, 0.000000
3008.659826, 441.778667, 0.000000, 0.000000
3008.687655, 441.844228, 0.000000, 0.000000
3008.726410, 441.905152, 0.000000, 0.000000
3008.878520, 442.263515, 0.000000, 0.000000
3008.906348, 442.329076, 0.000000, 0.000000
3008.956030, 442.385362, 1.000000, 0.000000
3008.994785, 442.446285, 1.000000, 0.000000
3009.022613, 442.511847, 1.000000, 0.000000
3009.173466, 442.867405, 1.000000, 0.000000
3009.255872, 442.909887, 1.000000, 0.000000
3009.283612, 442.975486, 1.000000, 0.000000
3009.322286, 443.036462, 1.000000, 0.000000
3009.470474, 443.386968, 1.000000, 0.000000
3009.497955, 443.452676, 1.000000, 0.000000
3009.525436, 443.518383, 1.000000, 0.000000
3009.563868, 443.579511, 1.000000, 0.000000
3009.591349, 443.645219, 1.000000, 0.000000
3009.736976, 443.993973, 1.000000, 0.000000
3009.775093, 444.055298, 1.000000, 0.000000
3009.802235, 444.121146, 1.000000, 0.000000
3009.829377, 444.186995, 1.000000, 0.000000
3009.973487, 444.536696, 1.000000, 0.000000
3010.011294, 444.598212, 1.000000, 0.000000
3010.038104, 444.664196, 1.000000, 0.000000
3010.064914, 444.730181, 1.000000, 0.000000
3010.102721, 444.791697, 1.000000, 0.000000
3010.245032, 445.142505, 1.000000, 0.000000
3010.271515, 445.208622, 1.000000, 0.000000
3010.309018, 445.270324, 1.000000, 0.000000
3010.335502, 445.336440, 1.000000, 0.000000
3010.476343, 445.688138, 1.000000, 0.000000
3010.502507, 445.754382, 1.000000, 0.000000
3010.539710, 445.816265, 1.000000, 0.000000
3010.565874, 445.882508, 1.000000, 0.000000
3010.592037, 445.948752, 1.000000, 0.000000
3010.731117, 446.301439, 1.000000, 0.000000
3010.768027, 446.363497, 1.000000, 0.000000
3010.793875, 446.429864, 1.000000, 0.000000
3010.819724, 446.496231, 1.000000, 0.000000
3010.958024, 446.851396, 1.000000, 0.000000
3010.983619, 446.917861, 1.000000, 0.000000
3011.009214, 446.984326, 1.000000, 0.000000
3011.034809, 447.050791, 1.000000, 0.000000
3011.060404, 447.117256, 1.000000, 0.000000
3011.210079, 447.473107, 1.000000, 0.000000
3011.235567, 447.539613, 1.000000, 0.000000
3011.261054, 447.606120, 1.000000, 0.000000
3011.286542, 447.672626, 1.000000, 0.000000
3011.414772, 448.040401, 1.000000, 0.000000
3011.407007, 448.119651, 1.000000, 0.000000
3011.432494, 448.186158, 1.000000, 0.000000
3011.446897, 448.256912, 1.000000, 0.000000
3011.461300, 448.327666, 1.000000, 0.000000
3011.567362, 448.703938, 0.000000, 0.000000
3011.592850, 448.770444, 0.000000, 0.000000
3011.629421, 448.832703, 0.000000, 0.000000
3011.654909, 448.899209, 0.000000, 0.000000
3011.794224, 449.262736, 0.000000, 0.000000
3011.819711, 449.329243, 0.000000, 0.000000
3011.856283, 449.391501, 0.000000, 0.000000
3011.881771, 449.458008, 0.000000, 0.000000
3011.907258, 449.524514, 0.000000, 0.000000
3012.046573, 449.888041, 0.000000, 0.000000
3012.083145, 449.950300, 0.000000, 0.000000
3012.108632, 450.016806, 0.000000, 0.000000
3012.134120, 450.083313, 0.000000, 0.000000
3012.273435, 450.446840, 0.000000, 0.000000
3012.310007, 450.509099, 0.000000, 0.000000
3012.335494, 450.575605, 0.000000, 0.000000
3012.360982, 450.642112, 0.000000, 0.000000
3012.386469, 450.708618, 0.000000, 0.000000
3012.526548, 451.074138, 0.000000, 0.000000
3012.563120, 451.136396, 0.000000, 0.000000
3012.588607, 451.202903, 0.000000, 0.000000
3012.614095, 451.269409, 0.000000, 0.000000
3012.755769, 451.639092, 0.000000, 0.000000
3012.792341, 451.701350, 0.000000, 0.000000
3012.817828, 451.767857, 0.000000, 0.000000
3012.843315, 451.834363, 0.000000, 0.000000
3012.868803, 451.900870, 0.000000, 0.000000
3013.018915, 452.259400, 0.000000, 0.000000
3013.044403, 452.325906, 0.000000, 0.000000
3013.069890, 452.392413, 0.000000, 0.000000
3013.095378, 452.458919, 0.000000, 0.000000
3013.131949, 452.521178, 0.000000, 0.000000
3013.272585, 452.888151, 0.000000, 0.000000
3013.298073, 452.954657, 0.000000, 0.000000
3013.323560, 453.021164, 0.000000, 0.000000
3013.360132, 453.083422, 0.000000, 0.000000
3013.502381, 453.454606, 0.000000, 0.000000
3013.527869, 453.521112, 0.000000, 0.000000
3013.553356, 453.587619, 0.000000, 0.000000
3013.589928, 453.649877, 0.000000, 0.000000
3013.615415, 453.716384, 0.000000, 0.000000
3013.759285, 454.091795, 0.000000, 0.000000
3013.784772, 454.158301, 0.000000, 0.000000
3013.821344, 454.220560, 0.000000, 0.000000
3013.846832, 454.287066, 0.000000, 0.000000
3013.872319, 454.353573, 0.000000, 0.000000
3014.017814, 454.733225, 0.000000, 0.000000
3014.043301, 454.799731, 0.000000, 0.000000
3014.079873, 454.861990, 0.000000, 0.000000
3014.105360, 454.928496, 0.000000, 0.000000
3014.251703, 455.310359, 0.000000, 0.000000
3014.277190, 455.376866, 0.000000, 0.000000
3014.313762, 455.439124, 0.000000, 0.000000
3014.339249, 455.505631, 0.000000, 0.000000
3014.364737, 455.572137, 0.000000, 0.000000
3014.511079, 455.954001, 0.000000, 0.000000
3014.547651, 456.016259, 0.000000, 0.000000
3014.573138, 456.082766, 0.000000, 0.000000
3014.598626, 456.149272, 0.000000, 0.000000
3014.624113, 456.215779, 0.000000, 0.000000
3014.781540, 456.593394, 0.000000, 0.000000
3014.807027, 456.659901, 0.000000, 0.000000
3014.832514, 456.726407, 0.000000, 0.000000
3014.858002, 456.792914, 0.000000, 0.000000
3015.015428, 457.170529, 0.000000, 0.000000
3015.040916, 457.237035, 0.000000, 0.000000
3015.066403, 457.303542, 0.000000, 0.000000
3015.091891, 457.370048, 0.000000, 0.000000
3015.128462, 457.432307, 0.000000, 0.000000
3015.274805, 457.814170, 0.000000, 0.000000
3015.300292, 457.880677, 0.000000, 0.000000
3015.325780, 457.947183, 0.000000, 0.000000
3015.351267, 458.013690, 0.000000, 0.000000
3015.387839, 458.075948, 0.000000, 0.000000
3015.534181, 458.457812, 0.000000, 0.000000
3015.559668, 458.524318, 0.000000, 0.000000
3015.585156, 458.590824, 0.000000, 0.000000
3015.621728, 458.653083, 0.000000, 0.000000
3015.768070, 459.034946, 0.000000, 0.000000
3015.815726, 459.092957, 1.000000, 0.000000
3015.852298, 459.155215, 1.000000, 0.000000
3015.911039, 459.208978, 1.000000, 0.000000
3015.958695, 459.266989, 1.000000, 0.000000
3016.105037, 459.648853, 1.000000, 0.000000
3016.130525, 459.715359, 1.000000, 0.000000
3016.156012, 459.781866, 1.000000, 0.000000
3016.181499, 459.848372, 1.000000, 0.000000
3016.206987, 459.914879, 1.000000, 0.000000
3016.364413, 460.292494, 1.000000, 0.000000
3016.389901, 460.359000, 1.000000, 0.000000
3016.415388, 460.425507, 1.000000, 0.000000
3016.440876, 460.492013, 1.000000, 0.000000
3016.587218, 460.873876, 1.000000, 0.000000
3016.612705, 460.940383, 1.000000, 0.000000
3016.638193, 461.006889, 1.000000, 0.000000
3016.663680, 461.073396, 1.000000, 0.000000
3016.689167, 461.139902, 1.000000, 0.000000
3016.846594, 461.517518, 1.000000, 0.000000
3016.872082, 461.584024, 1.000000, 0.000000
3016.897569, 461.650531, 1.000000, 0.000000
3016.923056, 461.717037, 1.000000, 0.000000
3016.948544, 461.783544, 1.000000, 0.000000
3017.102942, 462.153904, 1.000000, 0.000000
3017.128150, 462.220517, 1.000000, 0.000000
3017.153359, 462.287130, 1.000000, 0.000000
3017.178567, 462.353742, 1.000000, 0.000000
3017.319868, 462.727226, 1.000000, 0.000000
3017.344734, 462.793967, 1.000000, 0.000000
3017.369600, 462.860708, 1.000000, 0.000000
3017.394467, 462.927449, 1.000000, 0.000000
3017.430457, 462.990046, 1.000000, 0.000000
3017.569645, 463.364089, 1.000000, 0.000000
3017.594158, 463.430960, 1.000000, 0.000000
3017.618672, 463.497832, 1.000000, 0.000000
3017.643185, 463.564703, 1.000000, 0.000000
3017.667699, 463.631575, 1.000000, 0.000000
3017.815854, 464.002102, 1.000000, 0.000000
3017.840004, 464.069106, 1.000000, 0.000000
3017.864154, 464.136110, 1.000000, 0.000000
3017.888303, 464.203113, 1.000000, 0.000000
3018.023370, 464.577966, 1.000000, 0.000000
3018.047139, 464.645106, 1.000000, 0.000000
3018.070909, 464.712245, 1.000000, 0.000000
3018.094679, 464.779385, 1.000000, 0.000000
3018.118448, 464.846524, 1.000000, 0.000000
3018.240040, 465.226058, 1.000000, 0.000000
3018.207366, 465.312821, 1.000000, 0.000000
3018.230754, 465.380095, 1.000000, 0.000000
3018.220505, 465.459062, 0.000000, 0.000000
3018.243893, 465.526336, 0.000000, 0.000000
3018.374596, 465.903152, 0.000000, 0.000000
3018.397637, 465.970545, 0.000000, 0.000000
3018.431909, 466.034098, 0.000000, 0.000000
3018.454950, 466.101492, 0.000000, 0.000000
3018.586869, 466.487378, 0.000000, 0.000000
3018.609871, 466.554785, 0.000000, 0.000000
3018.632872, 466.622191, 0.000000, 0.000000
3018.655873, 466.689598, 0.000000, 0.000000
3018.690109, 466.753171, 0.000000, 0.000000
3018.822176, 467.140202, 0.000000, 0.000000
3018.845177, 467.207609, 0.000000, 0.000000
3018.868179, 467.275016, 0.000000, 0.000000
3018.891180, 467.342422, 0.000000, 0.000000
3018.914181, 467.409829, 0.000000, 0.000000
3019.046248, 467.796860, 0.000000, 0.000000
3019.080484, 467.860433, 0.000000, 0.000000
3019.103485, 467.927839, 0.000000, 0.000000
3019.126486, 467.995246, 0.000000, 0.000000
3019.258553, 468.382277, 0.000000, 0.000000
3019.281555, 468.449683, 0.000000, 0.000000
3019.304556, 468.517090, 0.000000, 0.000000
3019.327557, 468.584497, 0.000000, 0.000000
3019.361793, 468.648070, 0.000000, 0.000000
3019.493860, 469.035101, 0.000000, 0.000000
3019.516861, 469.102508, 0.000000, 0.000000
3019.539863, 469.169915, 0.000000, 0.000000
3019.562864, 469.237321, 0.000000, 0.000000
3019.585865, 469.304728, 0.000000, 0.000000
3019.717932, 469.691759, 0.000000, 0.000000
3019.752168, 469.755332, 0.000000, 0.000000
3019.775169, 469.822738, 0.000000, 0.000000
3019.798170, 469.890145, 0.000000, 0.000000
3019.928873, 470.273177, 0.000000, 0.000000
3019.951874, 470.340584, 0.000000, 0.000000
3019.974876, 470.407991, 0.000000, 0.000000
3019.997877, 470.475397, 0.000000, 0.000000
3020.032113, 470.538970, 0.000000, 0.000000
3020.161270, 470.917475, 0.000000, 0.000000
3020.184271, 470.984882, 0.000000, 0.000000
3020.207273, 471.052288, 0.000000, 0.000000
3020.230274, 471.119695, 0.000000, 0.000000
3020.253275, 471.187102, 0.000000, 0.000000
3020.392128, 471.557260, 0.000000, 0.000000
3020.415129, 471.624667, 0.000000, 0.000000
3020.438130, 471.692074, 0.000000, 0.000000
3020.461131, 471.759480, 0.000000, 0.000000
3020.587216, 472.128978, 0.000000, 0.000000
3020.610217, 472.196385, 0.000000, 0.000000
3020.633218, 472.263792, 0.000000, 0.000000
3020.667454, 472.327365, 0.000000, 0.000000
3020.690455, 472.394771, 0.000000, 0.000000
3020.818846, 472.771028, 0.000000, 0.000000
3020.841847, 472.838434, 0.000000, 0.000000
3020.864848, 472.905841, 0.000000, 0.000000
3020.887849, 472.973248, 0.000000, 0.000000
3021.014718, 473.345044, 0.000000, 0.000000
3021.048954, 473.408618, 0.000000, 0.000000
3021.071955, 473.476024, 0.000000, 0.000000
3021.094956, 473.543431, 0.000000, 0.000000
3021.117958, 473.610838, 0.000000, 0.000000
3021.243311, 473.978194, 0.000000, 0.000000
3021.266312, 474.045600, 0.000000, 0.000000
3021.289314, 474.113007, 0.000000, 0.000000
3021.323549, 474.176580, 0.000000, 0.000000
3021.448721, 474.543405, 0.000000, 0.000000
3021.471723, 474.610812, 0.000000, 0.000000
3021.494724, 474.678218, 0.000000, 0.000000
3021.517725, 474.745625, 0.000000, 0.000000
3021.540727, 474.813032, 0.000000, 0.000000
3021.665899, 475.179856, 0.000000, 0.000000
3021.700134, 475.243429, 0.000000, 0.000000
3021.723136, 475.310836, 0.000000, 0.000000
3021.746137, 475.378243, 0.000000, 0.000000
3021.871309, 475.745067, 0.000000, 0.000000
3021.894310, 475.812474, 0.000000, 0.000000
3021.917311, 475.879880, 0.000000, 0.000000
3021.940313, 475.947287, 0.000000, 0.000000
3021.974548, 476.010860, 0.000000, 0.000000
3022.099720, 476.377685, 0.000000, 0.000000
3022.122722, 476.445092, 0.000000, 0.000000
3022.156957, 476.508665, 1.000000, 0.000000
3022.191193, 476.572238, 1.000000, 0.000000
3022.316365, 476.939063, 1.000000, 0.000000
3022.384304, 476.991135, 1.000000, 0.000000
3022.418540, 477.054708, 1.000000, 0.000000
3022.441541, 477.122115, 1.000000, 0.000000
3022.464542, 477.189522, 1.000000, 0.000000
3022.589714, 477.556346, 1.000000, 0.000000
3022.612716, 477.623753, 1.000000, 0.000000
3022.635717, 477.691159, 1.000000, 0.000000
3022.658718, 477.758566, 1.000000, 0.000000
3022.783890, 478.125391, 1.000000, 0.000000
3022.818126, 478.188964, 1.000000, 0.000000
3022.829893, 478.260204, 1.000000, 0.000000
3022.852894, 478.327611, 1.000000, 0.000000
3022.875896, 478.395018, 1.000000, 0.000000
3023.001068, 478.761842, 1.000000, 0.000000
3023.024069, 478.829249, 1.000000, 0.000000
3023.047070, 478.896655, 1.000000, 0.000000
3023.081306, 478.960229, 1.000000, 0.000000
3023.205572, 479.324451, 1.000000, 0.000000
3023.228465, 479.391894, 1.000000, 0.000000
3023.251359, 479.459338, 1.000000, 0.000000
3023.274252, 479.526781, 1.000000, 0.000000
3023.285905, 479.598040, 1.000000, 0.000000
3023.406838, 479.955110, 1.000000, 0.000000
3023.429319, 480.022692, 1.000000, 0.000000
3023.451799, 480.090275, 1.000000, 0.000000
3023.474280, 480.157857, 1.000000, 0.000000
3023.591827, 480.511354, 1.000000, 0.000000
3023.613719, 480.579128, 1.000000, 0.000000
3023.635612, 480.646903, 1.000000, 0.000000
3023.657504, 480.714678, 1.000000, 0.000000
3023.679397, 480.782453, 1.000000, 0.000000
3023.793552, 481.136991, 1.000000, 0.000000
3023.826179, 481.201404, 1.000000, 0.000000
3023.836152, 481.272917, 1.000000, 0.000000
3023.857453, 481.340881, 1.000000, 0.000000
3023.968789, 481.696251, 1.000000, 0.000000
3023.989493, 481.764398, 1.000000, 0.000000
3024.010197, 481.832546, 1.000000, 0.000000
3024.030901, 481.900693, 1.000000, 0.000000
3024.040247, 481.972291, 1.000000, 0.000000
3024.091180, 482.345310, 1.000000, 0.000000
3024.099896, 482.416987, 1.000000, 0.000000
3024.108612, 482.488664, 1.000000, 0.000000
3025.882437, 482.040992, -1.000000, 0.000000
3024.199281, 482.923097, 0.000000, 0.000000
3024.218781, 482.991598, 0.000000, 0.000000
3024.238281, 483.060100, 0.000000, 0.000000
3024.257781, 483.128601, 0.000000, 0.000000
3024.277281, 483.197103, 0.000000, 0.000000
3024.379478, 483.557174, 0.000000, 0.000000
3024.398489, 483.625812, 0.000000, 0.000000
3024.417500, 483.694451, 0.000000, 0.000000
3024.425071, 483.766259, 0.000000, 0.000000
3024.527307, 484.135468, 0.000000, 0.000000
3024.546154, 484.204152, 0.000000, 0.000000
3024.565001, 484.272837, 0.000000, 0.000000
3024.583848, 484.341521, 0.000000, 0.000000
3024.602694, 484.410205, 0.000000, 0.000000
3024.705257, 484.783980, 0.000000, 0.000000
3024.724104, 484.852664, 0.000000, 0.000000
3024.742951, 484.921348, 0.000000, 0.000000
3024.761797, 484.990032, 0.000000, 0.000000
3024.864360, 485.363808, 0.000000, 0.000000
3024.883207, 485.432492, 0.000000, 0.000000
3024.902054, 485.501176, 0.000000, 0.000000
3024.920901, 485.569860, 0.000000, 0.000000
3024.939748, 485.638545, 0.000000, 0.000000
3025.042310, 486.012319, 0.000000, 0.000000
3025.061157, 486.081004, 0.000000, 0.000000
3025.068556, 486.152829, 0.000000, 0.000000
3025.087403, 486.221513, 0.000000, 0.000000
3025.189966, 486.595288, 0.000000, 0.000000
3025.208813, 486.663972, 0.000000, 0.000000
3025.227660, 486.732656, 0.000000, 0.000000
3025.246506, 486.801340, 0.000000, 0.000000
3025.265353, 486.870025, 0.000000, 0.000000
3025.367916, 487.243800, 0.000000, 0.000000
3025.386763, 487.312484, 0.000000, 0.000000
3025.405610, 487.381168, 0.000000, 0.000000
3025.424456, 487.449853, 0.000000, 0.000000
3025.526933, 487.823314, 0.000000, 0.000000
3025.545780, 487.891998, 0.000000, 0.000000
3025.564627, 487.960683, 0.000000, 0.000000
3025.583474, 488.029367, 0.000000, 0.000000
3025.602320, 488.098051, 0.000000, 0.000000
3025.704545, 488.470594, 0.000000, 0.000000
3025.723392, 488.539279, 0.000000, 0.000000
3025.730792, 488.611104, 0.000000, 0.000000
3025.749638, 488.679788, 0.000000, 0.000000
3025.851624, 489.051460, 0.000000, 0.000000
3025.870471, 489.120144, 0.000000, 0.000000
3025.889318, 489.188828, 0.000000, 0.000000
3025.908164, 489.257513, 0.000000, 0.000000
3025.927011, 489.326197, 0.000000, 0.000000
3026.028770, 489.697042, 0.000000, 0.000000
3026.047617, 489.765726, 0.000000, 0.000000
3026.066464, 489.834410, 0.000000, 0.000000
3026.085310, 489.903095, 0.000000, 0.000000
3026.186856, 490.273160, 0.000000, 0.000000
3026.205702, 490.341845, 0.000000, 0.000000
3026.224549, 490.410529, 0.000000, 0.000000
3026.243396, 490.479213, 0.000000, 0.000000
3026.262243, 490.547897, 0.000000, 0.000000
3026.363587, 490.917231, 0.000000, 0.000000
3026.370986, 490.989056, 0.000000, 0.000000
3026.389833, 491.057740, 0.000000, 0.000000
3026.408680, 491.126424, 0.000000, 0.000000
3026.509835, 491.495071, 0.000000, 0.000000
3026.528682, 491.563756, 0.000000, 0.000000
3026.547529, 491.632440, 0.000000, 0.000000
3026.566376, 491.701124, 0.000000, 0.000000
3026.585223, 491.769808, 0.000000, 0.000000
3026.686259, 492.138022, 0.000000, 0.000000
3026.705106, 492.206706, 0.000000, 0.000000
3026.723953, 492.275390, 0.000000, 0.000000
3026.742800, 492.344074, 0.000000, 0.000000
3026.843837, 492.712288, 0.000000, 0.000000
3026.862683, 492.780973, 0.000000, 0.000000
3026.881530, 492.849657, 0.000000, 0.000000
3026.900377, 492.918341, 0.000000, 0.000000
3026.919224, 492.987025, 0.000000, 0.000000
3027.020261, 493.355239, 0.000000, 0.000000
3027.027660, 493.427064, 0.000000, 0.000000
3027.046507, 493.495748, 0.000000, 0.000000
3027.065353, 493.564432, 0.000000, 0.000000
3027.166390, 493.932646, 0.000000, 0.000000
3027.185237, 494.001330, 0.000000, 0.000000
3027.204084, 494.070014, 0.000000, 0.000000
3027.222931, 494.138699, 0.000000, 0.000000
3027.241777, 494.207383, 0.000000, 0.000000
3027.354262, 494.572456, 1.000000, 0.000000
3027.373109, 494.641140, 1.000000, 0.000000
3027.391955, 494.709824, 1.000000, 0.000000
3027.410802, 494.778508, 1.000000, 0.000000
3027.511839, 495.146722, 1.000000, 0.000000
3027.530686, 495.215406, 1.000000, 0.000000
3027.549532, 495.284090, 1.000000, 0.000000
3027.568379, 495.352774, 1.000000, 0.000000
3027.587226, 495.421459, 1.000000, 0.000000
3027.688263, 495.789672, 1.000000, 0.000000
3027.707110, 495.858356, 1.000000, 0.000000
3027.714509, 495.930182, 1.000000, 0.000000
3027.733356, 495.998866, 1.000000, 0.000000
3027.834393, 496.367080, 1.000000, 0.000000
3027.853239, 496.435764, 1.000000, 0.000000
3027.872086, 496.504448, 1.000000, 0.000000
3027.890933, 496.573133, 1.000000, 0.000000
3027.909780, 496.641817, 1.000000, 0.000000
3028.010817, 497.010030, 1.000000, 0.000000
3028.018216, 497.081856, 1.000000, 0.000000
3028.037063, 497.150540, 1.000000, 0.000000
3028.055910, 497.219224, 1.000000, 0.000000
3028.156590, 497.586166, 1.000000, 0.000000
3028.175390, 497.654863, 1.000000, 0.000000
3028.182740, 497.726694, 1.000000, 0.000000
3028.201540, 497.795391, 1.000000, 0.000000
3028.220340, 497.864088, 1.000000, 0.000000
3028.318382, 498.223146, 1.000000, 0.000000
3028.336842, 498.291935, 1.000000, 0.000000
3028.343838, 498.363801, 1.000000, 0.000000
3028.362298, 498.432590, 1.000000, 0.000000
3028.457678, 498.788145, 1.000000, 0.000000
3028.475657, 498.857062, 1.000000, 0.000000
3028.482149, 498.928975, 1.000000, 0.000000
3028.500128, 498.997891, 1.000000, 0.000000
3028.518107, 499.066808, 1.000000, 0.000000
3028.610617, 499.422573, 1.000000, 0.000000
3028.628098, 499.491618, 1.000000, 0.000000
3028.634071, 499.563576, 1.000000, 0.000000
3028.640045, 499.635534, 1.000000, 0.000000
3028.695492, 499.999758, 0.000000, 0.000000
3028.712457, 500.068931, 0.000000, 0.000000
3028.729423, 500.138104, 0.000000, 0.000000
3028.746389, 500.207277, 0.000000, 0.000000
3028.763355, 500.276450, 0.000000, 0.000000
3028.838738, 500.634916, 0.000000, 0.000000
3028.855171, 500.704217, 0.000000, 0.000000
3028.871604, 500.773519, 0.000000, 0.000000
3028.888037, 500.842820, 0.000000, 0.000000
3028.972358, 501.198551, 0.000000, 0.000000
3028.988240, 501.267981, 0.000000, 0.000000
3029.004121, 501.337411, 0.000000, 0.000000
3029.020002, 501.406840, 0.000000, 0.000000
3029.035884, 501.476270, 0.000000, 0.000000
3029.117487, 501.834308, 0.000000, 0.000000
3029.121281, 501.906414, 0.000000, 0.000000
3029.136666, 501.975955, 0.000000, 0.000000
3029.152050, 502.045497, 0.000000, 0.000000
3029.234244, 502.417063, 0.000000, 0.000000
2965.699542, 363.416459, 1.000000, -1.#QNAN0
2965.745377, 363.470974, 1.000000, -1.#QNAN0
2965.791212, 363.525489, 1.000000, -1.#QNAN0
2965.837047, 363.580004, 1.000000, -1.#QNAN0
2965.882881, 363.634519, 1.000000, -1.#QNAN0
2966.138904, 363.939026, 1.000000, -1.#QNAN0
2966.193824, 363.985901, 1.000000, -1.#QNAN0
2966.239659, 364.040416, 1.000000, -1.#QNAN0
2966.276408, 364.102570, 1.000000, -1.#QNAN0
2966.322243, 364.157085, 1.000000, -1.#QNAN0
2966.578265, 364.461592, 1.000000, -1.#QNAN0
2966.624100, 364.516107, 1.000000, -1.#QNAN0
2966.660849, 364.578261, 1.000000, -1.#QNAN0
2966.706684, 364.632776, 1.000000, -1.#QNAN0
2966.962707, 364.937283, 1.000000, -1.#QNAN0
2967.008541, 364.991798, 1.000000, -1.#QNAN0
2967.054376, 365.046313, 1.000000, -1.#QNAN0
2967.100211, 365.100828, 1.000000, -1.#QNAN0
2967.136960, 365.162982, 1.000000, -1.#QNAN0
2967.392343, 365.466729, 1.000000, -1.#QNAN0
2967.438178, 365.521244, 1.000000, -1.#QNAN0
2967.474927, 365.583398, 1.000000, -1.#QNAN0
2967.520762, 365.637913, 1.000000, -1.#QNAN0
2967.575683, 365.684789, 1.000000, -1.#QNAN0
2967.829449, 365.986613, 1.000000, -1.#QNAN0
2967.875284, 366.041128, 1.000000, -1.#QNAN0
2967.921119, 366.095643, 1.000000, -1.#QNAN0
2967.976040, 366.142518, 1.000000, -1.#QNAN0
2968.228222, 366.442458, 1.000000, -1.#QNAN0
2968.274057, 366.496973, 1.000000, -1.#QNAN0
2968.319892, 366.551488, 1.000000, -1.#QNAN0
2968.365727, 366.606003, 1.000000, -1.#QNAN0
2968.411562, 366.660518, 1.000000, -1.#QNAN0
2968.653106, 366.966250, 1.000000, -1.#QNAN0
2968.698941, 367.020765, 1.000000, -1.#QNAN0
2968.744775, 367.075280, 1.000000, -1.#QNAN0
2968.790610, 367.129795, 1.000000, -1.#QNAN0
2968.836445, 367.184310, 1.000000, -1.#QNAN0
2969.085556, 367.480596, 1.000000, -1.#QNAN0
2969.131391, 367.535111, 1.000000, -1.#QNAN0
2969.177226, 367.589626, 1.000000, -1.#QNAN0
2969.223060, 367.644141, 1.000000, -1.#QNAN0
2969.478325, 367.947746, 1.000000, -1.#QNAN0
2969.533245, 367.994622, 1.000000, -1.#QNAN0
2969.579080, 368.049137, 1.000000, -1.#QNAN0
2969.615829, 368.111291, 1.000000, -1.#QNAN0
2969.661664, 368.165806, 1.000000, -1.#QNAN0
2969.915475, 368.467683, 1.000000, -1.#QNAN0
2969.961310, 368.522198, 1.000000, -1.#QNAN0
2969.998059, 368.584352, 1.000000, -1.#QNAN0
2970.043894, 368.638867, 1.000000, -1.#QNAN0
2970.296836, 368.939710, 1.000000, -1.#QNAN0
2970.342671, 368.994225, 1.000000, -1.#QNAN0
2970.379420, 369.056379, 1.000000, -1.#QNAN0
2970.425255, 369.110894, 1.000000, -1.#QNAN0
2970.471090, 369.165409, 1.000000, -1.#QNAN0
2970.714946, 369.473892, 1.000000, -1.#QNAN0
2970.760781, 369.528407, 1.000000, -1.#QNAN0
2970.806616, 369.582922, 1.000000, -1.#QNAN0
2970.852451, 369.637437, 1.000000, -1.#QNAN0
2971.105393, 369.938280, 1.000000, -1.#QNAN0
2971.151228, 369.992795, 1.000000, -1.#QNAN0
2971.197062, 370.047310, 1.000000, -1.#QNAN0
2971.242897, 370.101825, 1.000000, -1.#QNAN0
2971.288732, 370.156340, 1.000000, -1.#QNAN0
2971.532588, 370.464822, 1.000000, -1.#QNAN0
2971.578423, 370.519337, 1.000000, -1.#QNAN0
2971.624258, 370.573852, 1.000000, -1.#QNAN0
2971.670093, 370.628367, 1.000000, -1.#QNAN0
2971.923035, 370.929211, 1.000000, -1.#QNAN0
2971.968870, 370.983726, 1.000000, -1.#QNAN0
2972.014705, 371.038241, 1.000000, -1.#QNAN0
2972.069626, 371.085116, 1.000000, -1.#QNAN0
2972.115461, 371.139631, 1.000000, -1.#QNAN0
2972.377488, 371.432835, 1.000000, -1.#QNAN0
2972.423323, 371.487350, 1.000000, -1.#QNAN0
2972.469158, 371.541865, 1.000000, -1.#QNAN0
2972.514993, 371.596380, 1.000000, -1.#QNAN0
2972.767935, 371.897223, 1.000000, -1.#QNAN0
2972.813770, 371.951738, 1.000000, -1.#QNAN0
2972.859604, 372.006253, 1.000000, -1.#QNAN0
2972.905439, 372.060768, 1.000000, -1.#QNAN0
2972.951274, 372.115283, 1.000000, -1.#QNAN0
2973.213302, 372.408487, 1.000000, -1.#QNAN0
2973.259137, 372.463002, 1.000000, -1.#QNAN0
2973.304972, 372.517517, 1.000000, -1.#QNAN0
2973.350807, 372.572032, 1.000000, -1.#QNAN0
2973.612835, 372.865236, 1.000000, -1.#QNAN0
2973.658670, 372.919751, 1.000000, -1.#QNAN0
2973.704504, 372.974266, 1.000000, -1.#QNAN0
2973.750339, 373.028781, 1.000000, -1.#QNAN0
2973.787088, 373.090935, 1.000000, -1.#QNAN0
2974.040030, 373.391778, 1.000000, -1.#QNAN0
2974.076779, 373.453932, 1.000000, -1.#QNAN0
2974.122614, 373.508447, 1.000000, -1.#QNAN0
2974.168449, 373.562962, 1.000000, -1.#QNAN0
2974.423666, 373.866601, 1.000000, -1.#QNAN0
2974.478481, 373.913600, 1.000000, -1.#QNAN0
2974.524194, 373.968218, 1.000000, -1.#QNAN0
2974.569906, 374.022836, 1.000000, -1.#QNAN0
2974.615618, 374.077454, 1.000000, -1.#QNAN0
2974.876450, 374.390001, 1.000000, -1.#QNAN0
2974.921686, 374.445015, 1.000000, -1.#QNAN0
2974.957752, 374.507568, 1.000000, -1.#QNAN0
2975.002988, 374.562581, 1.000000, -1.#QNAN0
2975.265589, 374.882652, 1.000000, -1.#QNAN0
2975.310100, 374.938253, 1.000000, -1.#QNAN0
2975.354612, 374.993854, 1.000000, -1.#QNAN0
2975.399123, 375.049455, 1.000000, -1.#QNAN0
2975.443634, 375.105056, 1.000000, -1.#QNAN0
2975.701452, 375.428543, 1.000000, -1.#QNAN0
2975.745244, 375.484713, 1.000000, -1.#QNAN0
2975.789036, 375.540882, 1.000000, -1.#QNAN0
2975.832828, 375.597052, 1.000000, -1.#QNAN0
2976.086614, 375.923267, 1.000000, -1.#QNAN0
2976.120238, 375.987165, 1.000000, -1.#QNAN0
2976.163316, 376.043884, 1.000000, -1.#QNAN0
2976.206393, 376.100603, 1.000000, -1.#QNAN0
2976.249471, 376.157322, 1.000000, -1.#QNAN0
2976.488918, 376.493644, 1.000000, -1.#QNAN0
2976.531287, 376.550894, 1.000000, -1.#QNAN0
2976.573656, 376.608144, 1.000000, -1.#QNAN0
2976.606483, 376.672456, 1.000000, -1.#QNAN0
2976.851344, 377.004002, 1.000000, -1.#QNAN0
2976.883383, 377.068710, 1.000000, -1.#QNAN0
2976.925050, 377.126473, 1.000000, -1.#QNAN0
2976.966717, 377.184236, 1.000000, -1.#QNAN0
2977.008384, 377.242000, 1.000000, -1.#QNAN0
2977.247319, 377.574455, 1.000000, -1.#QNAN0
2977.288375, 377.632654, 1.000000, -1.#QNAN0
2977.329431, 377.690853, 1.000000, -1.#QNAN0
2977.360787, 377.755895, 1.000000, -1.#QNAN0
2977.591953, 378.083840, 1.000000, -1.#QNAN0
2977.632700, 378.142256, 1.000000, -1.#QNAN0
2977.673446, 378.200672, 1.000000, -1.#QNAN0
2977.714193, 378.259088, 1.000000, -1.#QNAN0
2977.745203, 378.324295, 1.000000, -1.#QNAN0
2977.970063, 378.646664, 1.000000, -1.#QNAN0
2978.010810, 378.705080, 1.000000, -1.#QNAN0
2978.051556, 378.763496, 1.000000, -1.#QNAN0
2978.092303, 378.821913, 1.000000, -1.#QNAN0
2978.326898, 379.137490, 1.000000, -1.#QNAN0
2978.367645, 379.195906, 1.000000, -1.#QNAN0
2978.408391, 379.254322, 1.000000, -1.#QNAN0
2978.458874, 379.305947, 1.000000, -1.#QNAN0
2978.499620, 379.364363, 1.000000, -1.#QNAN0
2978.724480, 379.686732, 1.000000, -1.#QNAN0
2978.765226, 379.745148, 1.000000, -1.#QNAN0
2978.805973, 379.803564, 1.000000, -1.#QNAN0
2978.846719, 379.861980, 1.000000, -1.#QNAN0
2979.071579, 380.184349, 1.000000, -1.#QNAN0
2979.112326, 380.242765, 1.000000, -1.#QNAN0
2979.153072, 380.301181, 1.000000, -1.#QNAN0
2979.193819, 380.359597, 1.000000, -1.#QNAN0
2979.244301, 380.411222, 1.000000, -1.#QNAN0
2979.469161, 380.733591, 1.000000, -1.#QNAN0
2979.509907, 380.792007, 1.000000, -1.#QNAN0
2979.560390, 380.843632, 1.000000, -1.#QNAN0
2979.601136, 380.902048, 1.000000, -1.#QNAN0
2979.826727, 381.225465, 1.000000, -1.#QNAN0
2979.867473, 381.283881, 1.000000, -1.#QNAN0
2979.908220, 381.342297, 1.000000, -1.#QNAN0
2979.958703, 381.393922, 1.000000, -1.#QNAN0
2979.999449, 381.452338, 1.000000, -1.#QNAN0
2980.230006, 381.762126, 1.000000, -1.#QNAN0
2980.270753, 381.820542, 1.000000, -1.#QNAN0
2980.311499, 381.878958, 1.000000, -1.#QNAN0
2980.361982, 381.930583, 1.000000, -1.#QNAN0
2980.584888, 382.250151, 1.000000, -1.#QNAN0
2980.635370, 382.301776, 1.000000, -1.#QNAN0
2980.676117, 382.360192, 1.000000, -1.#QNAN0
2980.716863, 382.418608, 1.000000, -1.#QNAN0
2980.757610, 382.477024, 1.000000, -1.#QNAN0
2980.982665, 382.799672, 1.000000, -1.#QNAN0
2981.023411, 382.858089, 1.000000, -1.#QNAN0
2981.054422, 382.923296, 1.000000, -1.#QNAN0
2981.104904, 382.974921, 1.000000, -1.#QNAN0
2981.145651, 383.033337, 1.000000, -1.#QNAN0
2981.372917, 383.359156, 1.000000, -1.#QNAN0
2981.423399, 383.410780, 1.000000, -1.#QNAN0
2981.464146, 383.469197, 1.000000, -1.#QNAN0
2981.504893, 383.527613, 1.000000, -1.#QNAN0
2981.734430, 383.856688, 1.000000, -1.#QNAN0
2981.775177, 383.915104, 1.000000, -1.#QNAN0
2981.806187, 383.980311, 1.000000, -1.#QNAN0
2981.846934, 384.038727, 1.000000, -1.#QNAN0
2981.887680, 384.097143, 1.000000, -1.#QNAN0
2982.119550, 384.429562, 1.000000, -1.#QNAN0
2982.160296, 384.487978, 1.000000, -1.#QNAN0
2982.201043, 384.546394, 1.000000, -1.#QNAN0
2982.241789, 384.604810, 1.000000, -1.#QNAN0
2982.282536, 384.663226, 1.000000, -1.#QNAN0
2982.515905, 384.997795, 1.000000, -1.#QNAN0
2982.566388, 385.049420, 1.000000, -1.#QNAN0
2982.607134, 385.107836, 1.000000, -1.#QNAN0
2982.647881, 385.166252, 1.000000, -1.#QNAN0
2982.881250, 385.500821, 1.000000, -1.#QNAN0
2982.921997, 385.559237, 1.000000, -1.#QNAN0
2982.962743, 385.617653, 1.000000, -1.#QNAN0
2983.003490, 385.676069, 1.000000, -1.#QNAN0
2983.044236, 385.734485, 1.000000, -1.#QNAN0
2983.277605, 386.069053, 1.000000, -1.#QNAN0
2983.318352, 386.127469, 1.000000, -1.#QNAN0
2983.359098, 386.185885, 1.000000, -1.#QNAN0
2983.399845, 386.244301, 1.000000, -1.#QNAN0
2983.440591, 386.302717, 1.000000, -1.#QNAN0
2983.664225, 386.644077, 1.000000, -1.#QNAN0
2983.704971, 386.702494, 1.000000, -1.#QNAN0
2983.745718, 386.760910, 1.000000, -1.#QNAN0
2983.786465, 386.819326, 1.000000, -1.#QNAN0
2984.029570, 387.147103, 1.000000, -1.#QNAN0
2984.070316, 387.205519, 1.000000, -1.#QNAN0
2984.111063, 387.263935, 1.000000, -1.#QNAN0
2984.151809, 387.322351, 1.000000, -1.#QNAN0
2984.192556, 387.380767, 1.000000, -1.#QNAN0
2984.425925, 387.715336, 1.000000, -1.#QNAN0
2984.466671, 387.773752, 1.000000, -1.#QNAN0
2984.507418, 387.832168, 1.000000, -1.#QNAN0
2984.548164, 387.890584, 1.000000, -1.#QNAN0
2984.588911, 387.949000, 1.000000, -1.#QNAN0
2984.822280, 388.283569, 1.000000, -1.#QNAN0
2984.853291, 388.348776, 1.000000, -1.#QNAN0
2984.894037, 388.407192, 1.000000, -1.#QNAN0
2984.934784, 388.465608, 1.000000, -1.#QNAN0
2985.177889, 388.793385, 1.000000, -1.#QNAN0
2985.218636, 388.851801, 1.000000, -1.#QNAN0
2985.259382, 388.910217, 1.000000, -1.#QNAN0
2985.300129, 388.968633, 1.000000, -1.#QNAN0
2985.340875, 389.027050, 1.000000, -1.#QNAN0
2985.574244, 389.361618, 1.000000, -1.#QNAN0
2985.614991, 389.420034, 1.000000, -1.#QNAN0
2985.655737, 389.478450, 1.000000, -1.#QNAN0
2985.696484, 389.536866, 1.000000, -1.#QNAN0
2985.737231, 389.595282, 1.000000, -1.#QNAN0
2985.960864, 389.936642, 1.000000, -1.#QNAN0
2986.001610, 389.995058, 1.000000, -1.#QNAN0
2986.042357, 390.053474, 1.000000, -1.#QNAN0
2986.073368, 390.118681, 1.000000, -1.#QNAN0
2986.310818, 390.459129, 1.000000, -1.#QNAN0
2986.351305, 390.517725, 1.000000, -1.#QNAN0
2986.391792, 390.576321, 1.000000, -1.#QNAN0
2986.432280, 390.634917, 1.000000, -1.#QNAN0
2986.472767, 390.693513, 1.000000, -1.#QNAN0
2986.712086, 391.040321, 1.000000, -1.#QNAN0
2986.752084, 391.099252, 1.000000, -1.#QNAN0
2986.782259, 391.164850, 1.000000, -1.#QNAN0
2986.822257, 391.223781, 1.000000, -1.#QNAN0
2986.862254, 391.282713, 1.000000, -1.#QNAN0
2987.098684, 391.631894, 1.000000, -1.#QNAN0
2987.138173, 391.691167, 1.000000, -1.#QNAN0
2987.177663, 391.750440, 1.000000, -1.#QNAN0
2987.217152, 391.809713, 1.000000, -1.#QNAN0
2987.451004, 392.160831, 1.000000, -1.#QNAN0
2987.489976, 392.220445, 1.000000, -1.#QNAN0
2987.528948, 392.280060, 1.000000, -1.#QNAN0
2987.567920, 392.339674, 1.000000, -1.#QNAN0
2987.596956, 392.405784, 1.000000, -1.#QNAN0
2987.827670, 392.759204, 1.000000, -1.#QNAN0
2987.866111, 392.819162, 1.000000, -1.#QNAN0
2987.894558, 392.885528, 1.000000, -1.#QNAN0
2987.932998, 392.945487, 1.000000, -1.#QNAN0
2987.971439, 393.005446, 1.000000, -1.#QNAN0
2988.198877, 393.361115, 1.000000, -1.#QNAN0
2988.236774, 393.421418, 1.000000, -1.#QNAN0
2988.274672, 393.481722, 1.000000, -1.#QNAN0
2988.312569, 393.542025, 1.000000, -1.#QNAN0
2988.536938, 393.899162, 1.000000, -1.#QNAN0
2988.574304, 393.959795, 1.000000, -1.#QNAN0
2988.601565, 394.026657, 1.000000, -1.#QNAN0
2988.638932, 394.087290, 1.000000, -1.#QNAN0
2988.676299, 394.147924, 1.000000, -1.#QNAN0
2988.893317, 394.500262, 1.000000, -1.#QNAN0
2988.930455, 394.561036, 1.000000, -1.#QNAN0
2988.967594, 394.621810, 1.000000, -1.#QNAN0
2989.004732, 394.682583, 1.000000, -1.#QNAN0
2989.041871, 394.743357, 1.000000, -1.#QNAN0
2989.264703, 395.085238, 1.000000, -1.#QNAN0
2989.301841, 395.146012, 1.000000, -1.#QNAN0
2989.338980, 395.206785, 1.000000, -1.#QNAN0
2989.376118, 395.267559, 1.000000, -1.#QNAN0
2989.588821, 395.615629, 1.000000, -1.#QNAN0
2989.625959, 395.676403, 1.000000, -1.#QNAN0
2989.663098, 395.737176, 1.000000, -1.#QNAN0
2989.700236, 395.797950, 1.000000, -1.#QNAN0
2989.737374, 395.858724, 1.000000, -1.#QNAN0
2989.950077, 396.206794, 1.000000, -1.#QNAN0
2989.997345, 396.261378, 1.000000, -1.#QNAN0
2990.034483, 396.322152, 1.000000, -1.#QNAN0
2990.071621, 396.382925, 1.000000, -1.#QNAN0
2990.108760, 396.443699, 1.000000, -1.#QNAN0
2990.321463, 396.791769, 1.000000, -1.#QNAN0
2990.358601, 396.852543, 1.000000, -1.#QNAN0
2990.395740, 396.913317, 1.000000, -1.#QNAN0
2990.432878, 396.974091, 1.000000, -1.#QNAN0
2990.645581, 397.322161, 1.000000, -1.#QNAN0
2990.672590, 397.389124, 1.000000, -1.#QNAN0
2990.709729, 397.449898, 1.000000, -1.#QNAN0
2990.746867, 397.510672, 1.000000, -1.#QNAN0
2990.784006, 397.571446, 1.000000, -1.#QNAN0
2990.995904, 397.918198, 1.000000, -1.#QNAN0
2991.033042, 397.978972, 1.000000, -1.#QNAN0
2991.070180, 398.039745, 1.000000, -1.#QNAN0
2991.107319, 398.100519, 1.000000, -1.#QNAN0
2991.144457, 398.161293, 1.000000, -1.#QNAN0
2991.365040, 398.499493, 1.000000, -1.#QNAN0
2991.402178, 398.560266, 1.000000, -1.#QNAN0
2991.439317, 398.621040, 1.000000, -1.#QNAN0
2991.466326, 398.688004, 1.000000, -1.#QNAN0
2991.675360, 399.030070, 1.000000, -1.#QNAN0
2991.712499, 399.090844, 1.000000, -1.#QNAN0
2991.749637, 399.151617, 1.000000, -1.#QNAN0
2991.786775, 399.212391, 1.000000, -1.#QNAN0
2991.834043, 399.266975, 1.000000, -1.#QNAN0
2992.041683, 399.606760, 1.000000, -1.#QNAN0
2992.078821, 399.667534, 1.000000, -1.#QNAN0
2992.115960, 399.728308, 1.000000, -1.#QNAN0
2992.163227, 399.782892, 1.000000, -1.#QNAN0
2992.200366, 399.843666, 1.000000, -1.#QNAN0
2992.406638, 400.181212, 1.000000, -1.#QNAN0
2992.443776, 400.241986, 1.000000, -1.#QNAN0
2992.480915, 400.302760, 1.000000, -1.#QNAN0
2992.518053, 400.363534, 1.000000, -1.#QNAN0
2992.722983, 400.698884, 1.000000, -1.#QNAN0
2992.760121, 400.759658, 1.000000, -1.#QNAN0
2992.797260, 400.820431, 1.000000, -1.#QNAN0
2992.834398, 400.881205, 1.000000, -1.#QNAN0
2992.871537, 400.941979, 1.000000, -1.#QNAN0
2993.075150, 401.275176, 1.000000, -1.#QNAN0
2993.112289, 401.335949, 1.000000, -1.#QNAN0
2993.149427, 401.396723, 1.000000, -1.#QNAN0
2993.186566, 401.457497, 1.000000, -1.#QNAN0
2993.223704, 401.518271, 1.000000, -1.#QNAN0
2993.426735, 401.850513, 1.000000, -1.#QNAN0
2993.463874, 401.911287, 1.000000, -1.#QNAN0
2993.501012, 401.972061, 1.000000, -1.#QNAN0
2993.538150, 402.032835, 1.000000, -1.#QNAN0
2993.741181, 402.365077, 1.000000, -1.#QNAN0
2993.778319, 402.425850, 1.000000, -1.#QNAN0
2993.815458, 402.486624, 1.000000, -1.#QNAN0
2993.852596, 402.547398, 1.000000, -1.#QNAN0
2993.889735, 402.608172, 1.000000, -1.#QNAN0
2994.092765, 402.940414, 1.000000, -1.#QNAN0
2994.129904, 403.001188, 1.000000, -1.#QNAN0
2994.167042, 403.061961, 1.000000, -1.#QNAN0
2994.204180, 403.122735, 1.000000, -1.#QNAN0
2994.241319, 403.183509, 1.000000, -1.#QNAN0
2994.444350, 403.515752, 1.000000, -1.#QNAN0
2994.481488, 403.576525, 1.000000, -1.#QNAN0
2994.518627, 403.637299, 1.000000, -1.#QNAN0
2994.555765, 403.698073, 1.000000, -1.#QNAN0
2994.758796, 404.030315, 1.000000, -1.#QNAN0
2994.785805, 404.097278, 1.000000, -1.#QNAN0
2994.822943, 404.158052, 1.000000, -1.#QNAN0
2994.860082, 404.218826, 1.000000, -1.#QNAN0
2994.897220, 404.279600, 1.000000, -1.#QNAN0
2995.110380, 404.605652, 1.000000, -1.#QNAN0
2995.147518, 404.666426, 1.000000, -1.#QNAN0
2995.184657, 404.727200, 1.000000, -1.#QNAN0
2995.221795, 404.787974, 1.000000, -1.#QNAN0
2995.248805, 404.854937, 1.000000, -1.#QNAN0
2995.451835, 405.187180, 1.000000, -1.#QNAN0
2995.478845, 405.254143, 1.000000, -1.#QNAN0
2995.515983, 405.314917, 1.000000, -1.#QNAN0
2995.553122, 405.375691, 1.000000, -1.#QNAN0
2995.756152, 405.707933, 1.000000, -1.#QNAN0
2995.793291, 405.768706, 1.000000, -1.#QNAN0
2995.820300, 405.835670, 1.000000, -1.#QNAN0
2995.857439, 405.896444, 1.000000, -1.#QNAN0
2995.894577, 405.957218, 1.000000, -1.#QNAN0
2996.098378, 406.290766, 1.000000, -1.#QNAN0
2996.145593, 406.345396, 1.000000, -1.#QNAN0
2996.182672, 406.406205, 1.000000, -1.#QNAN0
2996.219752, 406.467015, 1.000000, -1.#QNAN0
2996.256831, 406.527825, 1.000000, -1.#QNAN0
2996.464112, 406.868349, 1.000000, -1.#QNAN0
2996.500833, 406.929376, 1.000000, -1.#QNAN0
2996.537555, 406.990403, 1.000000, -1.#QNAN0
2996.574276, 407.051430, 1.000000, -1.#QNAN0
2996.784782, 407.401491, 1.000000, -1.#QNAN0
2996.820761, 407.462958, 1.000000, -1.#QNAN0
2996.856740, 407.524425, 1.000000, -1.#QNAN0
2996.892720, 407.585892, 1.000000, -1.#QNAN0
2996.928699, 407.647359, 1.000000, -1.#QNAN0
2997.134764, 408.000204, 1.000000, -1.#QNAN0
2997.169991, 408.062106, 1.000000, -1.#QNAN0
2997.205218, 408.124007, 1.000000, -1.#QNAN0
2997.240445, 408.185908, 1.000000, -1.#QNAN0
2997.275672, 408.247810, 1.000000, -1.#QNAN0
2997.477222, 408.603395, 1.000000, -1.#QNAN0
2997.511686, 408.665724, 1.000000, -1.#QNAN0
2997.546151, 408.728053, 1.000000, -1.#QNAN0
2997.580615, 408.790382, 1.000000, -1.#QNAN0
2997.778351, 409.148238, 1.000000, -1.#QNAN0
2997.822502, 409.205372, 1.000000, -1.#QNAN0
2997.856194, 409.268122, 1.000000, -1.#QNAN0
2997.889886, 409.330872, 1.000000, -1.#QNAN0
2997.923578, 409.393622, 1.000000, -1.#QNAN0
2998.127265, 409.748772, 1.000000, -1.#QNAN0
2998.160176, 409.811936, 1.000000, -1.#QNAN0
2998.193086, 409.875100, 1.000000, -1.#QNAN0
2998.225996, 409.938263, 1.000000, -1.#QNAN0
2998.258906, 410.001427, 1.000000, -1.#QNAN0
2998.446628, 410.363103, 1.000000, -1.#QNAN0
2998.478821, 410.426635, 1.000000, -1.#QNAN0
2998.511014, 410.490168, 1.000000, -1.#QNAN0
2998.543207, 410.553700, 1.000000, -1.#QNAN0
2998.723426, 410.909418, 1.000000, -1.#QNAN0
2998.755245, 410.973138, 1.000000, -1.#QNAN0
2998.797685, 411.031555, 1.000000, -1.#QNAN0
2998.829504, 411.095275, 1.000000, -1.#QNAN0
2998.861324, 411.158995, 1.000000, -1.#QNAN0
2999.045894, 411.502037, 1.000000, -1.#QNAN0
2999.077714, 411.565757, 1.000000, -1.#QNAN0
2999.109533, 411.629477, 1.000000, -1.#QNAN0
2999.141353, 411.693197, 1.000000, -1.#QNAN0
2999.173172, 411.756917, 1.000000, -1.#QNAN0
2999.347123, 412.105263, 1.000000, -1.#QNAN0
2999.378943, 412.168983, 1.000000, -1.#QNAN0
2999.410762, 412.232703, 1.000000, -1.#QNAN0
2999.442581, 412.296423, 1.000000, -1.#QNAN0
2999.616532, 412.644769, 1.000000, -1.#QNAN0
2999.648352, 412.708489, 1.000000, -1.#QNAN0
2999.680171, 412.772209, 1.000000, -1.#QNAN0
2999.711991, 412.835929, 1.000000, -1.#QNAN0
2999.743810, 412.899649, 1.000000, -1.#QNAN0
2999.917761, 413.247994, 1.000000, -1.#QNAN0
2999.960200, 413.306411, 1.000000, -1.#QNAN0
2999.981400, 413.375434, 1.000000, -1.#QNAN0
3000.013219, 413.439154, 1.000000, -1.#QNAN0
3000.034418, 413.508178, 1.000000, -1.#QNAN0
3000.208370, 413.856524, 1.000000, -1.#QNAN0
3000.229569, 413.925547, 1.000000, -1.#QNAN0
3000.261388, 413.989267, 1.000000, -1.#QNAN0
3000.293208, 414.052987, 1.000000, -1.#QNAN0
3000.456342, 414.406242, 1.000000, -1.#QNAN0
3000.488161, 414.469962, 1.000000, -1.#QNAN0
3000.519981, 414.533682, 1.000000, -1.#QNAN0
3000.551800, 414.597402, 1.000000, -1.#QNAN0
3000.583619, 414.661122, 1.000000, -1.#QNAN0
3000.756671, 415.007666, 1.000000, -1.#QNAN0
3000.777870, 415.076690, 1.000000, -1.#QNAN0
3000.809690, 415.140410, 1.000000, -1.#QNAN0
3000.841509, 415.204130, 1.000000, -1.#QNAN0
3000.873329, 415.267850, 1.000000, -1.#QNAN0
3001.035100, 415.618376, 1.000000, -1.#QNAN0
3001.066920, 415.682096, 1.000000, -1.#QNAN0
3001.088119, 415.751119, 1.000000, -1.#QNAN0
3001.119939, 415.814839, 1.000000, -1.#QNAN0
3001.297016, 416.169445, 1.000000, -1.#QNAN0
3001.328835, 416.233165, 1.000000, -1.#QNAN0
3001.360655, 416.296885, 1.000000, -1.#QNAN0
3001.392474, 416.360605, 1.000000, -1.#QNAN0
3001.424293, 416.424326, 1.000000, -1.#QNAN0
3001.600796, 416.777781, 1.000000, -1.#QNAN0
3001.632615, 416.841501, 1.000000, -1.#QNAN0
3001.653815, 416.910524, 1.000000, -1.#QNAN0
3001.696254, 416.968941, 1.000000, -1.#QNAN0
3001.872225, 417.321333, 1.000000, -1.#QNAN0
3001.904045, 417.385053, 1.000000, -1.#QNAN0
3001.935864, 417.448773, 1.000000, -1.#QNAN0
3001.967684, 417.512493, 1.000000, -1.#QNAN0
3001.999503, 417.576213, 1.000000, -1.#QNAN0
3002.164366, 417.932930, 1.000000, -1.#QNAN0
3002.196186, 417.996650, 1.000000, -1.#QNAN0
3002.228005, 418.060370, 1.000000, -1.#QNAN0
3002.259824, 418.124090, 1.000000, -1.#QNAN0
3002.434979, 418.474845, 1.000000, -1.#QNAN0
3002.466798, 418.538565, 1.000000, -1.#QNAN0
3002.498617, 418.602285, 1.000000, -1.#QNAN0
3002.530437, 418.666005, 1.000000, -1.#QNAN0
3002.572876, 418.724422, 1.000000, -1.#QNAN0
3002.748031, 419.075178, 1.000000, -1.#QNAN0
3002.779850, 419.138898, 1.000000, -1.#QNAN0
3002.811670, 419.202618, 1.000000, -1.#QNAN0
3002.843489, 419.266338, 1.000000, -1.#QNAN0
3003.018643, 419.617093, 1.000000, -1.#QNAN0
3003.039843, 419.686117, 1.000000, -1.#QNAN0
3003.071662, 419.749837, 1.000000, -1.#QNAN0
3003.103482, 419.813557, 1.000000, -1.#QNAN0
3003.135301, 419.877277, 1.000000, -1.#QNAN0
3003.310455, 420.228032, 1.000000, -1.#QNAN0
3003.342275, 420.291752, 1.000000, -1.#QNAN0
3003.363474, 420.360775, 1.000000, -1.#QNAN0
3003.395293, 420.424496, 1.000000, -1.#QNAN0
3003.570448, 420.775251, 1.000000, -1.#QNAN0
3003.602267, 420.838971, 1.000000, -1.#QNAN0
3003.634087, 420.902692, 1.000000, -1.#QNAN0
3003.655286, 420.971715, 1.000000, -1.#QNAN0
3003.687106, 421.035435, 1.000000, -1.#QNAN0
3003.862260, 421.386190, 1.000000, -1.#QNAN0
3003.883459, 421.455213, 1.000000, -1.#QNAN0
3003.915279, 421.518933, 1.000000, -1.#QNAN0
3003.947098, 421.582654, 1.000000, -1.#QNAN0
3004.111632, 421.938712, 1.000000, -1.#QNAN0
3004.143452, 422.002432, 1.000000, -1.#QNAN0
3004.175271, 422.066152, 1.000000, -1.#QNAN0
3004.207091, 422.129872, 1.000000, -1.#QNAN0
3004.228290, 422.198895, 1.000000, -1.#QNAN0
3004.403445, 422.549651, 1.000000, -1.#QNAN0
3004.435264, 422.613371, 1.000000, -1.#QNAN0
3004.467083, 422.677091, 1.000000, -1.#QNAN0
3004.498903, 422.740811, 1.000000, -1.#QNAN0
3004.663437, 423.096870, 1.000000, -1.#QNAN0
3004.695256, 423.160590, 1.000000, -1.#QNAN0
3004.727076, 423.224310, 1.000000, -1.#QNAN0
3004.748275, 423.293333, 1.000000, -1.#QNAN0
3004.780095, 423.357053, 1.000000, -1.#QNAN0
3004.957222, 423.712123, 1.000000, -1.#QNAN0
3004.988835, 423.775946, 1.000000, -1.#QNAN0
3005.020447, 423.839769, 1.000000, -1.#QNAN0
3005.052059, 423.903592, 1.000000, -1.#QNAN0
3005.230989, 424.265146, 1.000000, -1.#QNAN0
3005.262104, 424.329213, 1.000000, -1.#QNAN0
3005.293219, 424.393280, 1.000000, -1.#QNAN0
3005.313657, 424.462532, 1.000000, -1.#QNAN0
3005.344772, 424.526599, 1.000000, -1.#QNAN0
3005.521193, 424.890944, 1.000000, -1.#QNAN0
3005.551743, 424.955282, 1.000000, -1.#QNAN0
3005.582292, 425.019621, 1.000000, -1.#QNAN0
3005.612841, 425.083960, 1.000000, -1.#QNAN0
3005.786340, 425.449735, 1.000000, -1.#QNAN0
3005.816320, 425.514341, 1.000000, -1.#QNAN0
3005.846300, 425.578947, 1.000000, -1.#QNAN0
3005.876280, 425.643553, 1.000000, -1.#QNAN0
3005.906260, 425.708159, 1.000000, -1.#QNAN0
3006.076246, 426.075607, 1.000000, -1.#QNAN0
3006.105653, 426.140475, 1.000000, -1.#QNAN0
3006.135060, 426.205344, 1.000000, -1.#QNAN0
3006.164467, 426.270212, 1.000000, -1.#QNAN0
3006.331491, 426.639039, 1.000000, -1.#QNAN0
3006.371177, 426.699361, 1.000000, -1.#QNAN0
3006.400008, 426.764488, 1.000000, -1.#QNAN0
3006.417984, 426.834420, 1.000000, -1.#QNAN0
3006.446815, 426.899546, 1.000000, -1.#QNAN0
3006.610281, 427.269982, 1.000000, -1.#QNAN0
3006.638533, 427.335362, 1.000000, -1.#QNAN0
3006.655889, 427.405451, 1.000000, -1.#QNAN0
3006.684141, 427.470831, 1.000000, -1.#QNAN0
3006.853622, 427.833334, 1.000000, -1.#QNAN0
3006.881515, 427.898868, 1.000000, -1.#QNAN0
3006.920330, 427.959753, 1.000000, -1.#QNAN0
3006.948223, 428.025287, 1.000000, -1.#QNAN0
3006.965193, 428.095470, 1.000000, -1.#QNAN0
3007.119249, 428.457544, 1.000000, -1.#QNAN0
3007.147077, 428.523105, 1.000000, -1.#QNAN0
3007.174905, 428.588667, 1.000000, -1.#QNAN0
3007.202734, 428.654228, 1.000000, -1.#QNAN0
3007.355916, 429.015118, 1.000000, -1.#QNAN0
3007.383744, 429.080680, 1.000000, -1.#QNAN0
3007.411573, 429.146241, 1.000000, -1.#QNAN0
3007.439401, 429.211803, 1.000000, -1.#QNAN0
3007.467229, 429.277364, 1.000000, -1.#QNAN0
3007.620412, 429.638255, 1.000000, -1.#QNAN0
3007.648240, 429.703816, 1.000000, -1.#QNAN0
3007.676068, 429.769378, 1.000000, -1.#QNAN0
3007.703896, 429.834939, 1.000000, -1.#QNAN0
3007.857079, 430.195829, 1.000000, -1.#QNAN0
3007.895834, 430.256753, 1.000000, -1.#QNAN0
3007.923662, 430.322314, 1.000000, -1.#QNAN0
3007.951491, 430.387876, 1.000000, -1.#QNAN0
3007.979319, 430.453437, 1.000000, -1.#QNAN0
3008.143428, 430.809689, 1.000000, -1.#QNAN0
3008.171257, 430.875251, 1.000000, -1.#QNAN0
3008.199085, 430.940812, 1.000000, -1.#QNAN0
3008.226913, 431.006374, 1.000000, -1.#QNAN0
3008.380096, 431.367264, 1.000000, -1.#QNAN0
3008.407924, 431.432826, 1.000000, -1.#QNAN0
3008.435752, 431.498387, 1.000000, -1.#QNAN0
3008.463580, 431.563949, 1.000000, -1.#QNAN0
3008.502335, 431.624872, 1.000000, -1.#QNAN0
3008.655352, 431.985370, 1.000000, -1.#QNAN0
3008.683180, 432.050931, 1.000000, -1.#QNAN0
3008.711008, 432.116493, 1.000000, -1.#QNAN0
3008.738836, 432.182054, 1.000000, -1.#QNAN0
3008.891656, 432.542089, 1.000000, -1.#QNAN0
3008.919484, 432.607651, 1.000000, -1.#QNAN0
3008.947312, 432.673212, 1.000000, -1.#QNAN0
3008.975140, 432.738774, 1.000000, -1.#QNAN0
3009.002968, 432.804335, 1.000000, -1.#QNAN0
3009.155612, 433.163954, 1.000000, -1.#QNAN0
3009.194367, 433.224877, 1.000000, -1.#QNAN0
3009.222195, 433.290439, 1.000000, -1.#QNAN0
3009.250023, 433.356000, 1.000000, -1.#QNAN0
3009.402508, 433.715247, 1.000000, -1.#QNAN0
3009.430336, 433.780808, 1.000000, -1.#QNAN0
3009.458164, 433.846370, 1.000000, -1.#QNAN0
3009.485993, 433.911932, 1.000000, -1.#QNAN0
3009.513821, 433.977493, 1.000000, -1.#QNAN0
3009.666168, 434.336414, 1.000000, -1.#QNAN0
3009.693996, 434.401976, 1.000000, -1.#QNAN0
3009.721824, 434.467537, 1.000000, -1.#QNAN0
3009.749652, 434.533099, 1.000000, -1.#QNAN0
3009.912808, 434.887103, 1.000000, -1.#QNAN0
3009.940636, 434.952665, 1.000000, -1.#QNAN0
3009.968464, 435.018226, 1.000000, -1.#QNAN0
3010.007219, 435.079150, 1.000000, -1.#QNAN0
3010.035048, 435.144711, 1.000000, -1.#QNAN0
3010.187177, 435.503119, 1.000000, -1.#QNAN0
3010.215005, 435.568681, 1.000000, -1.#QNAN0
3010.242833, 435.634242, 1.000000, -1.#QNAN0
3010.270661, 435.699804, 1.000000, -1.#QNAN0
3010.433699, 436.053529, 1.000000, -1.#QNAN0
3010.461527, 436.119090, 1.000000, -1.#QNAN0
3010.489355, 436.184652, 1.000000, -1.#QNAN0
3010.517183, 436.250213, 1.000000, -1.#QNAN0
3010.545011, 436.315775, 1.000000, -1.#QNAN0
3010.708048, 436.669501, 1.000000, -1.#QNAN0
3010.735877, 436.735062, 1.000000, -1.#QNAN0
3010.763705, 436.800624, 1.000000, -1.#QNAN0
3010.791533, 436.866185, 1.000000, -1.#QNAN0
3010.954570, 437.219910, 1.000000, -1.#QNAN0
3010.982398, 437.285472, 1.000000, -1.#QNAN0
3011.010226, 437.351033, 1.000000, -1.#QNAN0
3011.038054, 437.416595, 1.000000, -1.#QNAN0
3011.076810, 437.477518, 1.000000, -1.#QNAN0
3011.228920, 437.835881, 1.000000, -1.#QNAN0
3011.256748, 437.901443, 1.000000, -1.#QNAN0
3011.284576, 437.967004, 1.000000, -1.#QNAN0
3011.323331, 438.027928, 1.000000, -1.#QNAN0
3011.475442, 438.386291, 1.000000, -1.#QNAN0
3011.503270, 438.451853, 1.000000, -1.#QNAN0
3011.542025, 438.512776, 1.000000, -1.#QNAN0
3011.569853, 438.578338, 1.000000, -1.#QNAN0
3011.597681, 438.643899, 1.000000, -1.#QNAN0
3011.749791, 439.002262, 1.000000, -1.#QNAN0
3011.788546, 439.063186, 1.000000, -1.#QNAN0
3011.816374, 439.128747, 1.000000, -1.#QNAN0
3011.844203, 439.194309, 1.000000, -1.#QNAN0
3012.007240, 439.548034, 1.000000, -1.#QNAN0
3012.035068, 439.613595, 1.000000, -1.#QNAN0
3012.073823, 439.674519, 1.000000, -1.#QNAN0
3012.101651, 439.740080, 1.000000, -1.#QNAN0
3012.129479, 439.805642, 1.000000, -1.#QNAN0
3012.281590, 440.164005, 1.000000, -1.#QNAN0
3012.320345, 440.224929, 1.000000, -1.#QNAN0
3012.348173, 440.290490, 1.000000, -1.#QNAN0
3012.376001, 440.356052, 1.000000, -1.#QNAN0
3012.528111, 440.714415, 1.000000, -1.#QNAN0
3012.566866, 440.775338, 1.000000, -1.#QNAN0
3012.594694, 440.840900, 1.000000, -1.#QNAN0
3012.622523, 440.906461, 1.000000, -1.#QNAN0
3012.650351, 440.972023, 1.000000, -1.#QNAN0
3012.803266, 441.332448, 1.000000, -1.#QNAN0
3012.831006, 441.398047, 1.000000, -1.#QNAN0
3012.858746, 441.463646, 1.000000, -1.#QNAN0
3012.886486, 441.529245, 1.000000, -1.#QNAN0
3013.051549, 441.889255, 1.000000, -1.#QNAN0
3013.079030, 441.954962, 1.000000, -1.#QNAN0
3013.106511, 442.020670, 1.000000, -1.#QNAN0
3013.133992, 442.086378, 1.000000, -1.#QNAN0
3013.161473, 442.152086, 1.000000, -1.#QNAN0
3013.325715, 442.514719, 1.000000, -1.#QNAN0
3013.352857, 442.580568, 1.000000, -1.#QNAN0
3013.380000, 442.646416, 1.000000, -1.#QNAN0
3013.407142, 442.712265, 1.000000, -1.#QNAN0
3013.558644, 443.080029, 1.000000, -1.#QNAN0
3013.585454, 443.146013, 1.000000, -1.#QNAN0
3013.612264, 443.211998, 1.000000, -1.#QNAN0
3013.639074, 443.277982, 1.000000, -1.#QNAN0
3013.665883, 443.343967, 1.000000, -1.#QNAN0
3013.815303, 443.712396, 1.000000, -1.#QNAN0
3013.841786, 443.778512, 1.000000, -1.#QNAN0
3013.868270, 443.844628, 1.000000, -1.#QNAN0
3013.905773, 443.906330, 1.000000, -1.#QNAN0
3014.053493, 444.275323, 1.000000, -1.#QNAN0
3014.079657, 444.341567, 1.000000, -1.#QNAN0
3014.116861, 444.403450, 1.000000, -1.#QNAN0
3014.143024, 444.469693, 1.000000, -1.#QNAN0
3014.169187, 444.535937, 1.000000, -1.#QNAN0
3014.314925, 444.905599, 1.000000, -1.#QNAN0
3014.340774, 444.971966, 1.000000, -1.#QNAN0
3014.366622, 445.038333, 1.000000, -1.#QNAN0
3014.403532, 445.100392, 1.000000, -1.#QNAN0
3014.558217, 445.464996, 1.000000, -1.#QNAN0
3014.583812, 445.531462, 1.000000, -1.#QNAN0
3014.609408, 445.597927, 1.000000, -1.#QNAN0
3014.646080, 445.660126, 1.000000, -1.#QNAN0
3014.671675, 445.726591, 1.000000, -1.#QNAN0
3014.812513, 446.092539, 1.000000, -1.#QNAN0
3014.838001, 446.159045, 1.000000, -1.#QNAN0
3014.863488, 446.225552, 1.000000, -1.#QNAN0
3014.888975, 446.292058, 1.000000, -1.#QNAN0
3015.039375, 446.651337, 1.000000, -1.#QNAN0
3015.064862, 446.717844, 1.000000, -1.#QNAN0
3015.090350, 446.784350, 1.000000, -1.#QNAN0
3015.115837, 446.850857, 1.000000, -1.#QNAN0
3015.152409, 446.913115, 1.000000, -1.#QNAN0
3015.291725, 447.276643, 1.000000, -1.#QNAN0
3015.317212, 447.343149, 1.000000, -1.#QNAN0
3015.342699, 447.409656, 1.000000, -1.#QNAN0
3015.368187, 447.476162, 1.000000, -1.#QNAN0
3015.507502, 447.839689, 1.000000, -1.#QNAN0
3015.532989, 447.906196, 1.000000, -1.#QNAN0
3015.558477, 447.972702, 1.000000, -1.#QNAN0
3015.583964, 448.039209, 1.000000, -1.#QNAN0
3015.620536, 448.101467, 1.000000, -1.#QNAN0
3015.759851, 448.464994, 1.000000, -1.#QNAN0
3015.785339, 448.531501, 1.000000, -1.#QNAN0
3015.810826, 448.598007, 1.000000, -1.#QNAN0
3015.836313, 448.664514, 1.000000, -1.#QNAN0
3015.975629, 449.028041, 1.000000, -1.#QNAN0
3016.001116, 449.094548, 1.000000, -1.#QNAN0
3016.026604, 449.161054, 1.000000, -1.#QNAN0
3016.052091, 449.227561, 1.000000, -1.#QNAN0
3016.077578, 449.294067, 1.000000, -1.#QNAN0
3016.217657, 449.659586, 1.000000, -1.#QNAN0
3016.243145, 449.726093, 1.000000, -1.#QNAN0
3016.268632, 449.792599, 1.000000, -1.#QNAN0
3016.294119, 449.859106, 1.000000, -1.#QNAN0
3016.435794, 450.228788, 1.000000, -1.#QNAN0
3016.461281, 450.295295, 1.000000, -1.#QNAN0
3016.486768, 450.361801, 1.000000, -1.#QNAN0
3016.512256, 450.428308, 1.000000, -1.#QNAN0
3016.537743, 450.494814, 1.000000, -1.#QNAN0
3016.676771, 450.857592, 1.000000, -1.#QNAN0
3016.702259, 450.924099, 1.000000, -1.#QNAN0
3016.727746, 450.990605, 1.000000, -1.#QNAN0
3016.753234, 451.057112, 1.000000, -1.#QNAN0
3016.789805, 451.119370, 1.000000, -1.#QNAN0
3016.930441, 451.486343, 1.000000, -1.#QNAN0
3016.955929, 451.552850, 1.000000, -1.#QNAN0
3016.981416, 451.619356, 1.000000, -1.#QNAN0
3017.006903, 451.685862, 1.000000, -1.#QNAN0
3017.149153, 452.057046, 1.000000, -1.#QNAN0
3017.174640, 452.123553, 1.000000, -1.#QNAN0
3017.200128, 452.190059, 1.000000, -1.#QNAN0
3017.225615, 452.256566, 1.000000, -1.#QNAN0
3017.251103, 452.323072, 1.000000, -1.#QNAN0
3017.406056, 452.694235, 1.000000, -1.#QNAN0
3017.431544, 452.760742, 1.000000, -1.#QNAN0
3017.457031, 452.827248, 1.000000, -1.#QNAN0
3017.482519, 452.893755, 1.000000, -1.#QNAN0
3017.508006, 452.960261, 1.000000, -1.#QNAN0
3017.664585, 453.335665, 1.000000, -1.#QNAN0
3017.690073, 453.402171, 1.000000, -1.#QNAN0
3017.715560, 453.468678, 1.000000, -1.#QNAN0
3017.741047, 453.535184, 1.000000, -1.#QNAN0
3017.898474, 453.912800, 1.000000, -1.#QNAN0
3017.923961, 453.979306, 1.000000, -1.#QNAN0
3017.949449, 454.045813, 1.000000, -1.#QNAN0
3017.974936, 454.112319, 1.000000, -1.#QNAN0
3018.011508, 454.174578, 1.000000, -1.#QNAN0
3018.157851, 454.556441, 1.000000, -1.#QNAN0
3018.183338, 454.622948, 1.000000, -1.#QNAN0
3018.208825, 454.689454, 1.000000, -1.#QNAN0
3018.234313, 454.755961, 1.000000, -1.#QNAN0
3018.259800, 454.822467, 1.000000, -1.#QNAN0
3018.417227, 455.200082, 1.000000, -1.#QNAN0
3018.442714, 455.266589, 1.000000, -1.#QNAN0
3018.468202, 455.333095, 1.000000, -1.#QNAN0
3018.504773, 455.395354, 1.000000, -1.#QNAN0
3018.651116, 455.777217, 1.000000, -1.#QNAN0
3018.687687, 455.839476, 1.000000, -1.#QNAN0
3018.713175, 455.905982, 1.000000, -1.#QNAN0
3018.738662, 455.972489, 1.000000, -1.#QNAN0
3018.764150, 456.038995, 1.000000, -1.#QNAN0
3018.910492, 456.420859, 1.000000, -1.#QNAN0
3018.935979, 456.487365, 1.000000, -1.#QNAN0
3018.961467, 456.553872, 1.000000, -1.#QNAN0
3018.998039, 456.616130, 1.000000, -1.#QNAN0
3019.023526, 456.682637, 1.000000, -1.#QNAN0
3019.180953, 457.060252, 1.000000, -1.#QNAN0
3019.206440, 457.126758, 1.000000, -1.#QNAN0
3019.231927, 457.193265, 1.000000, -1.#QNAN0
3019.257415, 457.259771, 1.000000, -1.#QNAN0
3019.403757, 457.641634, 1.000000, -1.#QNAN0
3019.440329, 457.703893, 1.000000, -1.#QNAN0
3019.465816, 457.770399, 1.000000, -1.#QNAN0
3019.502388, 457.832658, 1.000000, -1.#QNAN0
3019.527875, 457.899165, 1.000000, -1.#QNAN0
3019.674218, 458.281028, 1.000000, -1.#QNAN0
3019.710790, 458.343287, 1.000000, -1.#QNAN0
3019.736277, 458.409793, 1.000000, -1.#QNAN0
3019.761764, 458.476300, 1.000000, -1.#QNAN0
3019.787252, 458.542806, 1.000000, -1.#QNAN0
3019.933594, 458.924669, 1.000000, -1.#QNAN0
3019.959081, 458.991176, 1.000000, -1.#QNAN0
3019.984569, 459.057682, 1.000000, -1.#QNAN0
3020.010056, 459.124189, 1.000000, -1.#QNAN0
3020.167483, 459.501804, 1.000000, -1.#QNAN0
3020.192970, 459.568310, 1.000000, -1.#QNAN0
3020.218458, 459.634817, 1.000000, -1.#QNAN0
3020.243945, 459.701323, 1.000000, -1.#QNAN0
3020.269433, 459.767830, 1.000000, -1.#QNAN0
3020.426859, 460.145446, 1.000000, -1.#QNAN0
3020.452347, 460.211952, 1.000000, -1.#QNAN0
3020.477834, 460.278459, 1.000000, -1.#QNAN0
3020.503322, 460.344965, 1.000000, -1.#QNAN0
3020.528809, 460.411472, 1.000000, -1.#QNAN0
3020.677821, 460.801045, 1.000000, -1.#QNAN0
3020.703030, 460.867658, 1.000000, -1.#QNAN0
3020.739341, 460.930069, 1.000000, -1.#QNAN0
3020.764549, 460.996682, 1.000000, -1.#QNAN0
3020.912766, 461.388585, 1.000000, -1.#QNAN0
3020.948756, 461.451182, 1.000000, -1.#QNAN0
3020.973623, 461.517923, 1.000000, -1.#QNAN0
3020.998489, 461.584664, 1.000000, -1.#QNAN0
3021.023355, 461.651405, 1.000000, -1.#QNAN0
3021.169563, 462.044443, 1.000000, -1.#QNAN0
3021.194077, 462.111315, 1.000000, -1.#QNAN0
3021.218590, 462.178186, 1.000000, -1.#QNAN0
3021.243104, 462.245058, 1.000000, -1.#QNAN0
3021.278763, 462.307844, 1.000000, -1.#QNAN0
3021.422889, 462.702035, 1.000000, -1.#QNAN0
3021.458207, 462.765014, 1.000000, -1.#QNAN0
3021.482356, 462.832017, 1.000000, -1.#QNAN0
3021.506506, 462.899021, 1.000000, -1.#QNAN0
3021.648909, 463.294409, 1.000000, -1.#QNAN0
3021.672678, 463.361549, 1.000000, -1.#QNAN0
3021.696448, 463.428689, 1.000000, -1.#QNAN0
3021.720217, 463.495828, 1.000000, -1.#QNAN0
3021.743987, 463.562968, 1.000000, -1.#QNAN0
3021.884026, 463.959226, 1.000000, -1.#QNAN0
3021.907414, 464.026499, 1.000000, -1.#QNAN0
3021.942014, 464.089875, 1.000000, -1.#QNAN0
3021.965401, 464.157148, 1.000000, -1.#QNAN0
3021.988789, 464.224422, 1.000000, -1.#QNAN0
3022.126157, 464.620569, 1.000000, -1.#QNAN0
3022.160430, 464.684122, 1.000000, -1.#QNAN0
3022.183470, 464.751515, 1.000000, -1.#QNAN0
3022.195278, 464.822749, 1.000000, -1.#QNAN0
3022.327940, 465.210807, 1.000000, -1.#QNAN0
3022.350941, 465.278214, 1.000000, -1.#QNAN0
3022.373943, 465.345621, 1.000000, -1.#QNAN0
3022.396944, 465.413027, 1.000000, -1.#QNAN0
3022.419945, 465.480434, 1.000000, -1.#QNAN0
3022.552012, 465.867465, 1.000000, -1.#QNAN0
3022.575014, 465.934872, 1.000000, -1.#QNAN0
3022.598015, 466.002279, 1.000000, -1.#QNAN0
3022.609782, 466.073519, 1.000000, -1.#QNAN0
3022.632783, 466.140926, 1.000000, -1.#QNAN0
3022.764850, 466.527956, 1.000000, -1.#QNAN0
3022.787851, 466.595363, 1.000000, -1.#QNAN0
3022.810852, 466.662770, 1.000000, -1.#QNAN0
3022.822619, 466.734010, 1.000000, -1.#QNAN0
3022.954686, 467.121040, 1.000000, -1.#QNAN0
3022.966453, 467.192281, 1.000000, -1.#QNAN0
3022.989454, 467.259687, 1.000000, -1.#QNAN0
3023.012456, 467.327094, 1.000000, -1.#QNAN0
3023.035457, 467.394501, 1.000000, -1.#QNAN0
3023.178759, 467.777698, 1.000000, -1.#QNAN0
3023.201760, 467.845105, 1.000000, -1.#QNAN0
3023.224761, 467.912512, 1.000000, -1.#QNAN0
3023.247762, 467.979918, 1.000000, -1.#QNAN0
3023.270764, 468.047325, 1.000000, -1.#QNAN0
3023.402831, 468.434356, 1.000000, -1.#QNAN0
3023.425832, 468.501762, 1.000000, -1.#QNAN0
3023.448833, 468.569169, 1.000000, -1.#QNAN0
3023.471834, 468.636576, 1.000000, -1.#QNAN0
3023.602537, 469.019608, 1.000000, -1.#QNAN0
3023.625538, 469.087015, 1.000000, -1.#QNAN0
3023.648540, 469.154421, 1.000000, -1.#QNAN0
3023.671541, 469.221828, 1.000000, -1.#QNAN0
3023.694542, 469.289235, 1.000000, -1.#QNAN0
3023.834934, 469.663906, 1.000000, -1.#QNAN0
3023.857935, 469.731312, 1.000000, -1.#QNAN0
3023.880937, 469.798719, 1.000000, -1.#QNAN0
3023.903938, 469.866126, 1.000000, -1.#QNAN0
3023.938174, 469.929699, 1.000000, -1.#QNAN0
3024.065792, 470.303691, 1.000000, -1.#QNAN0
3024.100027, 470.367264, 1.000000, -1.#QNAN0
3024.123029, 470.434671, 1.000000, -1.#QNAN0
3024.146030, 470.502078, 1.000000, -1.#QNAN0
3024.272114, 470.871576, 1.000000, -1.#QNAN0
3024.306350, 470.935149, 1.000000, -1.#QNAN0
3024.329351, 471.002555, 1.000000, -1.#QNAN0
3024.352352, 471.069962, 1.000000, -1.#QNAN0
3024.375354, 471.137369, 1.000000, -1.#QNAN0
3024.503744, 471.513625, 1.000000, -1.#QNAN0
3024.526745, 471.581032, 1.000000, -1.#QNAN0
3024.549747, 471.648438, 1.000000, -1.#QNAN0
3024.572748, 471.715845, 1.000000, -1.#QNAN0
3024.710851, 472.083808, 1.000000, -1.#QNAN0
3024.733852, 472.151215, 1.000000, -1.#QNAN0
3024.756854, 472.218621, 1.000000, -1.#QNAN0
3024.779855, 472.286028, 1.000000, -1.#QNAN0
3024.802856, 472.353435, 1.000000, -1.#QNAN0
3024.939444, 472.716957, 1.000000, -1.#QNAN0
3024.962445, 472.784364, 1.000000, -1.#QNAN0
3024.985446, 472.851771, 1.000000, -1.#QNAN0
3025.008448, 472.919177, 1.000000, -1.#QNAN0
3025.133620, 473.286002, 1.000000, -1.#QNAN0
3025.156621, 473.353409, 1.000000, -1.#QNAN0
3025.179622, 473.420816, 1.000000, -1.#QNAN0
3025.202624, 473.488222, 1.000000, -1.#QNAN0
3025.225625, 473.555629, 1.000000, -1.#QNAN0
3025.350797, 473.922453, 1.000000, -1.#QNAN0
3025.373798, 473.989860, 1.000000, -1.#QNAN0
3025.396799, 474.057267, 1.000000, -1.#QNAN0
3025.431035, 474.120840, 1.000000, -1.#QNAN0
3025.556207, 474.487664, 1.000000, -1.#QNAN0
3025.579208, 474.555071, 1.000000, -1.#QNAN0
3025.602210, 474.622478, 1.000000, -1.#QNAN0
3025.636445, 474.686051, 1.000000, -1.#QNAN0
3025.659447, 474.753457, 1.000000, -1.#QNAN0
3025.784619, 475.120282, 1.000000, -1.#QNAN0
3025.807620, 475.187689, 1.000000, -1.#QNAN0
3025.830621, 475.255096, 1.000000, -1.#QNAN0
3025.853623, 475.322502, 1.000000, -1.#QNAN0
3025.978795, 475.689327, 1.000000, -1.#QNAN0
3026.001796, 475.756734, 1.000000, -1.#QNAN0
3026.024797, 475.824140, 1.000000, -1.#QNAN0
3026.047799, 475.891547, 1.000000, -1.#QNAN0
3026.070800, 475.958954, 1.000000, -1.#QNAN0
3026.184737, 476.329611, 1.000000, -1.#QNAN0
3026.207739, 476.397018, 1.000000, -1.#QNAN0
3026.230740, 476.464425, 1.000000, -1.#QNAN0
3026.253741, 476.531832, 1.000000, -1.#QNAN0
3026.378913, 476.898657, 1.000000, -1.#QNAN0
3026.401915, 476.966063, 1.000000, -1.#QNAN0
3026.424916, 477.033470, 1.000000, -1.#QNAN0
3026.447917, 477.100877, 1.000000, -1.#QNAN0
3026.470918, 477.168283, 1.000000, -1.#QNAN0
3026.596090, 477.535108, 1.000000, -1.#QNAN0
3026.619092, 477.602514, 1.000000, -1.#QNAN0
3026.642093, 477.669921, 1.000000, -1.#QNAN0
3026.665094, 477.737328, 1.000000, -1.#QNAN0
3026.791313, 478.107288, 1.000000, -1.#QNAN0
3026.814207, 478.174732, 1.000000, -1.#QNAN0
3026.837100, 478.242175, 1.000000, -1.#QNAN0
3026.859993, 478.309618, 1.000000, -1.#QNAN0
3026.882887, 478.377062, 1.000000, -1.#QNAN0
3027.011220, 478.756152, 1.000000, -1.#QNAN0
3027.033700, 478.823734, 1.000000, -1.#QNAN0
3027.056181, 478.891316, 1.000000, -1.#QNAN0
3027.078661, 478.958898, 1.000000, -1.#QNAN0
3027.195193, 479.347406, 1.000000, -1.#QNAN0
3027.217086, 479.415180, 1.000000, -1.#QNAN0
3027.238978, 479.482955, 1.000000, -1.#QNAN0
3027.260871, 479.550730, 1.000000, -1.#QNAN0
3027.282763, 479.618505, 1.000000, -1.#QNAN0
3027.395610, 480.008079, 1.000000, -1.#QNAN0
3027.416911, 480.076042, 1.000000, -1.#QNAN0
3027.438211, 480.144005, 1.000000, -1.#QNAN0
3027.459511, 480.211969, 1.000000, -1.#QNAN0
3027.580600, 480.598940, 1.000000, -1.#QNAN0
3027.601304, 480.667087, 1.000000, -1.#QNAN0
3027.622008, 480.735234, 1.000000, -1.#QNAN0
3027.642712, 480.803382, 1.000000, -1.#QNAN0
3027.652058, 480.874980, 1.000000, -1.#QNAN0
3027.769440, 481.263051, 1.000000, -1.#QNAN0
3027.789544, 481.331378, 1.000000, -1.#QNAN0
3027.809648, 481.399705, 1.000000, -1.#QNAN0
3027.829752, 481.468032, 1.000000, -1.#QNAN0
3027.944034, 481.857095, 1.000000, -1.#QNAN0
3027.963534, 481.925597, 1.000000, -1.#QNAN0
3027.983035, 481.994098, 1.000000, -1.#QNAN0
3028.002535, 482.062600, 1.000000, -1.#QNAN0
3028.022035, 482.131101, 1.000000, -1.#QNAN0
3028.131739, 482.517907, 1.000000, -1.#QNAN0
3028.139310, 482.589715, 1.000000, -1.#QNAN0
3028.158321, 482.658354, 1.000000, -1.#QNAN0
3028.177332, 482.726993, 1.000000, -1.#QNAN0
3028.282043, 483.105178, 1.000000, -1.#QNAN0
3028.300890, 483.173863, 1.000000, -1.#QNAN0
3028.319737, 483.242547, 1.000000, -1.#QNAN0
3028.338583, 483.311231, 1.000000, -1.#QNAN0
3028.345983, 483.383056, 1.000000, -1.#QNAN0
3028.448546, 483.756831, 1.000000, -1.#QNAN0
3028.467392, 483.825515, 1.000000, -1.#QNAN0
3028.486239, 483.894200, 1.000000, -1.#QNAN0
3028.505086, 483.962884, 1.000000, -1.#QNAN0
3028.596202, 484.339800, 1.000000, -1.#QNAN0
3028.615048, 484.408484, 1.000000, -1.#QNAN0
3028.633895, 484.477169, 1.000000, -1.#QNAN0
3028.652742, 484.545853, 1.000000, -1.#QNAN0
3028.671589, 484.614537, 1.000000, -1.#QNAN0
3028.785599, 484.985171, 1.000000, -1.#QNAN0
3028.804446, 485.053855, 1.000000, -1.#QNAN0
3028.823292, 485.122539, 1.000000, -1.#QNAN0
3028.842139, 485.191223, 1.000000, -1.#QNAN0
3028.944702, 485.564998, 1.000000, -1.#QNAN0
3028.963549, 485.633682, 1.000000, -1.#QNAN0
3028.982395, 485.702366, 1.000000, -1.#QNAN0
3028.989795, 485.774192, 1.000000, -1.#QNAN0
3029.008642, 485.842876, 1.000000, -1.#QNAN0
3029.111205, 486.216651, 1.000000, -1.#QNAN0
3029.130051, 486.285335, 1.000000, -1.#QNAN0
3029.148898, 486.354020, 1.000000, -1.#QNAN0
3029.167745, 486.422704, 1.000000, -1.#QNAN0
3029.281669, 486.793024, 1.000000, -1.#QNAN0
3029.300516, 486.861709, 1.000000, -1.#QNAN0
3029.319363, 486.930393, 1.000000, -1.#QNAN0
3029.349657, 486.995936, 1.000000, -1.#QNAN0
3029.368504, 487.064620, 1.000000, -1.#QNAN0
3029.470729, 487.437164, 1.000000, -1.#QNAN0
3029.501023, 487.502707, 1.000000, -1.#QNAN0
3029.519869, 487.571391, 1.000000, -1.#QNAN0
3029.527269, 487.643216, 1.000000, -1.#QNAN0
3029.629255, 488.014888, 1.000000, -1.#QNAN0
3029.648101, 488.083572, 1.000000, -1.#QNAN0
3029.666948, 488.152256, 1.000000, -1.#QNAN0
3029.685795, 488.220940, 1.000000, -1.#QNAN0
3029.704642, 488.289625, 1.000000, -1.#QNAN0
3029.817848, 488.657329, 1.000000, -1.#QNAN0
3029.836695, 488.726013, 1.000000, -1.#QNAN0
3029.855542, 488.794697, 1.000000, -1.#QNAN0
3029.874388, 488.863381, 1.000000, -1.#QNAN0
3029.975933, 489.233447, 1.000000, -1.#QNAN0
3029.994780, 489.302131, 1.000000, -1.#QNAN0
3030.013627, 489.370816, 1.000000, -1.#QNAN0
3030.032474, 489.439500, 1.000000, -1.#QNAN0
3030.051321, 489.508184, 1.000000, -1.#QNAN0
3030.141217, 489.880659, 1.000000, -1.#QNAN0
3030.160064, 489.949343, 1.000000, -1.#QNAN0
3030.178911, 490.018027, 1.000000, -1.#QNAN0
3030.197758, 490.086711, 1.000000, -1.#QNAN0
3030.298913, 490.455358, 1.000000, -1.#QNAN0
3030.317760, 490.524042, 1.000000, -1.#QNAN0
3030.336607, 490.592727, 1.000000, -1.#QNAN0
3030.355454, 490.661411, 1.000000, -1.#QNAN0
3030.374300, 490.730095, 1.000000, -1.#QNAN0
3030.475337, 491.098309, 1.000000, -1.#QNAN0
3030.494184, 491.166993, 1.000000, -1.#QNAN0
3030.513031, 491.235677, 1.000000, -1.#QNAN0
3030.531878, 491.304361, 1.000000, -1.#QNAN0
3030.632915, 491.672575, 1.000000, -1.#QNAN0
3030.640314, 491.744401, 1.000000, -1.#QNAN0
3030.659161, 491.813085, 1.000000, -1.#QNAN0
3030.678008, 491.881769, 1.000000, -1.#QNAN0
3030.696854, 491.950453, 1.000000, -1.#QNAN0
3030.797891, 492.318667, 1.000000, -1.#QNAN0
3030.816738, 492.387351, 1.000000, -1.#QNAN0
3030.835585, 492.456035, 1.000000, -1.#QNAN0
3030.854431, 492.524719, 1.000000, -1.#QNAN0
3030.944021, 492.896074, 1.000000, -1.#QNAN0
3030.962868, 492.964758, 1.000000, -1.#QNAN0
3030.981714, 493.033442, 1.000000, -1.#QNAN0
3031.000561, 493.102126, 1.000000, -1.#QNAN0
3031.019408, 493.170811, 1.000000, -1.#QNAN0
3031.120445, 493.539025, 1.000000, -1.#QNAN0
3031.139292, 493.607709, 1.000000, -1.#QNAN0
3031.158138, 493.676393, 1.000000, -1.#QNAN0
3031.176985, 493.745077, 1.000000, -1.#QNAN0
3031.278022, 494.113291, 1.000000, -1.#QNAN0
3031.285421, 494.185116, 1.000000, -1.#QNAN0
3031.304268, 494.253800, 1.000000, -1.#QNAN0
3031.323115, 494.322485, 1.000000, -1.#QNAN0
3031.341962, 494.391169, 1.000000, -1.#QNAN0
3031.454446, 494.756241, 1.000000, -1.#QNAN0
3031.473293, 494.824925, 1.000000, -1.#QNAN0
3031.492140, 494.893610, 1.000000, -1.#QNAN0
3031.499539, 494.965435, 1.000000, -1.#QNAN0
3031.600576, 495.333649, 1.000000, -1.#QNAN0
3031.619423, 495.402333, 1.000000, -1.#QNAN0
3031.638269, 495.471017, 1.000000, -1.#QNAN0
3031.657116, 495.539702, 1.000000, -1.#QNAN0
3031.664516, 495.611527, 1.000000, -1.#QNAN0
3031.765552, 495.979740, 1.000000, -1.#QNAN0
3031.784399, 496.048425, 1.000000, -1.#QNAN0
3031.803246, 496.117109, 1.000000, -1.#QNAN0
3031.822093, 496.185793, 1.000000, -1.#QNAN0
3031.923477, 496.555306, 1.000000, -1.#QNAN0
3031.942277, 496.624003, 1.000000, -1.#QNAN0
3031.961077, 496.692700, 1.000000, -1.#QNAN0
3031.968427, 496.764530, 1.000000, -1.#QNAN0
3031.987227, 496.833227, 1.000000, -1.#QNAN0
3032.090318, 497.210914, 1.000000, -1.#QNAN0
3032.108779, 497.279703, 1.000000, -1.#QNAN0
3032.127239, 497.348492, 1.000000, -1.#QNAN0
3032.134234, 497.420358, 1.000000, -1.#QNAN0
3032.236599, 497.802310, 1.000000, -1.#QNAN0
3032.254578, 497.871227, 1.000000, -1.#QNAN0
3032.272557, 497.940143, 1.000000, -1.#QNAN0
3032.290535, 498.009060, 1.000000, -1.#QNAN0
3032.308514, 498.077976, 1.000000, -1.#QNAN0
3032.408063, 498.461126, 1.000000, -1.#QNAN0
3032.425543, 498.530171, 1.000000, -1.#QNAN0
3032.431517, 498.602129, 1.000000, -1.#QNAN0
3032.448998, 498.671173, 1.000000, -1.#QNAN0
3032.546113, 499.055329, 1.000000, -1.#QNAN0
3032.551550, 499.127329, 1.000000, -1.#QNAN0
3032.568515, 499.196502, 1.000000, -1.#QNAN0
3032.585481, 499.265675, 1.000000, -1.#QNAN0
3032.602447, 499.334848, 1.000000, -1.#QNAN0
3032.696514, 499.720151, 1.000000, -1.#QNAN0
3032.712947, 499.789452, 1.000000, -1.#QNAN0
3032.729380, 499.858754, 1.000000, -1.#QNAN0
3032.745813, 499.928055, 1.000000, -1.#QNAN0
3032.825713, 500.317132, 1.000000, -1.#QNAN0
3032.841594, 500.386561, 1.000000, -1.#QNAN0
3032.857476, 500.455991, 1.000000, -1.#QNAN0
3032.873357, 500.525421, 1.000000, -1.#QNAN0
3032.889239, 500.594851, 1.000000, -1.#QNAN0
3032.977046, 500.980467, 1.000000, -1.#QNAN0
3032.992431, 501.050009, 1.000000, -1.#QNAN0
3033.007815, 501.119550, 1.000000, -1.#QNAN0
3033.023200, 501.189092, 1.000000, -1.#QNAN0
3033.105924, 501.563058, 1.000000, -1.#QNAN0
