3135.545409, -181.522745, 1.000000, -1.#QNAN0
3135.568082, -181.590263, 1.000000, -1.#QNAN0
3135.590754, -181.657781, 1.000000, -1.#QNAN0
3135.684862, -181.938026, 1.000000, -1.#QNAN0
3135.707534, -182.005544, 1.000000, -1.#QNAN0
3135.730207, -182.073062, 1.000000, -1.#QNAN0
3135.825135, -182.355752, 1.000000, -1.#QNAN0
3135.847808, -182.423270, 1.000000, -1.#QNAN0
3135.870481, -182.490788, 1.000000, -1.#QNAN0
3135.966269, -182.776037, 1.000000, -1.#QNAN0
3135.988941, -182.843555, 1.000000, -1.#QNAN0
3136.011614, -182.911073, 1.000000, -1.#QNAN0
3136.104520, -183.187741, 1.000000, -1.#QNAN0
3136.127193, -183.255259, 1.000000, -1.#QNAN0
3136.149866, -183.322777, 1.000000, -1.#QNAN0
3136.172538, -183.390295, 1.000000, -1.#QNAN0
3136.265647, -183.667566, 1.000000, -1.#QNAN0
3136.288320, -183.735084, 1.000000, -1.#QNAN0
3136.310992, -183.802602, 1.000000, -1.#QNAN0
3136.404101, -184.079873, 1.000000, -1.#QNAN0
3136.426774, -184.147391, 1.000000, -1.#QNAN0
3136.449447, -184.214909, 1.000000, -1.#QNAN0
3136.542555, -184.492179, 1.000000, -1.#QNAN0
3136.565228, -184.559697, 1.000000, -1.#QNAN0
3136.587901, -184.627215, 1.000000, -1.#QNAN0
3136.610573, -184.694733, 1.000000, -1.#QNAN0
3136.692429, -184.975783, 1.000000, -1.#QNAN0
3136.715102, -185.043301, 1.000000, -1.#QNAN0
3136.737774, -185.110819, 1.000000, -1.#QNAN0
3136.819630, -185.391869, 1.000000, -1.#QNAN0
3136.842303, -185.459387, 1.000000, -1.#QNAN0
3136.864976, -185.526904, 1.000000, -1.#QNAN0
3136.946831, -185.807954, 1.000000, -1.#QNAN0
3136.969504, -185.875472, 1.000000, -1.#QNAN0
3136.992177, -185.942990, 1.000000, -1.#QNAN0
3137.014849, -186.010508, 1.000000, -1.#QNAN0
3137.107958, -186.287779, 1.000000, -1.#QNAN0
3137.130631, -186.355296, 1.000000, -1.#QNAN0
3137.142050, -186.426593, 1.000000, -1.#QNAN0
3137.223906, -186.707643, 1.000000, -1.#QNAN0
3137.235326, -186.778940, 1.000000, -1.#QNAN0
3137.257998, -186.846458, 1.000000, -1.#QNAN0
3137.362360, -187.119950, 1.000000, -1.#QNAN0
3137.385033, -187.187468, 1.000000, -1.#QNAN0
3137.407705, -187.254986, 1.000000, -1.#QNAN0
3137.430378, -187.322503, 1.000000, -1.#QNAN0
3137.523487, -187.599774, 1.000000, -1.#QNAN0
3137.546159, -187.667292, 1.000000, -1.#QNAN0
3137.568832, -187.734810, 1.000000, -1.#QNAN0
3137.663652, -188.021885, 1.000000, -1.#QNAN0
3137.674664, -188.093246, 1.000000, -1.#QNAN0
3137.696950, -188.160892, 1.000000, -1.#QNAN0
3137.793113, -188.464971, 1.000000, -1.#QNAN0
3137.814349, -188.532954, 1.000000, -1.#QNAN0
3137.835585, -188.600938, 1.000000, -1.#QNAN0
3137.856821, -188.668921, 1.000000, -1.#QNAN0
3137.947969, -188.977930, 1.000000, -1.#QNAN0
3137.968021, -189.046272, 1.000000, -1.#QNAN0
3137.988072, -189.114615, 1.000000, -1.#QNAN0
3138.074179, -189.424586, 1.000000, -1.#QNAN0
3138.093058, -189.493261, 1.000000, -1.#QNAN0
3138.111938, -189.561936, 1.000000, -1.#QNAN0
3138.181569, -189.875707, 1.000000, -1.#QNAN0
3138.199290, -189.944690, 1.000000, -1.#QNAN0
3138.217011, -190.013673, 1.000000, -1.#QNAN0
3138.234733, -190.082656, 1.000000, -1.#QNAN0
3138.309760, -190.394302, 1.000000, -1.#QNAN0
3138.326338, -190.463568, 1.000000, -1.#QNAN0
3138.342916, -190.532835, 1.000000, -1.#QNAN0
3138.424715, -190.842515, 1.000000, -1.#QNAN0
3138.440165, -190.912042, 1.000000, -1.#QNAN0
3138.455615, -190.981570, 1.000000, -1.#QNAN0
3138.520290, -191.282674, 1.000000, -1.#QNAN0
3138.535110, -191.352338, 1.000000, -1.#QNAN0
3138.549929, -191.422003, 1.000000, -1.#QNAN0
3138.564749, -191.491667, 1.000000, -1.#QNAN0
3138.625731, -191.780428, 1.000000, -1.#QNAN0
3138.640443, -191.850115, 1.000000, -1.#QNAN0
3138.655155, -191.919802, 1.000000, -1.#QNAN0
3138.703956, -192.208434, 1.000000, -1.#QNAN0
3138.718668, -192.278121, 1.000000, -1.#QNAN0
3138.733380, -192.347808, 1.000000, -1.#QNAN0
3138.793796, -192.633988, 1.000000, -1.#QNAN0
3138.808508, -192.703675, 1.000000, -1.#QNAN0
3138.823220, -192.773362, 1.000000, -1.#QNAN0
3138.826317, -192.845501, 1.000000, -1.#QNAN0
3138.886733, -193.131680, 1.000000, -1.#QNAN0
3138.901445, -193.201367, 1.000000, -1.#QNAN0
3138.927771, -193.268602, 1.000000, -1.#QNAN0
3138.988188, -193.554782, 1.000000, -1.#QNAN0
3139.002899, -193.624469, 1.000000, -1.#QNAN0
3139.029226, -193.691704, 1.000000, -1.#QNAN0
3139.089558, -193.977489, 1.000000, -1.#QNAN0
3139.104270, -194.047176, 1.000000, -1.#QNAN0
3139.118982, -194.116863, 1.000000, -1.#QNAN0
3139.133694, -194.186550, 1.000000, -1.#QNAN0
3139.196177, -194.482522, 1.000000, -1.#QNAN0
3139.210889, -194.552209, 1.000000, -1.#QNAN0
3139.225601, -194.621896, 1.000000, -1.#QNAN0
3139.287796, -194.916501, 1.000000, -1.#QNAN0
3139.290893, -194.988640, 1.000000, -1.#QNAN0
3139.305605, -195.058327, 1.000000, -1.#QNAN0
3139.367524, -195.351625, 1.000000, -1.#QNAN0
3139.382236, -195.421312, 1.000000, -1.#QNAN0
3139.396948, -195.490999, 1.000000, -1.#QNAN0
3139.458604, -195.783052, 1.000000, -1.#QNAN0
3139.473316, -195.852739, 1.000000, -1.#QNAN0
3139.488027, -195.922426, 1.000000, -1.#QNAN0
3139.549433, -196.213294, 1.000000, -1.#QNAN0
3139.564145, -196.282981, 1.000000, -1.#QNAN0
3139.567243, -196.355120, 1.000000, -1.#QNAN0
3139.581954, -196.424807, 1.000000, -1.#QNAN0
3139.643123, -196.714553, 1.000000, -1.#QNAN0
3139.657835, -196.784240, 1.000000, -1.#QNAN0
3139.672547, -196.853927, 1.000000, -1.#QNAN0
3139.733551, -197.142892, 1.000000, -1.#QNAN0
3139.748263, -197.212579, 1.000000, -1.#QNAN0
3139.762975, -197.282266, 1.000000, -1.#QNAN0
3139.823979, -197.571232, 1.000000, -1.#QNAN0
3139.838691, -197.640919, 1.000000, -1.#QNAN0
3139.853403, -197.710606, 1.000000, -1.#QNAN0
3139.914407, -197.999571, 1.000000, -1.#QNAN0
3139.929119, -198.069258, 1.000000, -1.#QNAN0
3139.943831, -198.138945, 1.000000, -1.#QNAN0
3140.004835, -198.427911, 1.000000, -1.#QNAN0
3140.019547, -198.497598, 1.000000, -1.#QNAN0
3140.045873, -198.564833, 1.000000, -1.#QNAN0
3140.106878, -198.853799, 1.000000, -1.#QNAN0
3140.121590, -198.923486, 1.000000, -1.#QNAN0
3140.136301, -198.993173, 1.000000, -1.#QNAN0
3140.162628, -199.060408, 1.000000, -1.#QNAN0
3140.223632, -199.349373, 1.000000, -1.#QNAN0
3140.238344, -199.419060, 1.000000, -1.#QNAN0
3140.253056, -199.488747, 1.000000, -1.#QNAN0
3140.314060, -199.777713, 1.000000, -1.#QNAN0
3140.328772, -199.847400, 1.000000, -1.#QNAN0
3140.343484, -199.917087, 1.000000, -1.#QNAN0
3140.404488, -200.206052, 1.000000, -1.#QNAN0
3140.419200, -200.275739, 1.000000, -1.#QNAN0
3140.433912, -200.345427, 1.000000, -1.#QNAN0
3140.494916, -200.634392, 1.000000, -1.#QNAN0
3140.498013, -200.706531, 1.000000, -1.#QNAN0
3140.512725, -200.776218, 1.000000, -1.#QNAN0
3140.573729, -201.065183, 1.000000, -1.#QNAN0
3140.588441, -201.134870, 1.000000, -1.#QNAN0
3140.603153, -201.204557, 1.000000, -1.#QNAN0
3140.664053, -201.492043, 1.000000, -1.#QNAN0
3140.667213, -201.564179, 1.000000, -1.#QNAN0
3140.681985, -201.633853, 1.000000, -1.#QNAN0
3140.696757, -201.703527, 1.000000, -1.#QNAN0
3140.757669, -201.983486, 1.000000, -1.#QNAN0
3140.761206, -202.055604, 1.000000, -1.#QNAN0
3140.776343, -202.125200, 1.000000, -1.#QNAN0
3140.838103, -202.394522, 1.000000, -1.#QNAN0
3140.854030, -202.463942, 1.000000, -1.#QNAN0
3140.869956, -202.533361, 1.000000, -1.#QNAN0
3140.934627, -202.801817, 1.000000, -1.#QNAN0
3140.951349, -202.871049, 1.000000, -1.#QNAN0
3140.968070, -202.940281, 1.000000, -1.#QNAN0
3141.035667, -203.207837, 1.000000, -1.#QNAN0
3141.041682, -203.279792, 1.000000, -1.#QNAN0
3141.059203, -203.348826, 1.000000, -1.#QNAN0
3141.129774, -203.615585, 1.000000, -1.#QNAN0
3141.148099, -203.684410, 1.000000, -1.#QNAN0
3141.154954, -203.756289, 1.000000, -1.#QNAN0
3141.239949, -204.019030, 1.000000, -1.#QNAN0
3141.270517, -204.084446, 1.000000, -1.#QNAN0
3141.301085, -204.149862, 1.000000, -1.#QNAN0
3141.331653, -204.215278, 1.000000, -1.#QNAN0
3141.420364, -204.477276, 1.000000, -1.#QNAN0
3141.440264, -204.545663, 1.000000, -1.#QNAN0
3141.460163, -204.614049, 1.000000, -1.#QNAN0
3141.541225, -204.885782, 1.000000, -1.#QNAN0
3141.561594, -204.954030, 1.000000, -1.#QNAN0
3141.581964, -205.022278, 1.000000, -1.#QNAN0
3141.666431, -205.305276, 1.000000, -1.#QNAN0
3141.686801, -205.373524, 1.000000, -1.#QNAN0
3141.707171, -205.441772, 1.000000, -1.#QNAN0
3141.791637, -205.724770, 1.000000, -1.#QNAN0
3141.812007, -205.793018, 1.000000, -1.#QNAN0
3141.832377, -205.861266, 1.000000, -1.#QNAN0
3141.916843, -206.144263, 1.000000, -1.#QNAN0
3141.937213, -206.212511, 1.000000, -1.#QNAN0
3141.957583, -206.280759, 1.000000, -1.#QNAN0
3142.042049, -206.563757, 1.000000, -1.#QNAN0
3142.062419, -206.632005, 1.000000, -1.#QNAN0
3142.082789, -206.700253, 1.000000, -1.#QNAN0
3142.103159, -206.768501, 1.000000, -1.#QNAN0
3142.187601, -207.051416, 1.000000, -1.#QNAN0
3142.207971, -207.119664, 1.000000, -1.#QNAN0
3142.228341, -207.187912, 1.000000, -1.#QNAN0
3142.324080, -207.467175, 1.000000, -1.#QNAN0
3142.344450, -207.535423, 1.000000, -1.#QNAN0
3142.364820, -207.603671, 1.000000, -1.#QNAN0
3142.449119, -207.886106, 1.000000, -1.#QNAN0
3142.469488, -207.954354, 1.000000, -1.#QNAN0
3142.478484, -208.025997, 1.000000, -1.#QNAN0
3142.562724, -208.308238, 1.000000, -1.#QNAN0
3142.583094, -208.376486, 1.000000, -1.#QNAN0
3142.592089, -208.448129, 1.000000, -1.#QNAN0
3142.676281, -208.730208, 1.000000, -1.#QNAN0
3142.685277, -208.801851, 1.000000, -1.#QNAN0
3142.705647, -208.870099, 1.000000, -1.#QNAN0
3142.789800, -209.152047, 1.000000, -1.#QNAN0
3142.810170, -209.220295, 1.000000, -1.#QNAN0
3142.841914, -209.285148, 1.000000, -1.#QNAN0
3142.873659, -209.350001, 1.000000, -1.#QNAN0
3142.969157, -209.628455, 1.000000, -1.#QNAN0
3143.000902, -209.693308, 1.000000, -1.#QNAN0
3143.021272, -209.761556, 1.000000, -1.#QNAN0
3143.105380, -210.043354, 1.000000, -1.#QNAN0
3143.125750, -210.111602, 1.000000, -1.#QNAN0
3143.146120, -210.179850, 1.000000, -1.#QNAN0
3143.241603, -210.458253, 1.000000, -1.#QNAN0
3143.261973, -210.526501, 1.000000, -1.#QNAN0
3143.293717, -210.591354, 1.000000, -1.#QNAN0
3143.377825, -210.873152, 1.000000, -1.#QNAN0
3143.398195, -210.941400, 1.000000, -1.#QNAN0
3143.429940, -211.006253, 1.000000, -1.#QNAN0
3143.514048, -211.288051, 1.000000, -1.#QNAN0
3143.534418, -211.356299, 1.000000, -1.#QNAN0
3143.554788, -211.424547, 1.000000, -1.#QNAN0
3143.638896, -211.706345, 1.000000, -1.#QNAN0
3143.659266, -211.774593, 1.000000, -1.#QNAN0
3143.679636, -211.842841, 1.000000, -1.#QNAN0
3143.700006, -211.911089, 1.000000, -1.#QNAN0
3143.784114, -212.192887, 1.000000, -1.#QNAN0
3143.804484, -212.261135, 1.000000, -1.#QNAN0
3143.824854, -212.329383, 1.000000, -1.#QNAN0
3143.908962, -212.611181, 1.000000, -1.#QNAN0
3143.917958, -212.682823, 1.000000, -1.#QNAN0
3143.938328, -212.751071, 1.000000, -1.#QNAN0
3144.022436, -213.032870, 1.000000, -1.#QNAN0
3144.042806, -213.101118, 1.000000, -1.#QNAN0
3144.063176, -213.169366, 1.000000, -1.#QNAN0
3144.147284, -213.451164, 1.000000, -1.#QNAN0
3144.167654, -213.519412, 1.000000, -1.#QNAN0
3144.188024, -213.587660, 1.000000, -1.#QNAN0
3144.272132, -213.869457, 1.000000, -1.#QNAN0
3144.292502, -213.937705, 1.000000, -1.#QNAN0
3144.312872, -214.005953, 1.000000, -1.#QNAN0
3144.396862, -214.287006, 1.000000, -1.#QNAN0
3144.417261, -214.355245, 1.000000, -1.#QNAN0
3144.437660, -214.423484, 1.000000, -1.#QNAN0
3144.458059, -214.491724, 1.000000, -1.#QNAN0
3144.541495, -214.767257, 1.000000, -1.#QNAN0
3144.562135, -214.835424, 1.000000, -1.#QNAN0
3144.582774, -214.903591, 1.000000, -1.#QNAN0
3144.665900, -215.170086, 1.000000, -1.#QNAN0
3144.687118, -215.238075, 1.000000, -1.#QNAN0
3144.719667, -215.302528, 1.000000, -1.#QNAN0
3144.804923, -215.568217, 1.000000, -1.#QNAN0
3144.826719, -215.636023, 1.000000, -1.#QNAN0
3144.848514, -215.703830, 1.000000, -1.#QNAN0
3144.935927, -215.968794, 1.000000, -1.#QNAN0
3144.958299, -216.036412, 1.000000, -1.#QNAN0
3144.980671, -216.104030, 1.000000, -1.#QNAN0
3145.070240, -216.368255, 1.000000, -1.#QNAN0
3145.104425, -216.431855, 1.000000, -1.#QNAN0
3145.127373, -216.499280, 1.000000, -1.#QNAN0
3145.219060, -216.762654, 1.000000, -1.#QNAN0
3145.242583, -216.829881, 1.000000, -1.#QNAN0
3145.266105, -216.897107, 1.000000, -1.#QNAN0
3145.278423, -216.968254, 1.000000, -1.#QNAN0
3145.372996, -217.231470, 1.000000, -1.#QNAN0
3145.397065, -217.298503, 1.000000, -1.#QNAN0
3145.421134, -217.365536, 1.000000, -1.#QNAN0
3145.518821, -217.633463, 1.000000, -1.#QNAN0
3145.543227, -217.700373, 1.000000, -1.#QNAN0
3145.567632, -217.767284, 1.000000, -1.#QNAN0
3145.668405, -218.043562, 1.000000, -1.#QNAN0
3145.692811, -218.110473, 1.000000, -1.#QNAN0
3145.717217, -218.177383, 1.000000, -1.#QNAN0
3145.829141, -218.449592, 1.000000, -1.#QNAN0
3145.853547, -218.516503, 1.000000, -1.#QNAN0
3145.877953, -218.583414, 1.000000, -1.#QNAN0
3145.978725, -218.859691, 1.000000, -1.#QNAN0
3146.003131, -218.926602, 1.000000, -1.#QNAN0
3146.027537, -218.993513, 1.000000, -1.#QNAN0
3146.128310, -219.269790, 1.000000, -1.#QNAN0
3146.152716, -219.336701, 1.000000, -1.#QNAN0
3146.188274, -219.399544, 1.000000, -1.#QNAN0
3146.212679, -219.466455, 1.000000, -1.#QNAN0
3146.302300, -219.746799, 1.000000, -1.#QNAN0
3146.326706, -219.813710, 1.000000, -1.#QNAN0
3146.362264, -219.876553, 1.000000, -1.#QNAN0
3146.462167, -220.150447, 1.000000, -1.#QNAN0
3146.486573, -220.217358, 1.000000, -1.#QNAN0
3146.510979, -220.284269, 1.000000, -1.#QNAN0
3146.609972, -220.555668, 1.000000, -1.#QNAN0
3146.623226, -220.626646, 1.000000, -1.#QNAN0
3146.647632, -220.693557, 1.000000, -1.#QNAN0
3146.756914, -220.958523, 1.000000, -1.#QNAN0
3146.781320, -221.025434, 1.000000, -1.#QNAN0
3146.805726, -221.092345, 1.000000, -1.#QNAN0
3146.891891, -221.363216, 1.000000, -1.#QNAN0
3146.916297, -221.430127, 1.000000, -1.#QNAN0
3146.940703, -221.497038, 1.000000, -1.#QNAN0
3147.048408, -221.757679, 1.000000, -1.#QNAN0
3147.072814, -221.824589, 1.000000, -1.#QNAN0
3147.097220, -221.891500, 1.000000, -1.#QNAN0
3147.132777, -221.954344, 1.000000, -1.#QNAN0
3147.228616, -222.217094, 1.000000, -1.#QNAN0
3147.253022, -222.284005, 1.000000, -1.#QNAN0
3147.277428, -222.350916, 1.000000, -1.#QNAN0
3147.365519, -222.627068, 1.000000, -1.#QNAN0
3147.389925, -222.693979, 1.000000, -1.#QNAN0
3147.414331, -222.760889, 1.000000, -1.#QNAN0
3147.513517, -223.032817, 1.000000, -1.#QNAN0
3147.537923, -223.099728, 1.000000, -1.#QNAN0
3147.551177, -223.170707, 1.000000, -1.#QNAN0
3147.650363, -223.442634, 1.000000, -1.#QNAN0
3147.674769, -223.509545, 1.000000, -1.#QNAN0
3147.710327, -223.572388, 1.000000, -1.#QNAN0
3147.809513, -223.844316, 1.000000, -1.#QNAN0
3147.833919, -223.911227, 1.000000, -1.#QNAN0
3147.858325, -223.978138, 1.000000, -1.#QNAN0
3147.957511, -224.250066, 1.000000, -1.#QNAN0
3147.981917, -224.316977, 1.000000, -1.#QNAN0
3148.006323, -224.383888, 1.000000, -1.#QNAN0
3148.116661, -224.651747, 1.000000, -1.#QNAN0
3148.141067, -224.718658, 1.000000, -1.#QNAN0
3148.165473, -224.785569, 1.000000, -1.#QNAN0
3148.264659, -225.057497, 1.000000, -1.#QNAN0
3148.289065, -225.124408, 1.000000, -1.#QNAN0
3148.313471, -225.191319, 1.000000, -1.#QNAN0
3148.412657, -225.463247, 1.000000, -1.#QNAN0
3148.437063, -225.530158, 1.000000, -1.#QNAN0
3148.461469, -225.597068, 1.000000, -1.#QNAN0
3148.560655, -225.868996, 1.000000, -1.#QNAN0
3148.585061, -225.935907, 1.000000, -1.#QNAN0
3148.609467, -226.002818, 1.000000, -1.#QNAN0
3148.708653, -226.274745, 1.000000, -1.#QNAN0
3148.733059, -226.341656, 1.000000, -1.#QNAN0
3148.757465, -226.408567, 1.000000, -1.#QNAN0
3148.867803, -226.676428, 1.000000, -1.#QNAN0
3148.892209, -226.743338, 1.000000, -1.#QNAN0
3148.916615, -226.810249, 1.000000, -1.#QNAN0
3149.015801, -227.082177, 1.000000, -1.#QNAN0
3149.040207, -227.149088, 1.000000, -1.#QNAN0
3149.064612, -227.215999, 1.000000, -1.#QNAN0
3149.171468, -227.467010, 1.000000, -1.#QNAN0
3149.196495, -227.533691, 1.000000, -1.#QNAN0
3149.221522, -227.600372, 1.000000, -1.#QNAN0
3149.316735, -227.841844, 1.000000, -1.#QNAN0
3149.342848, -227.908108, 1.000000, -1.#QNAN0
3149.368961, -227.974371, 1.000000, -1.#QNAN0
3149.467686, -228.212544, 1.000000, -1.#QNAN0
3149.494941, -228.278346, 1.000000, -1.#QNAN0
3149.522196, -228.344148, 1.000000, -1.#QNAN0
3149.624882, -228.580046, 1.000000, -1.#QNAN0
3149.653290, -228.645359, 1.000000, -1.#QNAN0
3149.681698, -228.710671, 1.000000, -1.#QNAN0
3149.788373, -228.944216, 1.000000, -1.#QNAN0
3149.817944, -229.009010, 1.000000, -1.#QNAN0
3149.847515, -229.073804, 1.000000, -1.#QNAN0
3149.958198, -229.304916, 1.000000, -1.#QNAN0
3149.988940, -229.369162, 1.000000, -1.#QNAN0
3150.019682, -229.433409, 1.000000, -1.#QNAN0
3150.134392, -229.662011, 1.000000, -1.#QNAN0
3150.166312, -229.725681, 1.000000, -1.#QNAN0
3150.198232, -229.789350, 1.000000, -1.#QNAN0
3150.321852, -230.029642, 1.000000, -1.#QNAN0
3150.354440, -230.092972, 1.000000, -1.#QNAN0
3150.387028, -230.156303, 1.000000, -1.#QNAN0
3150.518946, -230.412138, 1.000000, -1.#QNAN0
3150.551590, -230.475439, 1.000000, -1.#QNAN0
3150.584234, -230.538741, 1.000000, -1.#QNAN0
3150.727448, -230.790559, 1.000000, -1.#QNAN0
3150.760091, -230.853861, 1.000000, -1.#QNAN0
3150.792735, -230.917163, 1.000000, -1.#QNAN0
3150.925398, -231.174421, 1.000000, -1.#QNAN0
3150.958042, -231.237723, 1.000000, -1.#QNAN0
3150.990686, -231.301025, 1.000000, -1.#QNAN0
3151.123908, -231.559367, 1.000000, -1.#QNAN0
3151.156552, -231.622669, 1.000000, -1.#QNAN0
3151.189195, -231.685971, 1.000000, -1.#QNAN0
3151.318678, -231.937061, 1.000000, -1.#QNAN0
3151.351321, -232.000362, 1.000000, -1.#QNAN0
3151.383965, -232.063664, 1.000000, -1.#QNAN0
3151.515159, -232.318072, 1.000000, -1.#QNAN0
3151.547802, -232.381374, 1.000000, -1.#QNAN0
3151.580446, -232.444676, 1.000000, -1.#QNAN0
3151.713360, -232.702421, 1.000000, -1.#QNAN0
3151.746004, -232.765722, 1.000000, -1.#QNAN0
3151.778647, -232.829024, 1.000000, -1.#QNAN0
3151.913293, -233.090126, 1.000000, -1.#QNAN0
3151.945936, -233.153427, 1.000000, -1.#QNAN0
3151.978580, -233.216729, 1.000000, -1.#QNAN0
3152.114966, -233.481206, 1.000000, -1.#QNAN0
3152.147609, -233.544508, 1.000000, -1.#QNAN0
3152.169703, -233.613250, 1.000000, -1.#QNAN0
3152.202346, -233.676552, 1.000000, -1.#QNAN0
3152.340482, -233.944421, 1.000000, -1.#QNAN0
3152.373125, -234.007723, 1.000000, -1.#QNAN0
3152.405769, -234.071025, 1.000000, -1.#QNAN0
3152.550191, -234.325187, 1.000000, -1.#QNAN0
3152.582835, -234.388489, 1.000000, -1.#QNAN0
3152.615479, -234.451790, 1.000000, -1.#QNAN0
3152.749351, -234.711393, 1.000000, -1.#QNAN0
3152.781995, -234.774695, 1.000000, -1.#QNAN0
3152.814638, -234.837997, 1.000000, -1.#QNAN0
3152.948510, -235.097599, 1.000000, -1.#QNAN0
3152.981154, -235.160901, 1.000000, -1.#QNAN0
3153.013798, -235.224203, 1.000000, -1.#QNAN0
3153.046441, -235.287504, 1.000000, -1.#QNAN0
3153.169763, -235.552547, 1.000000, -1.#QNAN0
3153.202407, -235.615849, 1.000000, -1.#QNAN0
3153.235050, -235.679151, 1.000000, -1.#QNAN0
3153.368923, -235.938754, 1.000000, -1.#QNAN0
3153.401566, -236.002056, 1.000000, -1.#QNAN0
3153.434210, -236.065357, 1.000000, -1.#QNAN0
3153.568082, -236.324960, 1.000000, -1.#QNAN0
3153.600726, -236.388262, 1.000000, -1.#QNAN0
3153.633370, -236.451563, 1.000000, -1.#QNAN0
3153.666013, -236.514865, 1.000000, -1.#QNAN0
3153.799885, -236.774467, 1.000000, -1.#QNAN0
3153.832529, -236.837769, 1.000000, -1.#QNAN0
3153.854622, -236.906512, 1.000000, -1.#QNAN0
3153.988495, -237.166115, 1.000000, -1.#QNAN0
3154.031689, -237.223976, 1.000000, -1.#QNAN0
3154.064332, -237.287277, 1.000000, -1.#QNAN0
3154.198205, -237.546880, 1.000000, -1.#QNAN0
3154.220298, -237.615622, 1.000000, -1.#QNAN0
3154.252941, -237.678924, 1.000000, -1.#QNAN0
3154.285585, -237.742226, 1.000000, -1.#QNAN0
3154.430008, -237.996388, 1.000000, -1.#QNAN0
3154.462651, -238.059689, 1.000000, -1.#QNAN0
3154.495295, -238.122991, 1.000000, -1.#QNAN0
3154.628679, -238.381200, 1.000000, -1.#QNAN0
3154.661373, -238.444476, 1.000000, -1.#QNAN0
3154.694067, -238.507752, 1.000000, -1.#QNAN0
3154.825338, -238.759613, 1.000000, -1.#QNAN0
3154.858311, -238.822743, 1.000000, -1.#QNAN0
3154.891285, -238.885874, 1.000000, -1.#QNAN0
3154.924258, -238.949005, 1.000000, -1.#QNAN0
3155.065407, -239.189166, 1.000000, -1.#QNAN0
3155.098855, -239.252046, 1.000000, -1.#QNAN0
3155.132303, -239.314927, 1.000000, -1.#QNAN0
3155.264743, -239.560007, 1.000000, -1.#QNAN0
3155.298651, -239.622641, 1.000000, -1.#QNAN0
3155.332559, -239.685274, 1.000000, -1.#QNAN0
3155.466768, -239.929777, 1.000000, -1.#QNAN0
3155.501124, -239.992166, 1.000000, -1.#QNAN0
3155.535480, -240.054555, 1.000000, -1.#QNAN0
3155.569836, -240.116944, 1.000000, -1.#QNAN0
3155.716563, -240.354830, 1.000000, -1.#QNAN0
3155.751354, -240.416978, 1.000000, -1.#QNAN0
3155.786144, -240.479126, 1.000000, -1.#QNAN0
3155.913828, -240.728033, 1.000000, -1.#QNAN0
3155.949041, -240.789943, 1.000000, -1.#QNAN0
3155.984253, -240.851853, 1.000000, -1.#QNAN0
3156.124766, -241.096384, 1.000000, -1.#QNAN0
3156.160316, -241.158100, 1.000000, -1.#QNAN0
3156.195866, -241.219817, 1.000000, -1.#QNAN0
3156.231416, -241.281533, 1.000000, -1.#QNAN0
3156.386122, -241.525206, 1.000000, -1.#QNAN0
3156.421796, -241.586851, 1.000000, -1.#QNAN0
3156.457470, -241.648496, 1.000000, -1.#QNAN0
3156.603769, -241.901303, 1.000000, -1.#QNAN0
3156.639443, -241.962948, 1.000000, -1.#QNAN0
3156.664843, -242.030539, 1.000000, -1.#QNAN0
3156.811143, -242.283345, 1.000000, -1.#QNAN0
3156.846816, -242.344990, 1.000000, -1.#QNAN0
3156.882490, -242.406635, 1.000000, -1.#QNAN0
3156.918164, -242.468280, 1.000000, -1.#QNAN0
3157.064464, -242.721086, 1.000000, -1.#QNAN0
3157.110412, -242.776786, 1.000000, -1.#QNAN0
3157.146086, -242.838431, 1.000000, -1.#QNAN0
3157.292386, -243.091238, 1.000000, -1.#QNAN0
3157.328059, -243.152882, 1.000000, -1.#QNAN0
3157.363733, -243.214527, 1.000000, -1.#QNAN0
3157.514549, -243.475138, 1.000000, -1.#QNAN0
3157.550223, -243.536783, 1.000000, -1.#QNAN0
3157.585897, -243.598428, 1.000000, -1.#QNAN0
3157.621571, -243.660073, 1.000000, -1.#QNAN0
3157.767635, -243.912472, 1.000000, -1.#QNAN0
3157.813583, -243.968171, 1.000000, -1.#QNAN0
3157.849257, -244.029816, 1.000000, -1.#QNAN0
3157.990589, -244.274039, 1.000000, -1.#QNAN0
3158.026263, -244.335684, 1.000000, -1.#QNAN0
3158.061937, -244.397328, 1.000000, -1.#QNAN0
3158.194229, -244.649630, 1.000000, -1.#QNAN0
3158.229903, -244.711275, 1.000000, -1.#QNAN0
3158.265577, -244.772920, 1.000000, -1.#QNAN0
3158.403455, -245.011175, 1.000000, -1.#QNAN0
3158.439129, -245.072820, 1.000000, -1.#QNAN0
3158.474803, -245.134465, 1.000000, -1.#QNAN0
3158.613964, -245.374935, 1.000000, -1.#QNAN0
3158.649638, -245.436580, 1.000000, -1.#QNAN0
3158.685312, -245.498225, 1.000000, -1.#QNAN0
3158.819834, -245.730682, 1.000000, -1.#QNAN0
3158.855508, -245.792327, 1.000000, -1.#QNAN0
3158.880908, -245.859917, 1.000000, -1.#QNAN0
3159.012201, -246.086792, 1.000000, -1.#QNAN0
3159.058149, -246.142491, 1.000000, -1.#QNAN0
3159.189442, -246.369367, 1.000000, -1.#QNAN0
3159.225116, -246.431012, 1.000000, -1.#QNAN0
3159.260790, -246.492656, 1.000000, -1.#QNAN0
3159.381809, -246.725477, 1.000000, -1.#QNAN0
3159.417483, -246.787122, 1.000000, -1.#QNAN0
3159.453157, -246.848767, 1.000000, -1.#QNAN0
3159.584449, -247.075642, 1.000000, -1.#QNAN0
3159.620123, -247.137287, 1.000000, -1.#QNAN0
3159.655797, -247.198932, 1.000000, -1.#QNAN0
3159.787090, -247.425807, 1.000000, -1.#QNAN0
3159.822764, -247.487452, 1.000000, -1.#QNAN0
3159.858438, -247.549097, 1.000000, -1.#QNAN0
3159.989731, -247.775972, 1.000000, -1.#QNAN0
3160.025405, -247.837617, 1.000000, -1.#QNAN0
3160.061079, -247.899262, 1.000000, -1.#QNAN0
3160.192372, -248.126137, 1.000000, -1.#QNAN0
3160.228046, -248.187782, 1.000000, -1.#QNAN0
3160.359339, -248.414657, 1.000000, -1.#QNAN0
3160.395013, -248.476302, 1.000000, -1.#QNAN0
3160.430687, -248.537947, 1.000000, -1.#QNAN0
3160.561979, -248.764822, 1.000000, -1.#QNAN0
3160.597653, -248.826467, 1.000000, -1.#QNAN0
3160.633327, -248.888112, 1.000000, -1.#QNAN0
3160.754346, -249.120932, 1.000000, -1.#QNAN0
3160.790020, -249.182577, 1.000000, -1.#QNAN0
3160.825694, -249.244222, 1.000000, -1.#QNAN0
3160.956987, -249.471098, 1.000000, -1.#QNAN0
3160.992661, -249.532743, 1.000000, -1.#QNAN0
3161.028335, -249.594387, 1.000000, -1.#QNAN0
3161.159628, -249.821263, 1.000000, -1.#QNAN0
3161.195302, -249.882907, 1.000000, -1.#QNAN0
3161.230976, -249.944552, 1.000000, -1.#QNAN0
3161.361816, -250.170302, 1.000000, -1.#QNAN0
3161.387260, -250.237876, 1.000000, -1.#QNAN0
3161.516623, -250.459953, 1.000000, -1.#QNAN0
3161.552511, -250.521474, 1.000000, -1.#QNAN0
3161.588399, -250.582994, 1.000000, -1.#QNAN0
3161.714224, -250.795202, 1.000000, -1.#QNAN0
3161.750632, -250.856416, 1.000000, -1.#QNAN0
3161.787041, -250.917630, 1.000000, -1.#QNAN0
3161.914249, -251.127594, 1.000000, -1.#QNAN0
3161.941071, -251.194633, 1.000000, -1.#QNAN0
3161.978039, -251.255511, 1.000000, -1.#QNAN0
3162.107474, -251.464694, 1.000000, -1.#QNAN0
3162.144984, -251.525239, 1.000000, -1.#QNAN0
3162.182495, -251.585783, 1.000000, -1.#QNAN0
3162.313430, -251.792742, 1.000000, -1.#QNAN0
3162.351517, -251.852926, 1.000000, -1.#QNAN0
3162.389604, -251.913110, 1.000000, -1.#QNAN0
3162.522105, -252.117661, 1.000000, -1.#QNAN0
3162.560803, -252.177453, 1.000000, -1.#QNAN0
3162.694287, -252.379820, 1.000000, -1.#QNAN0
3162.733636, -252.439187, 1.000000, -1.#QNAN0
3162.772985, -252.498553, 1.000000, -1.#QNAN0
3162.910062, -252.701864, 1.000000, -1.#QNAN0
3162.949965, -252.760859, 1.000000, -1.#QNAN0
3162.980037, -252.826505, 1.000000, -1.#QNAN0
3163.124341, -253.038603, 1.000000, -1.#QNAN0
3163.164428, -253.097473, 1.000000, -1.#QNAN0
3163.204516, -253.156343, 1.000000, -1.#QNAN0
3163.352052, -253.373006, 1.000000, -1.#QNAN0
3163.392140, -253.431876, 1.000000, -1.#QNAN0
3163.432228, -253.490746, 1.000000, -1.#QNAN0
3163.579556, -253.707104, 1.000000, -1.#QNAN0
3163.609832, -253.772655, 1.000000, -1.#QNAN0
3163.649920, -253.831526, 1.000000, -1.#QNAN0
3163.795523, -254.045350, 1.000000, -1.#QNAN0
3163.825799, -254.110902, 1.000000, -1.#QNAN0
3163.969689, -254.322209, 1.000000, -1.#QNAN0
3164.009776, -254.381079, 1.000000, -1.#QNAN0
3164.049864, -254.439949, 1.000000, -1.#QNAN0
3164.198730, -254.658565, 1.000000, -1.#QNAN0
3164.229006, -254.724117, 1.000000, -1.#QNAN0
3164.269094, -254.782987, 1.000000, -1.#QNAN0
3164.416267, -254.999116, 1.000000, -1.#QNAN0
3164.456355, -255.057986, 1.000000, -1.#QNAN0
3164.496442, -255.116856, 1.000000, -1.#QNAN0
3164.641933, -255.330515, 1.000000, -1.#QNAN0
3164.682021, -255.389385, 1.000000, -1.#QNAN0
3164.816029, -255.607271, 1.000000, -1.#QNAN0
3164.856116, -255.666141, 1.000000, -1.#QNAN0
3164.896204, -255.725011, 1.000000, -1.#QNAN0
3165.038562, -255.934070, 1.000000, -1.#QNAN0
3165.078650, -255.992940, 1.000000, -1.#QNAN0
3165.118737, -256.051810, 1.000000, -1.#QNAN0
3165.261096, -256.260869, 1.000000, -1.#QNAN0
3165.301184, -256.319740, 1.000000, -1.#QNAN0
3165.443542, -256.528798, 1.000000, -1.#QNAN0
3165.483630, -256.587668, 1.000000, -1.#QNAN0
3165.523717, -256.646539, 1.000000, -1.#QNAN0
3165.666076, -256.855597, 1.000000, -1.#QNAN0
3165.706163, -256.914467, 1.000000, -1.#QNAN0
3165.746251, -256.973338, 1.000000, -1.#QNAN0
3165.888609, -257.182396, 1.000000, -1.#QNAN0
3165.928697, -257.241267, 1.000000, -1.#QNAN0
3166.071055, -257.450325, 1.000000, -1.#QNAN0
3166.111143, -257.509196, 1.000000, -1.#QNAN0
3166.151231, -257.568066, 1.000000, -1.#QNAN0
3166.293589, -257.777124, 1.000000, -1.#QNAN0
3166.333677, -257.835995, 1.000000, -1.#QNAN0
3166.373764, -257.894865, 1.000000, -1.#QNAN0
3166.516123, -258.103924, 1.000000, -1.#QNAN0
3166.556210, -258.162794, 1.000000, -1.#QNAN0
3166.698569, -258.371853, 1.000000, -1.#QNAN0
3166.728845, -258.437404, 1.000000, -1.#QNAN0
3166.768932, -258.496274, 1.000000, -1.#QNAN0
3166.911291, -258.705333, 1.000000, -1.#QNAN0
3166.951378, -258.764203, 1.000000, -1.#QNAN0
3166.991466, -258.823073, 1.000000, -1.#QNAN0
3167.133825, -259.032132, 1.000000, -1.#QNAN0
3167.173912, -259.091002, 1.000000, -1.#QNAN0
3167.316271, -259.300061, 1.000000, -1.#QNAN0
3167.356358, -259.358931, 1.000000, -1.#QNAN0
3167.396446, -259.417801, 1.000000, -1.#QNAN0
3167.528992, -259.633541, 1.000000, -1.#QNAN0
3167.569080, -259.692411, 1.000000, -1.#QNAN0
3167.609168, -259.751282, 1.000000, -1.#QNAN0
3167.751526, -259.960341, 1.000000, -1.#QNAN0
3167.791614, -260.019211, 1.000000, -1.#QNAN0
3167.933526, -260.227411, 1.000000, -1.#QNAN0
3167.973647, -260.286259, 1.000000, -1.#QNAN0
3168.013767, -260.345107, 1.000000, -1.#QNAN0
3168.162444, -260.540287, 1.000000, -1.#QNAN0
3168.202833, -260.598952, 1.000000, -1.#QNAN0
3168.243221, -260.657616, 1.000000, -1.#QNAN0
3168.381566, -260.855720, 1.000000, -1.#QNAN0
3168.422336, -260.914120, 1.000000, -1.#QNAN0
3168.561585, -261.111257, 1.000000, -1.#QNAN0
3168.602744, -261.169383, 1.000000, -1.#QNAN0
3168.643903, -261.227510, 1.000000, -1.#QNAN0
3168.784462, -261.423376, 1.000000, -1.#QNAN0
3168.826017, -261.481220, 1.000000, -1.#QNAN0
3168.867572, -261.539063, 1.000000, -1.#QNAN0
3169.009464, -261.733616, 1.000000, -1.#QNAN0
3169.051423, -261.791168, 1.000000, -1.#QNAN0
3169.194259, -261.984666, 1.000000, -1.#QNAN0
3169.236629, -262.041915, 1.000000, -1.#QNAN0
3169.278999, -262.099165, 1.000000, -1.#QNAN0
3169.423572, -262.291921, 1.000000, -1.#QNAN0
3169.466336, -262.348876, 1.000000, -1.#QNAN0
3169.509101, -262.405832, 1.000000, -1.#QNAN0
3169.658065, -262.602796, 1.000000, -1.#QNAN0
3169.701025, -262.659603, 1.000000, -1.#QNAN0
3169.853584, -262.861338, 1.000000, -1.#QNAN0
3169.896544, -262.918146, 1.000000, -1.#QNAN0
3169.939504, -262.974954, 1.000000, -1.#QNAN0
3170.097364, -263.183697, 1.000000, -1.#QNAN0
3170.140324, -263.240505, 1.000000, -1.#QNAN0
3170.183285, -263.297313, 1.000000, -1.#QNAN0
3170.341690, -263.506778, 1.000000, -1.#QNAN0
3170.384650, -263.563586, 1.000000, -1.#QNAN0
3170.550904, -263.783430, 1.000000, -1.#QNAN0
3170.593864, -263.840238, 1.000000, -1.#QNAN0
3170.636824, -263.897045, 1.000000, -1.#QNAN0
3170.813364, -264.110811, 1.000000, -1.#QNAN0
3170.856325, -264.167619, 1.000000, -1.#QNAN0
3170.899285, -264.224427, 1.000000, -1.#QNAN0
3171.074454, -264.456059, 1.000000, -1.#QNAN0
3171.117414, -264.512867, 1.000000, -1.#QNAN0
3171.160374, -264.569675, 1.000000, -1.#QNAN0
3171.346054, -264.795527, 1.000000, -1.#QNAN0
3171.389014, -264.852335, 1.000000, -1.#QNAN0
3171.431975, -264.909143, 1.000000, -1.#QNAN0
3171.609328, -265.143664, 1.000000, -1.#QNAN0
3171.652289, -265.200472, 1.000000, -1.#QNAN0
3171.685781, -265.264440, 1.000000, -1.#QNAN0
3171.738209, -265.314088, 1.000000, -1.#QNAN0
3171.918071, -265.551926, 1.000000, -1.#QNAN0
3171.961031, -265.608734, 1.000000, -1.#QNAN0
3172.003992, -265.665542, 1.000000, -1.#QNAN0
3172.183854, -265.903380, 1.000000, -1.#QNAN0
3172.236282, -265.953028, 1.000000, -1.#QNAN0
3172.279242, -266.009836, 1.000000, -1.#QNAN0
3172.459104, -266.247674, 1.000000, -1.#QNAN0
3172.502064, -266.304482, 1.000000, -1.#QNAN0
3172.535556, -266.368449, 1.000000, -1.#QNAN0
3172.578517, -266.425257, 1.000000, -1.#QNAN0
3172.767847, -266.655936, 1.000000, -1.#QNAN0
3172.810807, -266.712744, 1.000000, -1.#QNAN0
3172.853767, -266.769552, 1.000000, -1.#QNAN0
3173.033629, -267.007390, 1.000000, -1.#QNAN0
3173.076589, -267.064198, 1.000000, -1.#QNAN0
3173.119550, -267.121006, 1.000000, -1.#QNAN0
3173.299412, -267.358844, 1.000000, -1.#QNAN0
3173.342372, -267.415651, 1.000000, -1.#QNAN0
3173.385332, -267.472459, 1.000000, -1.#QNAN0
3173.428292, -267.529267, 1.000000, -1.#QNAN0
3173.608155, -267.767106, 1.000000, -1.#QNAN0
3173.651115, -267.823914, 1.000000, -1.#QNAN0
3173.694075, -267.880722, 1.000000, -1.#QNAN0
3173.873937, -268.118560, 1.000000, -1.#QNAN0
3173.916897, -268.175367, 1.000000, -1.#QNAN0
3173.959857, -268.232175, 1.000000, -1.#QNAN0
3174.139719, -268.470013, 1.000000, -1.#QNAN0
3174.192147, -268.519661, 1.000000, -1.#QNAN0
3174.235108, -268.576469, 1.000000, -1.#QNAN0
3174.278068, -268.633277, 1.000000, -1.#QNAN0
3174.457930, -268.871116, 1.000000, -1.#QNAN0
3174.510358, -268.920763, 1.000000, -1.#QNAN0
3174.553319, -268.977571, 1.000000, -1.#QNAN0
3174.731512, -269.212379, 1.000000, -1.#QNAN0
3174.765126, -269.276283, 1.000000, -1.#QNAN0
3174.808195, -269.333009, 1.000000, -1.#QNAN0
3174.975992, -269.525745, 1.000000, -1.#QNAN0
3175.020413, -269.581419, 1.000000, -1.#QNAN0
3175.064833, -269.637093, 1.000000, -1.#QNAN0
3175.109254, -269.692766, 1.000000, -1.#QNAN0
3175.269017, -269.881060, 1.000000, -1.#QNAN0
3175.315010, -269.935442, 1.000000, -1.#QNAN0
3175.361003, -269.989823, 1.000000, -1.#QNAN0
3175.528224, -270.177940, 1.000000, -1.#QNAN0
3175.575611, -270.231111, 1.000000, -1.#QNAN0
3175.622998, -270.284282, 1.000000, -1.#QNAN0
3175.805760, -270.463814, 1.000000, -1.#QNAN0
3175.854385, -270.515856, 1.000000, -1.#QNAN0
3175.903011, -270.567897, 1.000000, -1.#QNAN0
3175.951636, -270.619938, 1.000000, -1.#QNAN0
3176.132956, -270.805622, 1.000000, -1.#QNAN0
3176.182685, -270.856610, 1.000000, -1.#QNAN0
3176.232414, -270.907598, 1.000000, -1.#QNAN0
3176.419406, -271.092480, 1.000000, -1.#QNAN0
3176.470120, -271.142488, 1.000000, -1.#QNAN0
3176.520834, -271.192496, 1.000000, -1.#QNAN0
3176.723630, -271.389715, 1.000000, -1.#QNAN0
3176.774767, -271.439291, 1.000000, -1.#QNAN0
3176.825903, -271.488867, 1.000000, -1.#QNAN0
3176.877040, -271.538443, 1.000000, -1.#QNAN0
3177.089803, -271.744233, 1.000000, -1.#QNAN0
3177.140999, -271.793747, 1.000000, -1.#QNAN0
3177.192196, -271.843262, 1.000000, -1.#QNAN0
3177.406538, -272.050560, 1.000000, -1.#QNAN0
3177.457734, -272.100075, 1.000000, -1.#QNAN0
3177.508930, -272.149589, 1.000000, -1.#QNAN0
3177.723272, -272.356888, 1.000000, -1.#QNAN0
3177.782721, -272.397869, 1.000000, -1.#QNAN0
3177.833917, -272.447383, 1.000000, -1.#QNAN0
3177.885114, -272.496897, 1.000000, -1.#QNAN0
3178.099456, -272.704196, 1.000000, -1.#QNAN0
3178.150652, -272.753711, 1.000000, -1.#QNAN0
3178.201849, -272.803225, 1.000000, -1.#QNAN0
3178.413401, -273.007825, 1.000000, -1.#QNAN0
3178.464597, -273.057339, 1.000000, -1.#QNAN0
3178.515793, -273.106854, 1.000000, -1.#QNAN0
3178.728726, -273.312789, 1.000000, -1.#QNAN0
3178.779922, -273.362304, 1.000000, -1.#QNAN0
3178.831119, -273.411818, 1.000000, -1.#QNAN0
3178.882315, -273.461332, 1.000000, -1.#QNAN0
3179.088099, -273.660354, 1.000000, -1.#QNAN0
3179.139295, -273.709868, 1.000000, -1.#QNAN0
3179.190491, -273.759382, 1.000000, -1.#QNAN0
3179.397661, -273.959744, 1.000000, -1.#QNAN0
3179.457110, -274.000726, 1.000000, -1.#QNAN0
3179.508306, -274.050240, 1.000000, -1.#QNAN0
3179.708333, -274.243694, 1.000000, -1.#QNAN0
3179.759529, -274.293208, 1.000000, -1.#QNAN0
3179.810726, -274.342722, 1.000000, -1.#QNAN0
3180.003613, -274.529271, 1.000000, -1.#QNAN0
3180.054809, -274.578786, 1.000000, -1.#QNAN0
3180.106006, -274.628300, 1.000000, -1.#QNAN0
3180.300289, -274.816199, 1.000000, -1.#QNAN0
3180.359738, -274.857181, 1.000000, -1.#QNAN0
3180.410934, -274.906695, 1.000000, -1.#QNAN0
3180.600867, -275.090386, 1.000000, -1.#QNAN0
3180.652063, -275.139900, 1.000000, -1.#QNAN0
3180.841996, -275.323592, 1.000000, -1.#QNAN0
3180.893192, -275.373106, 1.000000, -1.#QNAN0
3180.944388, -275.422621, 1.000000, -1.#QNAN0
3181.134321, -275.606312, 1.000000, -1.#QNAN0
3181.185517, -275.655826, 1.000000, -1.#QNAN0
3181.244966, -275.696808, 1.000000, -1.#QNAN0
3181.434898, -275.880499, 1.000000, -1.#QNAN0
3181.486095, -275.930013, 1.000000, -1.#QNAN0
3181.545543, -275.970995, 1.000000, -1.#QNAN0
3181.735476, -276.154686, 1.000000, -1.#QNAN0
3181.786673, -276.204200, 1.000000, -1.#QNAN0
3181.837869, -276.253715, 1.000000, -1.#QNAN0
3182.027801, -276.437406, 1.000000, -1.#QNAN0
3182.078998, -276.486920, 1.000000, -1.#QNAN0
3182.138446, -276.527902, 1.000000, -1.#QNAN0
3182.328379, -276.711593, 1.000000, -1.#QNAN0
3182.379575, -276.761107, 1.000000, -1.#QNAN0
3182.569508, -276.944799, 1.000000, -1.#QNAN0
3182.620704, -276.994313, 1.000000, -1.#QNAN0
3182.680153, -277.035295, 1.000000, -1.#QNAN0
3182.870085, -277.218986, 1.000000, -1.#QNAN0
3182.921282, -277.268500, 1.000000, -1.#QNAN0
3182.972478, -277.318014, 1.000000, -1.#QNAN0
3183.162411, -277.501706, 1.000000, -1.#QNAN0
3183.213607, -277.551220, 1.000000, -1.#QNAN0
3183.264803, -277.600734, 1.000000, -1.#QNAN0
3183.462988, -277.775893, 1.000000, -1.#QNAN0
3183.514185, -277.825407, 1.000000, -1.#QNAN0
3183.565381, -277.874921, 1.000000, -1.#QNAN0
3183.755314, -278.058613, 1.000000, -1.#QNAN0
3183.814762, -278.099594, 1.000000, -1.#QNAN0
3183.865959, -278.149108, 1.000000, -1.#QNAN0
3184.055411, -278.332187, 1.000000, -1.#QNAN0
3184.106627, -278.381681, 1.000000, -1.#QNAN0
3184.295070, -278.563425, 1.000000, -1.#QNAN0
3184.338111, -278.621400, 1.000000, -1.#QNAN0
3184.389390, -278.670828, 1.000000, -1.#QNAN0
3184.576627, -278.850575, 1.000000, -1.#QNAN0
3184.628028, -278.899877, 1.000000, -1.#QNAN0
3184.679428, -278.949179, 1.000000, -1.#QNAN0
3184.866729, -279.127958, 1.000000, -1.#QNAN0
3184.918267, -279.177116, 1.000000, -1.#QNAN0
3184.969805, -279.226274, 1.000000, -1.#QNAN0
3185.165581, -279.395631, 1.000000, -1.#QNAN0
3185.217264, -279.444636, 1.000000, -1.#QNAN0
3185.268948, -279.493642, 1.000000, -1.#QNAN0
3185.457081, -279.671004, 1.000000, -1.#QNAN0
3185.508910, -279.719855, 1.000000, -1.#QNAN0
3185.568881, -279.760069, 1.000000, -1.#QNAN0
3185.757274, -279.936497, 1.000000, -1.#QNAN0
3185.809258, -279.985183, 1.000000, -1.#QNAN0
3185.997783, -280.160804, 1.000000, -1.#QNAN0
3186.058018, -280.200621, 1.000000, -1.#QNAN0
3186.110169, -280.249129, 1.000000, -1.#QNAN0
3186.292304, -280.434002, 1.000000, -1.#QNAN0
3186.352641, -280.473663, 1.000000, -1.#QNAN0
3186.404917, -280.522037, 1.000000, -1.#QNAN0
3186.598091, -280.700608, 1.000000, -1.#QNAN0
3186.650395, -280.748951, 1.000000, -1.#QNAN0
3186.702700, -280.797293, 1.000000, -1.#QNAN0
3186.896742, -280.976638, 1.000000, -1.#QNAN0
3186.957103, -281.016263, 1.000000, -1.#QNAN0
3187.009407, -281.064605, 1.000000, -1.#QNAN0
3187.204548, -281.244964, 1.000000, -1.#QNAN0
3187.256852, -281.293307, 1.000000, -1.#QNAN0
3187.309156, -281.341649, 1.000000, -1.#QNAN0
3187.506615, -281.524152, 1.000000, -1.#QNAN0
3187.558920, -281.572494, 1.000000, -1.#QNAN0
3187.758740, -281.757179, 1.000000, -1.#QNAN0
3187.811044, -281.805522, 1.000000, -1.#QNAN0
3187.863349, -281.853864, 1.000000, -1.#QNAN0
3188.065571, -282.040768, 1.000000, -1.#QNAN0
3188.117875, -282.089111, 1.000000, -1.#QNAN0
3188.170179, -282.137453, 1.000000, -1.#QNAN0
3188.374842, -282.326614, 1.000000, -1.#QNAN0
3188.427146, -282.374957, 1.000000, -1.#QNAN0
3188.479451, -282.423299, 1.000000, -1.#QNAN0
3188.677877, -282.606695, 1.000000, -1.#QNAN0
3188.730181, -282.655038, 1.000000, -1.#QNAN0
3188.782485, -282.703380, 1.000000, -1.#QNAN0
3188.983429, -282.889103, 1.000000, -1.#QNAN0
3189.035733, -282.937446, 1.000000, -1.#QNAN0
3189.096095, -282.977071, 1.000000, -1.#QNAN0
3189.298362, -283.164018, 1.000000, -1.#QNAN0
3189.350666, -283.212360, 1.000000, -1.#QNAN0
3189.402971, -283.260702, 1.000000, -1.#QNAN0
3189.605239, -283.447650, 1.000000, -1.#QNAN0
3189.657543, -283.495992, 1.000000, -1.#QNAN0
3189.709847, -283.544334, 1.000000, -1.#QNAN0
3189.912115, -283.731281, 1.000000, -1.#QNAN0
3189.964419, -283.779624, 1.000000, -1.#QNAN0
3190.016723, -283.827966, 1.000000, -1.#QNAN0
3190.218991, -284.014913, 1.000000, -1.#QNAN0
3190.263238, -284.071973, 1.000000, -1.#QNAN0
3190.315542, -284.120315, 1.000000, -1.#QNAN0
3190.517810, -284.307262, 1.000000, -1.#QNAN0
3190.570114, -284.355605, 1.000000, -1.#QNAN0
3190.622419, -284.403947, 1.000000, -1.#QNAN0
3190.824686, -284.590894, 1.000000, -1.#QNAN0
3190.876991, -284.639236, 1.000000, -1.#QNAN0
3190.929295, -284.687579, 1.000000, -1.#QNAN0
3191.131563, -284.874526, 1.000000, -1.#QNAN0
3191.183867, -284.922868, 1.000000, -1.#QNAN0
3191.236171, -284.971210, 1.000000, -1.#QNAN0
3191.438439, -285.158157, 1.000000, -1.#QNAN0
3191.490743, -285.206500, 1.000000, -1.#QNAN0
3191.543047, -285.254842, 1.000000, -1.#QNAN0
3191.737258, -285.450506, 1.000000, -1.#QNAN0
3191.789562, -285.498849, 1.000000, -1.#QNAN0
3191.841866, -285.547191, 1.000000, -1.#QNAN0
3192.044134, -285.734138, 1.000000, -1.#QNAN0
3192.096438, -285.782481, 1.000000, -1.#QNAN0
3192.148743, -285.830823, 1.000000, -1.#QNAN0
3192.351011, -286.017770, 1.000000, -1.#QNAN0
3192.403315, -286.066112, 1.000000, -1.#QNAN0
3192.455619, -286.114455, 1.000000, -1.#QNAN0
3192.657887, -286.301402, 1.000000, -1.#QNAN0
3192.710191, -286.349744, 1.000000, -1.#QNAN0
3192.762495, -286.398087, 1.000000, -1.#QNAN0
3192.959951, -286.579290, 1.000000, -1.#QNAN0
3193.012441, -286.627431, 1.000000, -1.#QNAN0
3193.056906, -286.684320, 1.000000, -1.#QNAN0
3193.246683, -286.854927, 1.000000, -1.#QNAN0
3193.299676, -286.902514, 1.000000, -1.#QNAN0
3193.352669, -286.950100, 1.000000, -1.#QNAN0
3193.541825, -287.115961, 1.000000, -1.#QNAN0
3193.587583, -287.171816, 1.000000, -1.#QNAN0
3193.641162, -287.218742, 1.000000, -1.#QNAN0
3193.832853, -287.382765, 1.000000, -1.#QNAN0
3193.886996, -287.429038, 1.000000, -1.#QNAN0
3193.941139, -287.475312, 1.000000, -1.#QNAN0
3194.135183, -287.637415, 1.000000, -1.#QNAN0
3194.189869, -287.683046, 1.000000, -1.#QNAN0
3194.244555, -287.728676, 1.000000, -1.#QNAN0
3194.440879, -287.888877, 1.000000, -1.#QNAN0
3194.496087, -287.933875, 1.000000, -1.#QNAN0
3194.551296, -287.978872, 1.000000, -1.#QNAN0
3194.749830, -288.137190, 1.000000, -1.#QNAN0
3194.805541, -288.181563, 1.000000, -1.#QNAN0
3194.861252, -288.225937, 1.000000, -1.#QNAN0
3195.067950, -288.388527, 1.000000, -1.#QNAN0
3131.629371, -182.837764, 0.000000, 0.000000
3131.640791, -182.909061, 0.000000, 0.000000
3131.663464, -182.976579, 0.000000, 0.000000
3131.825089, -183.234151, 1.000000, 0.000000
3131.881520, -183.290333, 1.000000, 0.000000
3131.926699, -183.350293, 1.000000, 0.000000
3132.077892, -183.614089, 1.000000, 0.000000
3132.111818, -183.677828, 1.000000, 0.000000
3132.134491, -183.745346, 1.000000, 0.000000
3132.230279, -184.030596, 1.000000, 0.000000
3132.252951, -184.098114, 1.000000, 0.000000
3132.264371, -184.169410, 1.000000, 0.000000
3132.357277, -184.446079, 1.000000, 0.000000
3132.379950, -184.513596, 1.000000, 0.000000
3132.402623, -184.581114, 1.000000, 0.000000
3132.425296, -184.648632, 1.000000, 0.000000
3132.518404, -184.925903, 1.000000, 0.000000
3132.541077, -184.993421, 1.000000, 0.000000
3132.563750, -185.060939, 1.000000, 0.000000
3132.668111, -185.334431, 1.000000, 0.000000
3132.690784, -185.401949, 1.000000, 0.000000
3132.713457, -185.469467, 1.000000, 0.000000
3132.806565, -185.746738, 1.000000, 0.000000
3132.829238, -185.814256, 1.000000, 0.000000
3132.851911, -185.881774, 1.000000, 0.000000
3132.874583, -185.949292, 1.000000, 0.000000
3132.967692, -186.226562, 1.000000, 0.000000
3132.990365, -186.294080, 1.000000, 0.000000
3133.024290, -186.357819, 1.000000, 0.000000
3133.117399, -186.635091, 1.000000, 0.000000
3133.151325, -186.698830, 1.000000, 0.000000
3133.173998, -186.766348, 1.000000, 0.000000
3133.267106, -187.043619, 1.000000, 0.000000
3133.289779, -187.111136, 1.000000, 0.000000
3133.323705, -187.174876, 1.000000, 0.000000
3133.346377, -187.242393, 1.000000, 0.000000
3133.450739, -187.515885, 1.000000, 0.000000
3133.473411, -187.583403, 1.000000, 0.000000
3133.496084, -187.650921, 1.000000, 0.000000
3133.600446, -187.924414, 1.000000, 0.000000
3133.623119, -187.991932, 1.000000, 0.000000
3133.645791, -188.059450, 1.000000, 0.000000
3133.615117, -188.378287, 0.000000, 0.000000
3133.637790, -188.445805, 0.000000, 0.000000
3133.660463, -188.513323, 0.000000, 0.000000
3133.683135, -188.580841, 0.000000, 0.000000
3133.776244, -188.858112, 0.000000, 0.000000
3133.798917, -188.925629, 0.000000, 0.000000
3133.832842, -188.989369, 0.000000, 0.000000
3133.920542, -189.255038, 0.000000, 0.000000
3133.942828, -189.322684, 0.000000, 0.000000
3133.965114, -189.390331, 0.000000, 0.000000
3134.042695, -189.636502, 0.000000, 0.000000
3134.063932, -189.704486, 0.000000, 0.000000
3134.085168, -189.772469, 0.000000, 0.000000
3134.106404, -189.840452, 0.000000, 0.000000
3134.177761, -190.084115, 0.000000, 0.000000
3134.197812, -190.152458, 0.000000, 0.000000
3134.217864, -190.220800, 0.000000, 0.000000
3134.297045, -190.462967, 0.000000, 0.000000
3134.315925, -190.531642, 0.000000, 0.000000
3134.334804, -190.600318, 0.000000, 0.000000
3134.398993, -190.847426, 0.000000, 0.000000
3134.416715, -190.916410, 0.000000, 0.000000
3134.434436, -190.985393, 0.000000, 0.000000
3134.452157, -191.054376, 0.000000, 0.000000
3134.511629, -191.303319, 0.000000, 0.000000
3134.528207, -191.372586, 0.000000, 0.000000
3134.544785, -191.441853, 0.000000, 0.000000
3134.600727, -191.692273, 0.000000, 0.000000
3134.616177, -191.761800, 0.000000, 0.000000
3134.643215, -191.828752, 0.000000, 0.000000
3134.700370, -192.095280, 0.000000, 0.000000
3134.715190, -192.164944, 0.000000, 0.000000
3134.730010, -192.234609, 0.000000, 0.000000
3134.744829, -192.304273, 0.000000, 0.000000
3134.804559, -192.587126, 0.000000, 0.000000
3134.819271, -192.656813, 0.000000, 0.000000
3134.833983, -192.726500, 0.000000, 0.000000
3134.894399, -193.012680, 0.000000, 0.000000
3134.909111, -193.082368, 0.000000, 0.000000
3134.923823, -193.152055, 0.000000, 0.000000
3134.984239, -193.438234, 0.000000, 0.000000
3135.010565, -193.505469, 0.000000, 0.000000
3135.025277, -193.575156, 0.000000, 0.000000
3135.039989, -193.644843, 0.000000, 0.000000
3135.100405, -193.931023, 0.000000, 0.000000
3135.115117, -194.000710, 0.000000, 0.000000
3135.129829, -194.070397, 0.000000, 0.000000
3135.190245, -194.356577, 0.000000, 0.000000
3135.204957, -194.426264, 0.000000, 0.000000
3135.219669, -194.495951, 0.000000, 0.000000
3135.280001, -194.781735, 0.000000, 0.000000
3135.294713, -194.851422, 0.000000, 0.000000
3135.321039, -194.918657, 0.000000, 0.000000
3135.335751, -194.988344, 0.000000, 0.000000
3135.398235, -195.284316, 0.000000, 0.000000
3135.412946, -195.354003, 0.000000, 0.000000
3135.427658, -195.423690, 0.000000, 0.000000
3135.489853, -195.718295, 0.000000, 0.000000
3135.504565, -195.787982, 0.000000, 0.000000
3135.519277, -195.857669, 0.000000, 0.000000
3135.581196, -196.150968, 0.000000, 0.000000
3135.595908, -196.220655, 0.000000, 0.000000
3135.610620, -196.290342, 0.000000, 0.000000
3135.672276, -196.582394, 0.000000, 0.000000
3135.698602, -196.649629, 0.000000, 0.000000
3135.713314, -196.719316, 0.000000, 0.000000
3135.774720, -197.010185, 0.000000, 0.000000
3135.789432, -197.079872, 0.000000, 0.000000
3135.804143, -197.149559, 0.000000, 0.000000
3135.818855, -197.219246, 0.000000, 0.000000
3135.880024, -197.508991, 0.000000, 0.000000
3135.894736, -197.578678, 0.000000, 0.000000
3135.909448, -197.648365, 0.000000, 0.000000
3135.970452, -197.937331, 0.000000, 0.000000
3135.985164, -198.007018, 0.000000, 0.000000
3136.011490, -198.074253, 0.000000, 0.000000
3136.072495, -198.363218, 0.000000, 0.000000
3136.087206, -198.432905, 0.000000, 0.000000
3136.101918, -198.502592, 0.000000, 0.000000
3136.162923, -198.791558, 0.000000, 0.000000
3136.177634, -198.861245, 0.000000, 0.000000
3136.192346, -198.930932, 0.000000, 0.000000
3136.253351, -199.219897, 0.000000, 0.000000
3136.268062, -199.289584, 0.000000, 0.000000
3136.282774, -199.359271, 0.000000, 0.000000
3136.343779, -199.648237, 0.000000, 0.000000
3136.358490, -199.717924, 0.000000, 0.000000
3136.384817, -199.785159, 0.000000, 0.000000
3136.399529, -199.854846, 0.000000, 0.000000
3136.460533, -200.143812, 0.000000, 0.000000
3136.475245, -200.213499, 0.000000, 0.000000
3136.489956, -200.283186, 0.000000, 0.000000
3136.550961, -200.572151, 0.000000, 0.000000
3136.554058, -200.644290, 1.000000, 0.000000
3136.568770, -200.713977, 1.000000, 0.000000
3136.629774, -201.002943, 1.000000, 0.000000
3136.702559, -201.060370, 1.000000, 0.000000
3136.728885, -201.127605, 1.000000, 0.000000
3136.789889, -201.416570, 1.000000, 0.000000
3136.804601, -201.486257, 1.000000, 0.000000
3136.819313, -201.555944, 1.000000, 0.000000
3136.880317, -201.844910, 1.000000, 0.000000
3136.895029, -201.914597, 1.000000, 0.000000
3136.909741, -201.984284, 1.000000, 0.000000
3136.971317, -202.274967, 1.000000, 0.000000
3136.986089, -202.344641, 1.000000, 0.000000
3137.000862, -202.414315, 1.000000, 0.000000
3137.015634, -202.483989, 1.000000, 0.000000
3137.069081, -202.785723, 1.000000, 0.000000
3137.037820, -202.865410, 1.000000, 0.000000
3137.041357, -202.937528, 1.000000, 0.000000
3137.170438, -203.235960, 1.000000, 0.000000
3137.197934, -203.302725, 1.000000, 0.000000
3137.213860, -203.372144, 1.000000, 0.000000
3137.299929, -203.679682, 1.000000, 0.000000
3137.316650, -203.748914, 1.000000, 0.000000
3137.333371, -203.818147, 1.000000, 0.000000
3137.411368, -204.127694, 1.000000, 0.000000
3137.428889, -204.196729, 1.000000, 0.000000
3137.423398, -204.271603, 1.000000, 0.000000
3137.470571, -204.589884, 1.000000, 0.000000
3137.500367, -204.655655, 1.000000, 0.000000
3137.518693, -204.724480, 1.000000, 0.000000
3137.592460, -205.036305, 1.000000, 0.000000
3137.600159, -205.108099, 1.000000, 0.000000
3137.607859, -205.179893, 1.000000, 0.000000
3137.672729, -205.235742, 1.000000, 0.000000
3137.773080, -205.538590, 1.000000, 0.000000
3137.792980, -205.606977, 1.000000, 0.000000
3137.812880, -205.675363, 1.000000, 0.000000
3137.901333, -205.972180, 1.000000, 0.000000
3137.910329, -206.043823, 1.000000, 0.000000
3137.930699, -206.112071, 1.000000, 0.000000
3138.015165, -206.395069, 1.000000, 0.000000
3137.990036, -206.476897, 1.000000, 0.000000
3138.010406, -206.545145, 1.000000, 0.000000
3138.094873, -206.828142, 1.000000, 0.000000
3138.126617, -206.892995, 1.000000, 0.000000
3138.135612, -206.964638, 0.000000, 0.000000
3138.220079, -207.247636, 0.000000, 0.000000
3138.240449, -207.315884, 0.000000, 0.000000
3138.260819, -207.384132, 0.000000, 0.000000
3138.345285, -207.667130, 0.000000, 0.000000
3138.365655, -207.735378, 0.000000, 0.000000
3138.386025, -207.803626, 0.000000, 0.000000
3138.406395, -207.871873, 0.000000, 0.000000
3138.479462, -208.158183, 0.000000, 0.000000
3138.499832, -208.226431, 0.000000, 0.000000
3138.520202, -208.294679, 0.000000, 0.000000
3138.604567, -208.577338, 0.000000, 0.000000
3138.624937, -208.645586, 0.000000, 0.000000
3138.645307, -208.713834, 0.000000, 0.000000
3138.729605, -208.996269, 0.000000, 0.000000
3138.749975, -209.064517, 0.000000, 0.000000
3138.770345, -209.132765, 0.000000, 0.000000
3138.854585, -209.415005, 0.000000, 0.000000
3138.874955, -209.483253, 0.000000, 0.000000
3138.895325, -209.551501, 0.000000, 0.000000
3138.979517, -209.833580, 0.000000, 0.000000
3138.999887, -209.901828, 0.000000, 0.000000
3139.020257, -209.970076, 0.000000, 0.000000
3139.093035, -210.255420, 0.000000, 0.000000
3139.113405, -210.323668, 0.000000, 0.000000
3139.133775, -210.391916, 0.000000, 0.000000
3139.154145, -210.460164, 0.000000, 0.000000
3139.238269, -210.742012, 0.000000, 0.000000
3139.258639, -210.810260, 0.000000, 0.000000
3139.279009, -210.878508, 0.000000, 0.000000
3139.363117, -211.160306, 0.000000, 0.000000
3139.383487, -211.228554, 0.000000, 0.000000
3139.403857, -211.296802, 0.000000, 0.000000
3139.487965, -211.578600, 0.000000, 0.000000
3139.508335, -211.646848, 0.000000, 0.000000
3139.528705, -211.715096, 0.000000, 0.000000
3139.612813, -211.996894, 0.000000, 0.000000
3139.633183, -212.065142, 0.000000, 0.000000
3139.642178, -212.136785, 0.000000, 0.000000
3139.726286, -212.418583, 0.000000, 0.000000
3139.746656, -212.486831, 0.000000, 0.000000
3139.767026, -212.555079, 0.000000, 0.000000
3139.851135, -212.836877, 0.000000, 0.000000
3139.871505, -212.905125, 0.000000, 0.000000
3139.891875, -212.973373, 0.000000, 0.000000
3139.912244, -213.041621, 0.000000, 0.000000
3139.996353, -213.323419, 0.000000, 0.000000
3140.016723, -213.391667, 0.000000, 0.000000
3140.037093, -213.459915, 0.000000, 0.000000
3140.121201, -213.741713, 0.000000, 0.000000
3140.141571, -213.809961, 0.000000, 0.000000
3140.161941, -213.878209, 0.000000, 0.000000
3140.246049, -214.160007, 0.000000, 0.000000
3140.266419, -214.228255, 0.000000, 0.000000
3140.275414, -214.299898, 0.000000, 0.000000
3140.359522, -214.581696, 0.000000, 0.000000
3140.379892, -214.649944, 0.000000, 0.000000
3140.400262, -214.718192, 0.000000, 0.000000
3140.484370, -214.999990, 0.000000, 0.000000
3140.504740, -215.068238, 0.000000, 0.000000
3140.525110, -215.136486, 0.000000, 0.000000
3140.609582, -215.419152, 0.000000, 0.000000
3140.629981, -215.487391, 0.000000, 0.000000
3140.650380, -215.555630, 0.000000, 0.000000
3140.670779, -215.623870, 0.000000, 0.000000
3140.758228, -215.912741, 0.000000, 0.000000
3140.778868, -215.980908, 0.000000, 0.000000
3140.799507, -216.049075, 0.000000, 0.000000
3140.892499, -216.347660, 0.000000, 0.000000
3140.902385, -216.419185, 0.000000, 0.000000
3140.923602, -216.487174, 0.000000, 0.000000
3141.019074, -216.785114, 0.000000, 0.000000
3141.040869, -216.852920, 0.000000, 0.000000
3141.062664, -216.920726, 0.000000, 0.000000
3141.160581, -217.217897, 0.000000, 0.000000
3141.182953, -217.285515, 0.000000, 0.000000
3141.205325, -217.353133, 0.000000, 0.000000
3141.328159, -217.641862, 1.000000, 0.000000
3141.351107, -217.709287, 1.000000, 0.000000
3141.385292, -217.772887, 1.000000, 0.000000
3141.555215, -218.044639, 1.000000, 0.000000
3141.578738, -218.111865, 1.000000, 0.000000
3141.613465, -218.175171, 1.000000, 0.000000
3141.636987, -218.242398, 1.000000, 0.000000
3141.742047, -218.535199, 1.000000, 0.000000
3141.754944, -218.606243, 1.000000, 0.000000
3141.779013, -218.673276, 1.000000, 0.000000
3141.883327, -218.959516, 1.000000, 0.000000
3141.907733, -219.026427, 1.000000, 0.000000
3141.932139, -219.093338, 1.000000, 0.000000
3142.032912, -219.369615, 1.000000, 0.000000
3142.057318, -219.436526, 1.000000, 0.000000
3142.081724, -219.503437, 1.000000, 0.000000
3142.171344, -219.783781, 1.000000, 0.000000
3142.195750, -219.850692, 1.000000, 0.000000
3142.220156, -219.917603, 1.000000, 0.000000
3142.332080, -220.189812, 1.000000, 0.000000
3142.356486, -220.256723, 1.000000, 0.000000
3142.380892, -220.323634, 1.000000, 0.000000
3142.481665, -220.599911, 1.000000, 0.000000
3142.506071, -220.666822, 1.000000, 0.000000
3142.530477, -220.733733, 1.000000, 0.000000
3142.554882, -220.800644, 1.000000, 0.000000
3142.655655, -221.076921, 1.000000, 0.000000
3142.668909, -221.147899, 1.000000, 0.000000
3142.671011, -221.222945, 1.000000, 0.000000
3142.782066, -221.492771, 1.000000, 0.000000
3142.806472, -221.559682, 1.000000, 0.000000
3142.842030, -221.622526, 1.000000, 0.000000
3142.941023, -221.893924, 1.000000, 0.000000
3142.965429, -221.960835, 1.000000, 0.000000
3142.989835, -222.027746, 1.000000, 0.000000
3143.087966, -222.296780, 1.000000, 0.000000
3143.112372, -222.363691, 1.000000, 0.000000
3143.136778, -222.430602, 1.000000, 0.000000
3143.234095, -222.697405, 1.000000, 0.000000
3143.258500, -222.764316, 1.000000, 0.000000
3143.282906, -222.831227, 1.000000, 0.000000
3143.323700, -223.116273, 1.000000, 0.000000
3143.348106, -223.183184, 1.000000, 0.000000
3143.383664, -223.246027, 1.000000, 0.000000
3143.430373, -223.304803, 1.000000, 0.000000
3145.533539, -222.835376, -1.000000, 0.000000
3145.557945, -222.902287, -1.000000, 0.000000
3145.582351, -222.969198, -1.000000, 0.000000
3145.681595, -223.241283, -1.000000, 0.000000
3145.706000, -223.308193, -1.000000, 0.000000
3145.730406, -223.375104, -1.000000, 0.000000
3145.829593, -223.647032, -1.000000, 0.000000
3145.853998, -223.713943, -1.000000, 0.000000
3145.878404, -223.780854, -1.000000, 0.000000
3145.977591, -224.052782, -1.000000, 0.000000
3146.001996, -224.119693, -1.000000, 0.000000
3146.026402, -224.186604, -1.000000, 0.000000
3146.125588, -224.458531, -1.000000, 0.000000
3146.149994, -224.525442, -1.000000, 0.000000
3146.174400, -224.592353, -1.000000, 0.000000
3146.273586, -224.864281, -1.000000, 0.000000
3146.297992, -224.931192, -1.000000, 0.000000
3146.322398, -224.998103, -1.000000, 0.000000
3146.421584, -225.270030, -1.000000, 0.000000
3146.445990, -225.336941, -1.000000, 0.000000
3146.470396, -225.403852, -1.000000, 0.000000
3146.569582, -225.675780, -1.000000, 0.000000
3145.043885, -226.308094, 1.000000, 0.000000
3145.068291, -226.375005, 1.000000, 0.000000
3145.167477, -226.646933, 1.000000, 0.000000
3145.191883, -226.713843, 1.000000, 0.000000
3145.216289, -226.780754, 1.000000, 0.000000
3145.315475, -227.052682, 1.000000, 0.000000
3145.339881, -227.119593, 1.000000, 0.000000
3145.364287, -227.186504, 1.000000, 0.000000
3145.463473, -227.458431, 1.000000, 0.000000
3145.499031, -227.521275, 1.000000, 0.000000
3145.501133, -227.596321, 0.000000, 0.000000
3145.589168, -227.872316, 0.000000, 0.000000
3145.613574, -227.939227, 0.000000, 0.000000
3145.626828, -228.010206, 0.000000, 0.000000
3145.714862, -228.286201, 0.000000, 0.000000
3145.728116, -228.357180, 0.000000, 0.000000
3145.741370, -228.428158, 0.000000, 0.000000
3145.837412, -228.718358, 0.000000, 0.000000
3145.851326, -228.789210, 0.000000, 0.000000
3145.865239, -228.860062, 0.000000, 0.000000
3145.970439, -229.160556, 0.000000, 0.000000
3145.985508, -229.231172, 0.000000, 0.000000
3146.000577, -229.301787, 0.000000, 0.000000
3146.122757, -229.598005, 0.000000, 0.000000
3146.139045, -229.668349, 0.000000, 0.000000
3146.155333, -229.738693, 0.000000, 0.000000
3146.272183, -230.038329, 0.000000, 0.000000
3146.289706, -230.108376, 0.000000, 0.000000
3146.307229, -230.178423, 0.000000, 0.000000
3146.429880, -230.476982, 0.000000, 0.000000
3146.448652, -230.546705, 0.000000, 0.000000
3146.467424, -230.616428, 0.000000, 0.000000
3146.595957, -230.913762, 0.000000, 0.000000
3146.615992, -230.983133, 0.000000, 0.000000
3146.646734, -231.047379, 0.000000, 0.000000
3146.781124, -231.343138, 0.000000, 0.000000
3146.802432, -231.412128, 0.000000, 0.000000
3146.823741, -231.481117, 0.000000, 0.000000
3146.954783, -231.762233, 0.000000, 0.000000
3146.976816, -231.830995, 0.000000, 0.000000
3146.998849, -231.899757, 0.000000, 0.000000
3147.121751, -232.164010, 0.000000, 0.000000
3147.143844, -232.232752, 0.000000, 0.000000
3147.165938, -232.301495, 0.000000, 0.000000
3147.288051, -232.564194, 0.000000, 0.000000
3147.320694, -232.627496, 0.000000, 0.000000
3147.342788, -232.696238, 0.000000, 0.000000
3147.464901, -232.958938, 0.000000, 0.000000
3147.486995, -233.027680, 0.000000, 0.000000
3147.509088, -233.096422, 0.000000, 0.000000
3147.631760, -233.360205, 0.000000, 0.000000
3147.653853, -233.428947, 0.000000, 0.000000
3147.675947, -233.497690, 0.000000, 0.000000
3147.794879, -233.754220, 0.000000, 0.000000
3147.848623, -233.806641, 1.000000, 0.000000
3147.891817, -233.864502, 1.000000, 0.000000
3148.033561, -234.113469, 1.000000, 0.000000
3148.076755, -234.171331, 1.000000, 0.000000
3148.109398, -234.234632, 1.000000, 0.000000
3148.252863, -234.486937, 1.000000, 0.000000
3148.285507, -234.550239, 1.000000, 0.000000
3148.328700, -234.608100, 1.000000, 0.000000
3148.463346, -234.869201, 1.000000, 0.000000
3148.495989, -234.932503, 1.000000, 0.000000
3148.528633, -234.995805, 1.000000, 0.000000
3148.675569, -235.254841, 1.000000, 0.000000
3148.708213, -235.318143, 1.000000, 0.000000
3148.740856, -235.381444, 1.000000, 0.000000
3148.773500, -235.444746, 1.000000, 0.000000
3148.911635, -235.712616, 1.000000, 0.000000
3148.944279, -235.775917, 1.000000, 0.000000
3148.976922, -235.839219, 1.000000, 0.000000
3149.110795, -236.098822, 1.000000, 0.000000
3149.143438, -236.162123, 1.000000, 0.000000
3149.176082, -236.225425, 1.000000, 0.000000
3149.309954, -236.485028, 1.000000, 0.000000
3149.342598, -236.548330, 1.000000, 0.000000
3149.375242, -236.611632, 1.000000, 0.000000
3149.509114, -236.871234, 1.000000, 0.000000
3149.541757, -236.934536, 1.000000, 0.000000
3149.574401, -236.997838, 1.000000, 0.000000
3149.607045, -237.061139, 1.000000, 0.000000
3149.740917, -237.320742, 1.000000, 0.000000
3149.784111, -237.378603, 1.000000, 0.000000
3149.816754, -237.441905, 1.000000, 0.000000
3149.950627, -237.701507, 1.000000, 0.000000
3149.993821, -237.759369, 1.000000, 0.000000
3150.026464, -237.822670, 1.000000, 0.000000
3150.160337, -238.082273, 1.000000, 0.000000
3150.203531, -238.140134, 1.000000, 0.000000
3150.236174, -238.203436, 1.000000, 0.000000
3150.268818, -238.266738, 1.000000, 0.000000
3150.402690, -238.526340, 1.000000, 0.000000
3150.435334, -238.589642, 1.000000, 0.000000
3150.467977, -238.652944, 1.000000, 0.000000
3150.612400, -238.907106, 1.000000, 0.000000
3150.645044, -238.970408, 1.000000, 0.000000
3150.677687, -239.033709, 1.000000, 0.000000
3150.811559, -239.293312, 1.000000, 0.000000
3150.844203, -239.356613, 1.000000, 0.000000
3150.887397, -239.414475, 1.000000, 0.000000
3150.909490, -239.483217, 1.000000, 0.000000
3151.053913, -239.737379, 1.000000, 0.000000
3151.086556, -239.800681, 1.000000, 0.000000
3151.108650, -239.869423, 0.000000, 0.000000
3151.243432, -240.130341, 0.000000, 0.000000
3151.276126, -240.193616, 0.000000, 0.000000
3151.308820, -240.256892, 0.000000, 0.000000
3151.447843, -240.523674, 0.000000, 0.000000
3151.480816, -240.586804, 0.000000, 0.000000
3151.513789, -240.649935, 0.000000, 0.000000
3151.546762, -240.713066, 0.000000, 0.000000
3151.690812, -240.984187, 0.000000, 0.000000
3151.724260, -241.047068, 0.000000, 0.000000
3151.757708, -241.109949, 0.000000, 0.000000
3151.903417, -241.379755, 0.000000, 0.000000
3151.937325, -241.442388, 0.000000, 0.000000
3151.971233, -241.505022, 0.000000, 0.000000
3152.118552, -241.773534, 0.000000, 0.000000
3152.152908, -241.835924, 0.000000, 0.000000
3152.187264, -241.898313, 0.000000, 0.000000
3152.221619, -241.960702, 0.000000, 0.000000
3152.370935, -242.227703, 0.000000, 0.000000
3152.405725, -242.289850, 0.000000, 0.000000
3152.430158, -242.357797, 0.000000, 0.000000
3152.581019, -242.623623, 0.000000, 0.000000
3152.616231, -242.685533, 0.000000, 0.000000
3152.651443, -242.747442, 0.000000, 0.000000
3152.802368, -243.010163, 0.000000, 0.000000
3152.837918, -243.071880, 0.000000, 0.000000
3152.873468, -243.133596, 0.000000, 0.000000
3152.909018, -243.195313, 0.000000, 0.000000
3153.057299, -243.451599, 0.000000, 0.000000
3153.092973, -243.513244, 0.000000, 0.000000
3153.128647, -243.574889, 0.000000, 0.000000
3153.274947, -243.827696, 0.000000, 0.000000
3153.310621, -243.889341, 0.000000, 0.000000
3153.346295, -243.950986, 0.000000, 0.000000
3153.492594, -244.203792, 0.000000, 0.000000
3153.528268, -244.265437, 0.000000, 0.000000
3153.563942, -244.327082, 0.000000, 0.000000
3153.599616, -244.388727, 0.000000, 0.000000
3153.745915, -244.641534, 0.000000, 0.000000
3153.781589, -244.703178, 0.000000, 0.000000
3153.817263, -244.764823, 0.000000, 0.000000
3153.963563, -245.017630, 0.000000, 0.000000
3153.999237, -245.079275, 0.000000, 0.000000
3154.034911, -245.140920, 0.000000, 0.000000
3154.185727, -245.401531, 0.000000, 0.000000
3154.221401, -245.463176, 0.000000, 0.000000
3154.257075, -245.524821, 0.000000, 0.000000
3154.292749, -245.586466, 0.000000, 0.000000
3154.438812, -245.838865, 0.000000, 0.000000
3154.474486, -245.900510, 0.000000, 0.000000
3154.510160, -245.962155, 0.000000, 0.000000
3154.651492, -246.206377, 0.000000, 0.000000
3154.687166, -246.268022, 0.000000, 0.000000
3154.722840, -246.329667, 0.000000, 0.000000
3154.865406, -246.576023, 0.000000, 0.000000
3154.901080, -246.637668, 0.000000, 0.000000
3154.936754, -246.699313, 0.000000, 0.000000
3155.074633, -246.937568, 0.000000, 0.000000
3155.110307, -246.999213, 0.000000, 0.000000
3155.145981, -247.060858, 0.000000, 0.000000
3155.274867, -247.307274, 0.000000, 0.000000
3155.310541, -247.368919, 0.000000, 0.000000
3155.346215, -247.430564, 0.000000, 0.000000
3155.480738, -247.663020, 0.000000, 0.000000
3155.516412, -247.724665, 0.000000, 0.000000
3155.552086, -247.786310, 0.000000, 0.000000
3155.683379, -248.013185, 0.000000, 0.000000
3155.719052, -248.074830, 0.000000, 0.000000
3155.850346, -248.301705, 0.000000, 0.000000
3155.886019, -248.363350, 0.000000, 0.000000
3155.921693, -248.424995, 0.000000, 0.000000
3156.052986, -248.651870, 0.000000, 0.000000
3156.088660, -248.713515, 0.000000, 0.000000
3156.124334, -248.775160, 0.000000, 0.000000
3156.255627, -249.002035, 0.000000, 0.000000
3156.291301, -249.063680, 0.000000, 0.000000
3156.326975, -249.125325, 0.000000, 0.000000
3156.458268, -249.352200, 0.000000, 0.000000
3156.493942, -249.413845, 0.000000, 0.000000
3156.529616, -249.475490, 0.000000, 0.000000
3156.671183, -249.696419, 1.000000, 0.000000
3156.727405, -249.746173, 1.000000, 0.000000
3156.763079, -249.807818, 1.000000, 0.000000
3156.894372, -250.034693, 1.000000, 0.000000
3156.940320, -250.090392, 1.000000, 0.000000
3157.071613, -250.317267, 1.000000, 0.000000
3157.107287, -250.378912, 1.000000, 0.000000
3157.142961, -250.440557, 1.000000, 0.000000
3157.274254, -250.667432, 1.000000, 0.000000
3157.309928, -250.729077, 1.000000, 0.000000
3157.345601, -250.790722, 1.000000, 0.000000
3157.476894, -251.017597, 1.000000, 0.000000
3157.512568, -251.079242, 1.000000, 0.000000
3157.548242, -251.140887, 1.000000, 0.000000
3157.679535, -251.367762, 1.000000, 0.000000
3157.715209, -251.429407, 1.000000, 0.000000
3157.740609, -251.496998, 1.000000, 0.000000
3157.871902, -251.723873, 1.000000, 0.000000
3157.907576, -251.785518, 1.000000, 0.000000
3157.943250, -251.847162, 1.000000, 0.000000
3158.065070, -252.081023, 1.000000, 0.000000
3158.100784, -252.142645, 1.000000, 0.000000
3158.235527, -252.373974, 1.000000, 0.000000
3158.271415, -252.435494, 1.000000, 0.000000
3158.297049, -252.502996, 1.000000, 0.000000
3158.439292, -252.743076, 1.000000, 0.000000
3158.475701, -252.804290, 1.000000, 0.000000
3158.512110, -252.865503, 1.000000, 0.000000
3158.657291, -253.105373, 1.000000, 0.000000
3158.694259, -253.166251, 1.000000, 0.000000
3158.731226, -253.227129, 1.000000, 0.000000
3158.868329, -253.471515, 1.000000, 0.000000
3158.905840, -253.532060, 1.000000, 0.000000
3158.943351, -253.592605, 1.000000, 0.000000
3159.083556, -253.836736, 0.000000, 0.000000
3159.121643, -253.896920, 0.000000, 0.000000
3159.149699, -253.963452, 0.000000, 0.000000
3159.303282, -254.200943, 0.000000, 0.000000
3159.341981, -254.260735, 0.000000, 0.000000
3159.498392, -254.498106, 0.000000, 0.000000
3159.527847, -254.564031, 0.000000, 0.000000
3159.567195, -254.623397, 0.000000, 0.000000
3159.724333, -254.856668, 0.000000, 0.000000
3159.764237, -254.915663, 0.000000, 0.000000
3159.794308, -254.981309, 0.000000, 0.000000
3159.945350, -255.203335, 0.000000, 0.000000
3159.985437, -255.262205, 0.000000, 0.000000
3160.025525, -255.321075, 0.000000, 0.000000
3160.173061, -255.537738, 0.000000, 0.000000
3160.203337, -255.603290, 0.000000, 0.000000
3160.243425, -255.662160, 0.000000, 0.000000
3160.390753, -255.878517, 0.000000, 0.000000
3160.430841, -255.937388, 0.000000, 0.000000
3160.461117, -256.002939, 0.000000, 0.000000
3160.606721, -256.216764, 0.000000, 0.000000
3160.646808, -256.275634, 0.000000, 0.000000
3160.790698, -256.486941, 0.000000, 0.000000
3160.820974, -256.552492, 0.000000, 0.000000
3160.861061, -256.611363, 0.000000, 0.000000
3161.009928, -256.829978, 0.000000, 0.000000
3161.050015, -256.888849, 0.000000, 0.000000
3161.080291, -256.954400, 0.000000, 0.000000
3161.227464, -257.170529, 0.000000, 0.000000
3161.267552, -257.229399, 0.000000, 0.000000
3161.307640, -257.288270, 0.000000, 0.000000
3161.443319, -257.508610, 0.000000, 0.000000
3161.483407, -257.567480, 0.000000, 0.000000
3161.627226, -257.778684, 0.000000, 0.000000
3161.667314, -257.837555, 0.000000, 0.000000
3161.697590, -257.903106, 0.000000, 0.000000
3161.839948, -258.112165, 0.000000, 0.000000
3161.880035, -258.171035, 0.000000, 0.000000
3161.920123, -258.229905, 0.000000, 0.000000
3162.062482, -258.438964, 0.000000, 0.000000
3162.092758, -258.504515, 0.000000, 0.000000
3162.235116, -258.713574, 0.000000, 0.000000
3162.275204, -258.772444, 0.000000, 0.000000
3162.315291, -258.831315, 0.000000, 0.000000
3162.447838, -259.047054, 0.000000, 0.000000
3162.487926, -259.105925, 0.000000, 0.000000
3162.528013, -259.164795, 0.000000, 0.000000
3162.670372, -259.373854, 0.000000, 0.000000
3162.700648, -259.439405, 0.000000, 0.000000
3162.843006, -259.648464, 0.000000, 0.000000
3162.883094, -259.707334, 0.000000, 0.000000
3162.923181, -259.766204, 0.000000, 0.000000
3163.055728, -259.981944, 0.000000, 0.000000
3163.095816, -260.040814, 0.000000, 0.000000
3163.135903, -260.099684, 0.000000, 0.000000
3163.278262, -260.308743, 0.000000, 0.000000
3163.308538, -260.374295, 0.000000, 0.000000
3163.450896, -260.583353, 0.000000, 0.000000
3163.490984, -260.642224, 0.000000, 0.000000
3163.531071, -260.701094, 0.000000, 0.000000
3163.673430, -260.910153, 0.000000, 0.000000
3163.703706, -260.975704, 0.000000, 0.000000
3163.743793, -261.034574, 0.000000, 0.000000
3163.886152, -261.243633, 0.000000, 0.000000
3163.926239, -261.302503, 0.000000, 0.000000
3164.058786, -261.518243, 0.000000, 0.000000
3164.098874, -261.577113, 0.000000, 0.000000
3164.138961, -261.635984, 0.000000, 0.000000
3164.281320, -261.845042, 0.000000, 0.000000
3164.311596, -261.910594, 0.000000, 0.000000
3164.351683, -261.969464, 0.000000, 0.000000
3164.494042, -262.178523, 0.000000, 0.000000
3164.534129, -262.237393, 0.000000, 0.000000
3164.667472, -262.454097, 0.000000, 0.000000
3164.707592, -262.512945, 0.000000, 0.000000
3164.747713, -262.571793, 0.000000, 0.000000
3164.896800, -262.788575, 0.000000, 0.000000
3164.927411, -262.853971, 0.000000, 0.000000
3164.967800, -262.912635, 0.000000, 0.000000
3165.130644, -263.125243, 1.000000, 0.000000
3165.200614, -263.163258, 1.000000, 0.000000
3165.403382, -263.347544, 1.000000, 0.000000
3165.463916, -263.391951, 1.000000, 0.000000
3165.505075, -263.450077, 1.000000, 0.000000
3165.670533, -263.660410, 1.000000, 0.000000
3165.712088, -263.718254, 1.000000, 0.000000
3165.744002, -263.783024, 1.000000, 0.000000
3165.882484, -264.013359, 1.000000, 0.000000
3165.924443, -264.070911, 1.000000, 0.000000
3166.102773, -264.272626, 1.000000, 0.000000
3166.145143, -264.329876, 1.000000, 0.000000
3166.187513, -264.387126, 1.000000, 0.000000
3166.347967, -264.601185, 1.000000, 0.000000
3166.400224, -264.651014, 1.000000, 0.000000
3166.442988, -264.707969, 1.000000, 0.000000
3166.609374, -264.908328, 1.000000, 0.000000
3166.652334, -264.965136, 1.000000, 0.000000
3166.804893, -265.166870, 1.000000, 0.000000
3166.847854, -265.223678, 1.000000, 0.000000
3166.890814, -265.280486, 1.000000, 0.000000
3167.029737, -265.503550, 1.000000, 0.000000
3167.025358, -265.596158, 1.000000, 0.000000
3167.125126, -265.610005, 1.000000, 0.000000
3167.302467, -265.805151, 1.000000, 0.000000
3167.354895, -265.854798, 1.000000, 0.000000
3167.521149, -266.074642, 1.000000, 0.000000
3167.564109, -266.131450, 1.000000, 0.000000
3167.616538, -266.181098, 1.000000, 0.000000
3167.783610, -266.402023, 1.000000, 0.000000
3167.826570, -266.458831, 1.000000, 0.000000
3167.850594, -266.529959, 1.000000, 0.000000
3167.997359, -266.783071, 1.000000, 0.000000
3168.078191, -266.811239, 1.000000, 0.000000
3168.130619, -266.860887, 1.000000, 0.000000
3168.316300, -267.086739, 1.000000, 0.000000
3168.359260, -267.143547, 1.000000, 0.000000
3168.402220, -267.200355, 1.000000, 0.000000
3168.579574, -267.434876, 1.000000, 0.000000
3168.632002, -267.484524, 1.000000, 0.000000
3168.674962, -267.541332, 1.000000, 0.000000
3168.717922, -267.598140, 1.000000, 0.000000
3168.888317, -267.843138, 1.000000, 0.000000
3168.902873, -267.921426, 1.000000, 0.000000
3168.945833, -267.978234, 1.000000, 0.000000
3169.125695, -268.216072, 1.000000, 0.000000
3169.168655, -268.272880, 0.000000, 0.000000
3169.211615, -268.329688, 0.000000, 0.000000
3169.391477, -268.567526, 0.000000, 0.000000
3169.434438, -268.624334, 0.000000, 0.000000
3169.477398, -268.681142, 0.000000, 0.000000
3169.529826, -268.730790, 0.000000, 0.000000
3169.709688, -268.968628, 0.000000, 0.000000
3169.752648, -269.025436, 0.000000, 0.000000
3169.795609, -269.082244, 0.000000, 0.000000
3169.975471, -269.320082, 0.000000, 0.000000
3170.018431, -269.376890, 0.000000, 0.000000
3170.061391, -269.433698, 0.000000, 0.000000
3170.241253, -269.671536, 0.000000, 0.000000
3170.284213, -269.728344, 0.000000, 0.000000
3170.327173, -269.785152, 0.000000, 0.000000
3170.370134, -269.841960, 0.000000, 0.000000
3170.559464, -270.072638, 0.000000, 0.000000
3170.602424, -270.129446, 0.000000, 0.000000
3170.645384, -270.186254, 0.000000, 0.000000
3170.825246, -270.424092, 0.000000, 0.000000
3170.868206, -270.480900, 0.000000, 0.000000
3170.911167, -270.537708, 0.000000, 0.000000
3171.091029, -270.775546, 0.000000, 0.000000
3171.133989, -270.832354, 0.000000, 0.000000
3171.176949, -270.889162, 0.000000, 0.000000
3171.219909, -270.945969, 0.000000, 0.000000
3171.399772, -271.183808, 0.000000, 0.000000
3171.452200, -271.233456, 0.000000, 0.000000
3171.495160, -271.290264, 0.000000, 0.000000
3171.677765, -271.530894, 0.000000, 0.000000
3171.720834, -271.587620, 0.000000, 0.000000
3171.763902, -271.644346, 0.000000, 0.000000
3171.978901, -271.917047, 0.000000, 0.000000
3172.023322, -271.972721, 0.000000, 0.000000
3172.067742, -272.028394, 0.000000, 0.000000
3172.112163, -272.084068, 0.000000, 0.000000
3172.341473, -272.357018, 0.000000, 0.000000
3172.387466, -272.411400, 0.000000, 0.000000
3172.442523, -272.458116, 0.000000, 0.000000
3172.674692, -272.721037, 0.000000, 0.000000
3172.722079, -272.774209, 0.000000, 0.000000
3172.769466, -272.827380, 0.000000, 0.000000
3173.004207, -273.081482, 0.000000, 0.000000
3173.052833, -273.133523, 0.000000, 0.000000
3173.101458, -273.185564, 0.000000, 0.000000
3173.150083, -273.237606, 0.000000, 0.000000
3173.388101, -273.482682, 0.000000, 0.000000
3173.437830, -273.533670, 0.000000, 0.000000
3173.487558, -273.584658, 0.000000, 0.000000
3173.735645, -273.814137, 0.000000, 0.000000
3173.786359, -273.864145, 0.000000, 0.000000
3173.837073, -273.914153, 0.000000, 0.000000
3174.063048, -274.134036, 0.000000, 0.000000
3174.114185, -274.183612, 0.000000, 0.000000
3174.165321, -274.233188, 0.000000, 0.000000
3174.216458, -274.282764, 0.000000, 0.000000
3174.432544, -274.491772, 0.000000, 0.000000
3174.483741, -274.541286, 0.000000, 0.000000
3174.534937, -274.590801, 0.000000, 0.000000
3174.749279, -274.798099, 0.000000, 0.000000
3174.808728, -274.839081, 0.000000, 0.000000
3174.859924, -274.888595, 0.000000, 0.000000
3175.074266, -275.095894, 0.000000, 0.000000
3175.125462, -275.145408, 0.000000, 0.000000
3175.176659, -275.194922, 0.000000, 0.000000
3175.227855, -275.244436, 0.000000, 0.000000
3175.442197, -275.451735, 0.000000, 0.000000
3175.493394, -275.501250, 0.000000, 0.000000
3175.544590, -275.550764, 0.000000, 0.000000
3175.756142, -275.755364, 0.000000, 0.000000
3175.807338, -275.804878, 0.000000, 0.000000
3175.866787, -275.845860, 0.000000, 0.000000
3176.079720, -276.051796, 0.000000, 0.000000
3176.130916, -276.101310, 0.000000, 0.000000
3176.182112, -276.150824, 0.000000, 0.000000
3176.233309, -276.200338, 0.000000, 0.000000
3176.439092, -276.399360, 0.000000, 0.000000
3176.490289, -276.448874, 0.000000, 0.000000
3176.541485, -276.498388, 0.000000, 0.000000
3176.748655, -276.698751, 0.000000, 0.000000
3176.799851, -276.748265, 0.000000, 0.000000
3176.859300, -276.789246, 0.000000, 0.000000
3177.059327, -276.982700, 0.000000, 0.000000
3177.110523, -277.032214, 0.000000, 0.000000
3177.161719, -277.081728, 0.000000, 0.000000
3177.354607, -277.268278, 0.000000, 0.000000
3177.405803, -277.317792, 0.000000, 0.000000
3177.465252, -277.358773, 1.000000, 0.000000
3177.667787, -277.538140, 1.000000, 0.000000
3177.718984, -277.587654, 1.000000, 0.000000
3177.778433, -277.628636, 1.000000, 0.000000
3177.968365, -277.812327, 1.000000, 0.000000
3178.027814, -277.853309, 1.000000, 0.000000
3178.250756, -278.002869, 1.000000, 0.000000
3178.318457, -278.035318, 1.000000, 0.000000
3178.377906, -278.076299, 1.000000, 0.000000
3178.567838, -278.259991, 1.000000, 0.000000
3178.627287, -278.300972, 1.000000, 0.000000
3178.678483, -278.350486, 1.000000, 0.000000
3178.868416, -278.534178, 1.000000, 0.000000
3178.919612, -278.583692, 1.000000, 0.000000
3178.970808, -278.633206, 1.000000, 0.000000
3179.160741, -278.816898, 1.000000, 0.000000
3179.220190, -278.857879, 1.000000, 0.000000
3179.271386, -278.907394, 1.000000, 0.000000
3179.461319, -279.091085, 1.000000, 0.000000
3179.512515, -279.140599, 1.000000, 0.000000
3179.563711, -279.190113, 1.000000, 0.000000
3179.753644, -279.373805, 1.000000, 0.000000
3179.804840, -279.423319, 1.000000, 0.000000
3179.994773, -279.607011, 1.000000, 0.000000
3180.054222, -279.647992, 1.000000, 0.000000
3180.105418, -279.697506, 1.000000, 0.000000
3180.295350, -279.881198, 1.000000, 0.000000
3180.346547, -279.930712, 1.000000, 0.000000
3180.397743, -279.980226, 1.000000, 0.000000
3180.587676, -280.163918, 1.000000, 0.000000
3180.638872, -280.213432, 1.000000, 0.000000
3180.681816, -280.271479, 1.000000, 0.000000
3180.871749, -280.455170, 1.000000, 0.000000
3180.922945, -280.504684, 1.000000, 0.000000
3180.974141, -280.554199, 1.000000, 0.000000
3181.164074, -280.737890, 1.000000, 0.000000
3181.215270, -280.787404, 1.000000, 0.000000
3181.266467, -280.836918, 1.000000, 0.000000
3181.465252, -281.012510, 1.000000, 0.000000
3181.516469, -281.062003, 1.000000, 0.000000
3181.708314, -281.247031, 1.000000, 0.000000
3181.759593, -281.296460, 1.000000, 0.000000
3181.810872, -281.345888, 1.000000, 0.000000
3182.004706, -281.531977, 1.000000, 0.000000
3182.056106, -281.581279, 1.000000, 0.000000
3182.115724, -281.622014, 1.000000, 0.000000
3182.310495, -281.807939, 1.000000, 0.000000
3182.329260, -281.891456, 1.000000, 0.000000
3182.380799, -281.940614, 1.000000, 0.000000
3182.584640, -282.117642, 1.000000, 0.000000
3182.636324, -282.166647, 0.000000, 0.000000
3182.688007, -282.215652, 0.000000, 0.000000
3182.884230, -282.400662, 0.000000, 0.000000
3182.936059, -282.449514, 0.000000, 0.000000
3182.987888, -282.498365, 0.000000, 0.000000
3183.185012, -282.682996, 0.000000, 0.000000
3183.236996, -282.731682, 0.000000, 0.000000
3183.434929, -282.916084, 0.000000, 0.000000
3183.487079, -282.964592, 0.000000, 0.000000
3183.539230, -283.013100, 0.000000, 0.000000
3183.736555, -283.195874, 0.000000, 0.000000
3183.788830, -283.244248, 0.000000, 0.000000
3183.841105, -283.292622, 0.000000, 0.000000
3184.035944, -283.472731, 0.000000, 0.000000
3184.088248, -283.521074, 0.000000, 0.000000
3184.140552, -283.569416, 0.000000, 0.000000
3184.334594, -283.748761, 0.000000, 0.000000
3184.386899, -283.797103, 0.000000, 0.000000
3184.439203, -283.845446, 0.000000, 0.000000
3184.634343, -284.025805, 0.000000, 0.000000
3184.686647, -284.074147, 0.000000, 0.000000
3184.738951, -284.122490, 0.000000, 0.000000
3184.936411, -284.304992, 0.000000, 0.000000
3184.988715, -284.353335, 0.000000, 0.000000
3185.188536, -284.538020, 0.000000, 0.000000
3185.240840, -284.586362, 0.000000, 0.000000
3185.293144, -284.634705, 0.000000, 0.000000
3185.495366, -284.821609, 0.000000, 0.000000
3185.547670, -284.869952, 0.000000, 0.000000
3185.599974, -284.918294, 0.000000, 0.000000
3185.804638, -285.107455, 0.000000, 0.000000
3185.856942, -285.155797, 0.000000, 0.000000
3185.909246, -285.204140, 0.000000, 0.000000
3186.107672, -285.387536, 0.000000, 0.000000
3186.159976, -285.435878, 0.000000, 0.000000
3186.212281, -285.484221, 0.000000, 0.000000
3186.413224, -285.669944, 0.000000, 0.000000
3186.465529, -285.718286, 0.000000, 0.000000
3186.517833, -285.766629, 0.000000, 0.000000
3186.720101, -285.953576, 0.000000, 0.000000
3186.772405, -286.001918, 0.000000, 0.000000
3186.824709, -286.050260, 0.000000, 0.000000
3187.026977, -286.237208, 0.000000, 0.000000
3187.079281, -286.285550, 0.000000, 0.000000
3187.131585, -286.333892, 0.000000, 0.000000
3187.333853, -286.520839, 0.000000, 0.000000
3187.386157, -286.569182, 0.000000, 0.000000
3187.438462, -286.617524, 0.000000, 0.000000
3187.640729, -286.804471, 0.000000, 0.000000
3187.693033, -286.852813, 0.000000, 0.000000
3187.745338, -286.901156, 0.000000, 0.000000
3187.947606, -287.088103, 0.000000, 0.000000
3187.999910, -287.136445, 0.000000, 0.000000
3188.052214, -287.184788, 0.000000, 0.000000
3188.254482, -287.371734, 0.000000, 0.000000
3188.306786, -287.420077, 0.000000, 0.000000
3188.359090, -287.468419, 0.000000, 0.000000
3188.561358, -287.655366, 0.000000, 0.000000
3188.613662, -287.703709, 0.000000, 0.000000
3188.665966, -287.752051, 0.000000, 0.000000
3188.868234, -287.938998, 0.000000, 0.000000
3188.920539, -287.987340, 0.000000, 0.000000
3188.972843, -288.035683, 0.000000, 0.000000
3189.175111, -288.222630, 0.000000, 0.000000
3189.227415, -288.270972, 0.000000, 0.000000
3189.279719, -288.319315, 0.000000, 0.000000
3189.481987, -288.506261, 0.000000, 0.000000
3189.534291, -288.554604, 0.000000, 0.000000
3189.586595, -288.602946, 0.000000, 0.000000
3189.788863, -288.789893, 0.000000, 0.000000
3189.841167, -288.838236, 0.000000, 0.000000
3189.893472, -288.886578, 0.000000, 0.000000
3190.095739, -289.073525, 0.000000, 0.000000
3190.148043, -289.121867, 0.000000, 0.000000
3190.200348, -289.170210, 0.000000, 0.000000
3190.408465, -289.361229, 0.000000, 0.000000
3190.460955, -289.409371, 0.000000, 0.000000
3190.513444, -289.457512, 0.000000, 0.000000
3190.732539, -289.654725, 0.000000, 0.000000
3190.785532, -289.702312, 0.000000, 0.000000
3190.838525, -289.749898, 0.000000, 0.000000
3191.062593, -289.946721, 0.000000, 0.000000
3191.116172, -289.993646, 1.000000, 0.000000
3191.177572, -290.031642, 1.000000, 0.000000
3191.403495, -290.225281, 1.000000, 0.000000
3191.457638, -290.271554, 1.000000, 0.000000
3191.511781, -290.317828, 1.000000, 0.000000
3191.739576, -290.508434, 1.000000, 0.000000
3191.794262, -290.554064, 1.000000, 0.000000
3191.848948, -290.599695, 1.000000, 0.000000
3192.078527, -290.787321, 1.000000, 0.000000
3192.126236, -290.841520, 1.000000, 0.000000
3192.181444, -290.886517, 1.000000, 0.000000
3192.412828, -291.071303, 1.000000, 0.000000
3192.468539, -291.115676, 1.000000, 0.000000
3192.524250, -291.160050, 1.000000, 0.000000
3192.750104, -291.337795, 1.000000, 0.000000
