3199.115502, -291.564335, 1.000000, -1.#QNAN0
3199.171537, -291.608299, 1.000000, -1.#QNAN0
3199.368706, -291.762994, 1.000000, -1.#QNAN0
3199.417414, -291.816297, 1.000000, -1.#QNAN0
3199.614583, -291.970992, 1.000000, -1.#QNAN0
3199.670618, -292.014956, 1.000000, -1.#QNAN0
3199.726652, -292.058920, 1.000000, -1.#QNAN0
3199.923822, -292.213615, 1.000000, -1.#QNAN0
3199.979856, -292.257579, 1.000000, -1.#QNAN0
3200.177025, -292.412275, 1.000000, -1.#QNAN0
3200.233060, -292.456238, 1.000000, -1.#QNAN0
3200.289095, -292.500202, 1.000000, -1.#QNAN0
3200.486264, -292.654898, 1.000000, -1.#QNAN0
3200.542299, -292.698862, 1.000000, -1.#QNAN0
3200.739468, -292.853557, 1.000000, -1.#QNAN0
3200.795503, -292.897521, 1.000000, -1.#QNAN0
3200.844210, -292.950824, 1.000000, -1.#QNAN0
3201.041379, -293.105519, 1.000000, -1.#QNAN0
3201.097414, -293.149483, 1.000000, -1.#QNAN0
3201.294584, -293.304178, 1.000000, -1.#QNAN0
3201.357946, -293.338803, 1.000000, -1.#QNAN0
3201.413981, -293.382767, 1.000000, -1.#QNAN0
3201.611150, -293.537462, 1.000000, -1.#QNAN0
3201.667184, -293.581426, 1.000000, -1.#QNAN0
3201.864353, -293.736121, 1.000000, -1.#QNAN0
3201.920388, -293.780085, 1.000000, -1.#QNAN0
3201.976423, -293.824049, 1.000000, -1.#QNAN0
3202.173592, -293.978745, 1.000000, -1.#QNAN0
3202.229627, -294.022708, 1.000000, -1.#QNAN0
3202.425725, -294.176349, 1.000000, -1.#QNAN0
3202.481794, -294.220268, 1.000000, -1.#QNAN0
3202.537863, -294.264188, 1.000000, -1.#QNAN0
3202.737825, -294.404662, 1.000000, -1.#QNAN0
3202.794045, -294.448389, 1.000000, -1.#QNAN0
3202.976299, -294.587233, 1.000000, -1.#QNAN0
3203.033007, -294.630325, 1.000000, -1.#QNAN0
3203.089716, -294.673417, 1.000000, -1.#QNAN0
3203.272603, -294.808764, 1.000000, -1.#QNAN0
3203.329828, -294.851167, 1.000000, -1.#QNAN0
3203.514448, -294.984975, 1.000000, -1.#QNAN0
3203.572170, -295.026699, 1.000000, -1.#QNAN0
3203.622938, -295.078043, 1.000000, -1.#QNAN0
3203.808346, -295.208346, 1.000000, -1.#QNAN0
3203.866590, -295.249338, 1.000000, -1.#QNAN0
3204.052102, -295.376561, 1.000000, -1.#QNAN0
3204.110895, -295.416762, 1.000000, -1.#QNAN0
3204.169687, -295.456964, 1.000000, -1.#QNAN0
3204.355795, -295.580072, 1.000000, -1.#QNAN0
3204.415163, -295.619419, 1.000000, -1.#QNAN0
3204.605264, -295.742306, 1.000000, -1.#QNAN0
3204.665130, -295.780893, 1.000000, -1.#QNAN0
3204.718564, -295.829456, 1.000000, -1.#QNAN0
3204.925113, -295.961278, 1.000000, -1.#QNAN0
3204.985148, -295.999599, 1.000000, -1.#QNAN0
3205.191821, -296.131521, 1.000000, -1.#QNAN0
3205.251856, -296.169842, 1.000000, -1.#QNAN0
3205.311891, -296.208164, 1.000000, -1.#QNAN0
3205.521672, -296.342069, 1.000000, -1.#QNAN0
3205.581707, -296.380390, 1.000000, -1.#QNAN0
3205.794593, -296.516279, 1.000000, -1.#QNAN0
3205.848241, -296.564606, 1.000000, -1.#QNAN0
3205.908276, -296.602927, 1.000000, -1.#QNAN0
3206.124270, -296.740798, 1.000000, -1.#QNAN0
3206.184305, -296.779119, 1.000000, -1.#QNAN0
3206.237953, -296.827446, 1.000000, -1.#QNAN0
3206.457053, -296.967301, 1.000000, -1.#QNAN0
3206.517088, -297.005622, 1.000000, -1.#QNAN0
3206.732908, -297.157465, 1.000000, -1.#QNAN0
3206.792943, -297.195787, 1.000000, -1.#QNAN0
3206.852978, -297.234108, 1.000000, -1.#QNAN0
3207.075961, -297.376441, 1.000000, -1.#QNAN0
3207.129610, -297.424768, 1.000000, -1.#QNAN0
3207.189645, -297.463089, 1.000000, -1.#QNAN0
3207.412628, -297.605423, 1.000000, -1.#QNAN0
3207.472664, -297.643744, 1.000000, -1.#QNAN0
3207.695647, -297.786077, 1.000000, -1.#QNAN0
3207.749295, -297.834404, 1.000000, -1.#QNAN0
3207.809330, -297.872725, 1.000000, -1.#QNAN0
3208.032314, -298.015059, 1.000000, -1.#QNAN0
3208.092349, -298.053380, 1.000000, -1.#QNAN0
3208.145997, -298.101707, 1.000000, -1.#QNAN0
3208.368981, -298.244040, 1.000000, -1.#QNAN0
3208.429016, -298.282361, 1.000000, -1.#QNAN0
3208.651999, -298.424695, 1.000000, -1.#QNAN0
3208.705647, -298.473022, 1.000000, -1.#QNAN0
3208.765682, -298.511343, 1.000000, -1.#QNAN0
3208.988666, -298.653676, 1.000000, -1.#QNAN0
3209.048701, -298.691997, 1.000000, -1.#QNAN0
3209.108736, -298.730319, 1.000000, -1.#QNAN0
3209.331720, -298.872652, 1.000000, -1.#QNAN0
3209.385368, -298.920979, 1.000000, -1.#QNAN0
3209.608351, -299.063312, 1.000000, -1.#QNAN0
3209.668386, -299.101633, 1.000000, -1.#QNAN0
3209.728421, -299.139955, 1.000000, -1.#QNAN0
3209.945018, -299.292294, 1.000000, -1.#QNAN0
3210.005053, -299.330615, 1.000000, -1.#QNAN0
3210.065088, -299.368936, 1.000000, -1.#QNAN0
3210.288072, -299.511270, 1.000000, -1.#QNAN0
3210.348107, -299.549591, 1.000000, -1.#QNAN0
3210.571090, -299.691924, 1.000000, -1.#QNAN0
3210.624738, -299.740251, 1.000000, -1.#QNAN0
3210.684773, -299.778572, 1.000000, -1.#QNAN0
3210.914144, -299.910900, 1.000000, -1.#QNAN0
3210.967792, -299.959227, 1.000000, -1.#QNAN0
3211.027827, -299.997548, 1.000000, -1.#QNAN0
3211.250811, -300.139881, 1.000000, -1.#QNAN0
3211.310846, -300.178203, 1.000000, -1.#QNAN0
3211.534372, -300.320978, 1.000000, -1.#QNAN0
3211.594392, -300.359323, 1.000000, -1.#QNAN0
3211.654412, -300.397668, 1.000000, -1.#QNAN0
3211.878159, -300.540775, 1.000000, -1.#QNAN0
3211.938156, -300.579156, 1.000000, -1.#QNAN0
3211.998153, -300.617537, 1.000000, -1.#QNAN0
3212.221803, -300.760788, 1.000000, -1.#QNAN0
3212.281777, -300.799204, 1.000000, -1.#QNAN0
3212.505307, -300.942524, 1.000000, -1.#QNAN0
3212.565260, -300.980975, 1.000000, -1.#QNAN0
3212.618804, -301.029417, 1.000000, -1.#QNAN0
3212.842219, -301.172851, 1.000000, -1.#QNAN0
3212.902151, -301.211334, 1.000000, -1.#QNAN0
3212.962082, -301.249817, 1.000000, -1.#QNAN0
3213.185391, -301.393366, 1.000000, -1.#QNAN0
3213.245302, -301.431881, 1.000000, -1.#QNAN0
3213.468463, -301.575456, 1.000000, -1.#QNAN0
3213.528356, -301.613998, 1.000000, -1.#QNAN0
3213.588249, -301.652541, 1.000000, -1.#QNAN0
3213.810856, -301.795823, 1.000000, -1.#QNAN0
3213.870745, -301.834372, 1.000000, -1.#QNAN0
3213.930634, -301.872921, 1.000000, -1.#QNAN0
3214.150940, -302.014728, 1.000000, -1.#QNAN0
3214.210829, -302.053277, 1.000000, -1.#QNAN0
3214.428487, -302.193378, 1.000000, -1.#QNAN0
3214.481951, -302.241909, 1.000000, -1.#QNAN0
3214.541840, -302.280458, 1.000000, -1.#QNAN0
3214.763420, -302.408967, 1.000000, -1.#QNAN0
3214.823309, -302.447516, 1.000000, -1.#QNAN0
3214.876773, -302.496047, 1.000000, -1.#QNAN0
3215.089574, -302.633022, 1.000000, -1.#QNAN0
3215.149463, -302.671571, 1.000000, -1.#QNAN0
3215.360059, -302.807127, 1.000000, -1.#QNAN0
3215.419948, -302.845676, 1.000000, -1.#QNAN0
3215.479837, -302.884225, 1.000000, -1.#QNAN0
3215.688384, -303.018462, 1.000000, -1.#QNAN0
3215.748273, -303.057011, 1.000000, -1.#QNAN0
3215.801737, -303.105542, 1.000000, -1.#QNAN0
3216.008393, -303.238562, 1.000000, -1.#QNAN0
3216.068282, -303.277111, 1.000000, -1.#QNAN0
3216.274525, -303.409865, 1.000000, -1.#QNAN0
3216.334414, -303.448414, 1.000000, -1.#QNAN0
3216.394303, -303.486963, 1.000000, -1.#QNAN0
3216.600546, -303.619717, 1.000000, -1.#QNAN0
3216.654010, -303.668248, 1.000000, -1.#QNAN0
3216.713899, -303.706797, 1.000000, -1.#QNAN0
3216.920142, -303.839551, 1.000000, -1.#QNAN0
3216.980031, -303.878100, 1.000000, -1.#QNAN0
3217.186274, -304.010854, 1.000000, -1.#QNAN0
3217.246163, -304.049403, 1.000000, -1.#QNAN0
3217.306052, -304.087952, 1.000000, -1.#QNAN0
3217.512295, -304.220707, 1.000000, -1.#QNAN0
3217.565759, -304.269237, 1.000000, -1.#QNAN0
3217.625648, -304.307786, 1.000000, -1.#QNAN0
3217.831892, -304.440541, 1.000000, -1.#QNAN0
3217.891781, -304.479090, 1.000000, -1.#QNAN0
3218.098024, -304.611844, 1.000000, -1.#QNAN0
3218.157913, -304.650393, 1.000000, -1.#QNAN0
3218.211377, -304.698923, 1.000000, -1.#QNAN0
3218.417620, -304.831677, 1.000000, -1.#QNAN0
3218.477509, -304.870227, 1.000000, -1.#QNAN0
3218.537398, -304.908776, 1.000000, -1.#QNAN0
3218.743641, -305.041530, 1.000000, -1.#QNAN0
3218.803530, -305.080079, 1.000000, -1.#QNAN0
3219.009773, -305.212833, 1.000000, -1.#QNAN0
3219.069662, -305.251382, 1.000000, -1.#QNAN0
3219.129551, -305.289931, 1.000000, -1.#QNAN0
3219.335794, -305.422685, 1.000000, -1.#QNAN0
3219.395683, -305.461235, 1.000000, -1.#QNAN0
3219.455572, -305.499784, 1.000000, -1.#QNAN0
3219.661816, -305.632538, 1.000000, -1.#QNAN0
3219.721705, -305.671087, 1.000000, -1.#QNAN0
3219.921523, -305.813823, 1.000000, -1.#QNAN0
3219.981412, -305.852372, 1.000000, -1.#QNAN0
3220.041301, -305.890921, 1.000000, -1.#QNAN0
3220.247544, -306.023675, 1.000000, -1.#QNAN0
3220.307433, -306.062224, 1.000000, -1.#QNAN0
3220.367322, -306.100773, 1.000000, -1.#QNAN0
3220.569856, -306.230353, 1.000000, -1.#QNAN0
3220.629855, -306.268730, 1.000000, -1.#QNAN0
3220.815229, -306.384028, 1.000000, -1.#QNAN0
3220.875834, -306.421441, 1.000000, -1.#QNAN0
3220.936439, -306.458854, 1.000000, -1.#QNAN0
3221.117903, -306.566262, 1.000000, -1.#QNAN0
3221.179259, -306.602431, 1.000000, -1.#QNAN0
3221.240615, -306.638599, 1.000000, -1.#QNAN0
3221.423801, -306.741350, 1.000000, -1.#QNAN0
3221.485899, -306.776229, 1.000000, -1.#QNAN0
3221.670038, -306.875535, 1.000000, -1.#QNAN0
3221.732868, -306.909077, 1.000000, -1.#QNAN0
3221.795698, -306.942620, 1.000000, -1.#QNAN0
3221.981493, -307.037070, 1.000000, -1.#QNAN0
3222.045041, -307.069231, 1.000000, -1.#QNAN0
3222.108589, -307.101393, 1.000000, -1.#QNAN0
3222.295996, -307.190874, 1.000000, -1.#QNAN0
3222.360246, -307.221610, 1.000000, -1.#QNAN0
3222.549094, -307.307813, 1.000000, -1.#QNAN0
3222.614015, -307.337105, 1.000000, -1.#QNAN0
3222.678935, -307.366398, 1.000000, -1.#QNAN0
3222.895010, -307.462730, 1.000000, -1.#QNAN0
3222.960081, -307.491687, 1.000000, -1.#QNAN0
3223.020325, -307.531489, 1.000000, -1.#QNAN0
3223.244067, -307.631057, 1.000000, -1.#QNAN0
3223.309138, -307.660014, 1.000000, -1.#QNAN0
3223.527269, -307.757085, 1.000000, -1.#QNAN0
3223.592340, -307.786043, 1.000000, -1.#QNAN0
3223.657411, -307.815000, 1.000000, -1.#QNAN0
3223.859088, -307.904749, 1.000000, -1.#QNAN0
3223.924159, -307.933706, 1.000000, -1.#QNAN0
3224.115402, -308.031804, 1.000000, -1.#QNAN0
3224.185299, -308.049916, 1.000000, -1.#QNAN0
3224.375759, -308.134673, 1.000000, -1.#QNAN0
3224.440830, -308.163630, 1.000000, -1.#QNAN0
3224.625684, -308.245892, 1.000000, -1.#QNAN0
3224.690755, -308.274850, 1.000000, -1.#QNAN0
3224.859157, -308.349791, 1.000000, -1.#QNAN0
3224.924228, -308.378748, 1.000000, -1.#QNAN0
3225.098212, -308.456173, 1.000000, -1.#QNAN0
3225.272195, -308.533597, 1.000000, -1.#QNAN0
3225.337266, -308.562555, 1.000000, -1.#QNAN0
3225.511249, -308.639979, 1.000000, -1.#QNAN0
3225.571494, -308.679782, 1.000000, -1.#QNAN0
3225.745477, -308.757206, 1.000000, -1.#QNAN0
3225.919461, -308.834631, 1.000000, -1.#QNAN0
3225.984532, -308.863588, 1.000000, -1.#QNAN0
3226.158515, -308.941013, 1.000000, -1.#QNAN0
3226.223586, -308.969970, 1.000000, -1.#QNAN0
3226.397569, -309.047395, 1.000000, -1.#QNAN0
3226.571553, -309.124819, 1.000000, -1.#QNAN0
3226.636624, -309.153776, 1.000000, -1.#QNAN0
3226.810607, -309.231201, 1.000000, -1.#QNAN0
3226.875678, -309.260158, 1.000000, -1.#QNAN0
3227.049661, -309.337583, 1.000000, -1.#QNAN0
3227.223645, -309.415008, 1.000000, -1.#QNAN0
3227.288716, -309.443965, 1.000000, -1.#QNAN0
3227.467525, -309.510544, 1.000000, -1.#QNAN0
3227.532596, -309.539502, 1.000000, -1.#QNAN0
3227.706580, -309.616926, 1.000000, -1.#QNAN0
3227.880563, -309.694351, 1.000000, -1.#QNAN0
3227.945634, -309.723308, 1.000000, -1.#QNAN0
3228.124444, -309.789888, 1.000000, -1.#QNAN0
3228.189514, -309.818845, 1.000000, -1.#QNAN0
3228.363498, -309.896270, 1.000000, -1.#QNAN0
3228.537481, -309.973694, 1.000000, -1.#QNAN0
3228.602552, -310.002651, 1.000000, -1.#QNAN0
3228.776536, -310.080076, 1.000000, -1.#QNAN0
3228.836780, -310.119878, 1.000000, -1.#QNAN0
3229.010764, -310.197303, 1.000000, -1.#QNAN0
3229.184747, -310.274728, 1.000000, -1.#QNAN0
3229.249818, -310.303685, 1.000000, -1.#QNAN0
3229.423801, -310.381110, 1.000000, -1.#QNAN0
3229.488872, -310.410067, 1.000000, -1.#QNAN0
3229.662856, -310.487492, 1.000000, -1.#QNAN0
3229.839691, -310.566185, 1.000000, -1.#QNAN0
3229.909588, -310.584297, 1.000000, -1.#QNAN0
3230.093406, -310.666099, 1.000000, -1.#QNAN0
3230.158477, -310.695056, 1.000000, -1.#QNAN0
3230.353716, -310.768893, 1.000000, -1.#QNAN0
3230.418794, -310.797833, 1.000000, -1.#QNAN0
3230.615626, -310.885223, 1.000000, -1.#QNAN0
3230.685540, -310.903270, 1.000000, -1.#QNAN0
3230.888715, -310.993227, 1.000000, -1.#QNAN0
3230.958650, -311.011194, 1.000000, -1.#QNAN0
3231.168458, -311.103775, 1.000000, -1.#QNAN0
3231.238418, -311.121643, 1.000000, -1.#QNAN0
3231.303590, -311.150372, 1.000000, -1.#QNAN0
3231.535654, -311.239261, 1.000000, -1.#QNAN0
3231.600877, -311.267874, 1.000000, -1.#QNAN0
3231.836559, -311.357838, 1.000000, -1.#QNAN0
3231.901845, -311.386308, 1.000000, -1.#QNAN0
3231.967130, -311.414777, 1.000000, -1.#QNAN0
3232.201958, -311.503545, 1.000000, -1.#QNAN0
3232.267325, -311.531826, 1.000000, -1.#QNAN0
3232.337406, -311.549213, 1.000000, -1.#QNAN0
3232.570835, -311.649968, 1.000000, -1.#QNAN0
3232.640931, -311.667291, 1.000000, -1.#QNAN0
3232.875829, -311.768670, 1.000000, -1.#QNAN0
3232.945925, -311.785993, 1.000000, -1.#QNAN0
3233.011318, -311.814216, 1.000000, -1.#QNAN0
3233.250919, -311.904695, 1.000000, -1.#QNAN0
3233.316312, -311.932917, 1.000000, -1.#QNAN0
3233.381705, -311.961140, 1.000000, -1.#QNAN0
3233.616602, -312.062518, 1.000000, -1.#QNAN0
3233.681995, -312.090740, 1.000000, -1.#QNAN0
3233.916893, -312.192119, 1.000000, -1.#QNAN0
3233.986989, -312.209442, 1.000000, -1.#QNAN0
3234.052382, -312.237665, 1.000000, -1.#QNAN0
3234.287279, -312.339043, 1.000000, -1.#QNAN0
3234.352672, -312.367265, 1.000000, -1.#QNAN0
3234.418065, -312.395488, 1.000000, -1.#QNAN0
3234.652962, -312.496866, 1.000000, -1.#QNAN0
3234.718355, -312.525088, 1.000000, -1.#QNAN0
3234.953253, -312.626467, 1.000000, -1.#QNAN0
3235.018646, -312.654689, 1.000000, -1.#QNAN0
3235.088742, -312.672013, 1.000000, -1.#QNAN0
3235.323639, -312.773391, 1.000000, -1.#QNAN0
3235.389032, -312.801613, 1.000000, -1.#QNAN0
3235.454425, -312.829836, 1.000000, -1.#QNAN0
3235.689322, -312.931214, 1.000000, -1.#QNAN0
3235.754715, -312.959436, 1.000000, -1.#QNAN0
3235.989613, -313.060815, 1.000000, -1.#QNAN0
3236.055006, -313.089037, 1.000000, -1.#QNAN0
3236.125102, -313.106361, 1.000000, -1.#QNAN0
3236.359999, -313.207739, 1.000000, -1.#QNAN0
3236.425392, -313.235961, 1.000000, -1.#QNAN0
3236.490785, -313.264184, 1.000000, -1.#QNAN0
3236.720979, -313.376461, 1.000000, -1.#QNAN0
3236.786371, -313.404683, 1.000000, -1.#QNAN0
3237.021036, -313.505930, 1.000000, -1.#QNAN0
3237.086432, -313.534143, 1.000000, -1.#QNAN0
3237.156531, -313.551456, 1.000000, -1.#QNAN0
3237.392070, -313.639548, 1.000000, -1.#QNAN0
3237.462213, -313.656685, 1.000000, -1.#QNAN0
3237.532355, -313.673823, 1.000000, -1.#QNAN0
3237.760230, -313.770296, 1.000000, -1.#QNAN0
3237.830448, -313.787122, 1.000000, -1.#QNAN0
3238.060596, -313.883834, 1.000000, -1.#QNAN0
3238.130868, -313.900430, 1.000000, -1.#QNAN0
3238.196550, -313.927974, 1.000000, -1.#QNAN0
3238.428357, -314.024602, 1.000000, -1.#QNAN0
3238.494106, -314.051984, 1.000000, -1.#QNAN0
3238.559856, -314.079366, 1.000000, -1.#QNAN0
3238.792595, -314.175755, 1.000000, -1.#QNAN0
3238.853859, -314.213969, 1.000000, -1.#QNAN0
3239.083058, -314.321383, 1.000000, -1.#QNAN0
3239.148906, -314.348526, 1.000000, -1.#QNAN0
3239.219278, -314.364694, 1.000000, -1.#QNAN0
3239.451772, -314.460415, 1.000000, -1.#QNAN0
3239.522152, -314.476549, 1.000000, -1.#QNAN0
3239.588013, -314.503660, 1.000000, -1.#QNAN0
3239.820424, -314.599329, 1.000000, -1.#QNAN0
3239.890804, -314.615463, 1.000000, -1.#QNAN0
3240.111385, -314.706262, 1.000000, -1.#QNAN0
3240.177246, -314.733372, 1.000000, -1.#QNAN0
3240.243107, -314.760483, 1.000000, -1.#QNAN0
3240.467449, -314.839994, 1.000000, -1.#QNAN0
3240.533310, -314.867104, 1.000000, -1.#QNAN0
3240.741506, -314.952805, 1.000000, -1.#QNAN0
3240.807368, -314.979916, 1.000000, -1.#QNAN0
3241.019552, -315.054422, 1.000000, -1.#QNAN0
3241.085414, -315.081533, 1.000000, -1.#QNAN0
3241.155793, -315.097667, 1.000000, -1.#QNAN0
3241.356606, -315.167492, 1.000000, -1.#QNAN0
3241.426986, -315.183626, 1.000000, -1.#QNAN0
3241.630569, -315.254591, 1.000000, -1.#QNAN0
3241.696430, -315.281702, 1.000000, -1.#QNAN0
3241.890977, -315.374621, 1.000000, -1.#QNAN0
3241.961357, -315.390755, 1.000000, -1.#QNAN0
3242.164940, -315.461720, 1.000000, -1.#QNAN0
3242.239839, -315.466877, 1.000000, -1.#QNAN0
3242.452459, -315.515889, 1.000000, -1.#QNAN0
3242.536394, -315.499092, 1.000000, -1.#QNAN0
3242.749015, -315.548104, 1.000000, -1.#QNAN0
3242.823913, -315.553261, 1.000000, -1.#QNAN0
3243.032015, -315.613249, 1.000000, -1.#QNAN0
3243.097876, -315.640360, 1.000000, -1.#QNAN0
3243.301460, -315.711325, 1.000000, -1.#QNAN0
3243.367321, -315.738436, 1.000000, -1.#QNAN0
3243.570905, -315.809402, 1.000000, -1.#QNAN0
3243.645803, -315.814559, 1.000000, -1.#QNAN0
3243.849386, -315.885524, 1.000000, -1.#QNAN0
3243.915248, -315.912635, 1.000000, -1.#QNAN0
3244.118831, -315.983600, 1.000000, -1.#QNAN0
3244.184693, -316.010711, 1.000000, -1.#QNAN0
3244.383758, -316.092653, 1.000000, -1.#QNAN0
3244.454137, -316.108787, 1.000000, -1.#QNAN0
3244.653202, -316.190730, 1.000000, -1.#QNAN0
3244.719064, -316.217840, 1.000000, -1.#QNAN0
3244.913610, -316.310760, 1.000000, -1.#QNAN0
3244.979472, -316.337870, 1.000000, -1.#QNAN0
3245.178537, -316.419813, 1.000000, -1.#QNAN0
3245.244398, -316.446924, 1.000000, -1.#QNAN0
3245.443463, -316.528866, 1.000000, -1.#QNAN0
3245.513843, -316.545000, 1.000000, -1.#QNAN0
3245.712908, -316.626942, 1.000000, -1.#QNAN0
3245.778769, -316.654053, 1.000000, -1.#QNAN0
3245.977834, -316.735995, 1.000000, -1.#QNAN0
3246.043695, -316.763106, 1.000000, -1.#QNAN0
3246.242760, -316.845048, 1.000000, -1.#QNAN0
3246.313140, -316.861182, 1.000000, -1.#QNAN0
3246.512205, -316.943124, 1.000000, -1.#QNAN0
3246.582585, -316.959258, 1.000000, -1.#QNAN0
3246.779907, -317.040298, 1.000000, -1.#QNAN0
3246.845792, -317.067353, 1.000000, -1.#QNAN0
3247.042909, -317.134783, 1.000000, -1.#QNAN0
3247.108878, -317.161629, 1.000000, -1.#QNAN0
3247.278741, -317.227884, 1.000000, -1.#QNAN0
3247.349404, -317.242732, 1.000000, -1.#QNAN0
3247.523863, -317.308334, 1.000000, -1.#QNAN0
3247.594704, -317.322304, 1.000000, -1.#QNAN0
3247.770803, -317.373107, 1.000000, -1.#QNAN0
3247.837805, -317.397262, 1.000000, -1.#QNAN0
3248.010537, -317.443878, 1.000000, -1.#QNAN0
3248.081758, -317.455766, 1.000000, -1.#QNAN0
3248.250067, -317.497644, 1.000000, -1.#QNAN0
3248.321482, -317.508297, 1.000000, -1.#QNAN0
3248.484614, -317.545018, 1.000000, -1.#QNAN0
3248.556222, -317.554281, 1.000000, -1.#QNAN0
3248.710927, -317.597161, 1.000000, -1.#QNAN0
3248.779527, -317.616315, 1.000000, -1.#QNAN0
3248.945238, -317.659452, 1.000000, -1.#QNAN0
3249.011149, -317.688937, 1.000000, -1.#QNAN0
3249.212435, -317.753782, 1.000000, -1.#QNAN0
3249.281346, -317.771782, 1.000000, -1.#QNAN0
3249.484913, -317.824954, 1.000000, -1.#QNAN0
3249.553824, -317.842954, 1.000000, -1.#QNAN0
3249.757046, -317.896036, 1.000000, -1.#QNAN0
3249.825957, -317.914036, 1.000000, -1.#QNAN0
3250.029178, -317.967118, 1.000000, -1.#QNAN0
3250.098089, -317.985117, 1.000000, -1.#QNAN0
3250.301310, -318.038199, 1.000000, -1.#QNAN0
3250.370221, -318.056199, 1.000000, -1.#QNAN0
3250.573443, -318.109281, 1.000000, -1.#QNAN0
3250.642354, -318.127281, 1.000000, -1.#QNAN0
3250.845575, -318.180363, 1.000000, -1.#QNAN0
3250.914486, -318.198362, 1.000000, -1.#QNAN0
3251.117708, -318.251444, 1.000000, -1.#QNAN0
3251.189619, -318.257959, 1.000000, -1.#QNAN0
3251.395840, -318.299555, 1.000000, -1.#QNAN0
3251.464751, -318.317555, 1.000000, -1.#QNAN0
3251.667973, -318.370637, 1.000000, -1.#QNAN0
3251.739884, -318.377152, 1.000000, -1.#QNAN0
3251.943105, -318.430234, 1.000000, -1.#QNAN0
3252.012016, -318.448233, 1.000000, -1.#QNAN0
3252.215238, -318.501315, 1.000000, -1.#QNAN0
3252.281149, -318.530800, 1.000000, -1.#QNAN0
3252.481370, -318.595367, 1.000000, -1.#QNAN0
3252.547281, -318.624852, 1.000000, -1.#QNAN0
3252.750503, -318.677934, 1.000000, -1.#QNAN0
3252.819414, -318.695934, 1.000000, -1.#QNAN0
3253.022636, -318.749016, 1.000000, -1.#QNAN0
3253.091547, -318.767015, 1.000000, -1.#QNAN0
3253.297768, -318.808612, 1.000000, -1.#QNAN0
3253.366679, -318.826612, 1.000000, -1.#QNAN0
3253.569900, -318.879694, 1.000000, -1.#QNAN0
3253.641811, -318.886208, 1.000000, -1.#QNAN0
3253.845033, -318.939290, 1.000000, -1.#QNAN0
3253.916944, -318.945805, 1.000000, -1.#QNAN0
3254.123165, -318.987402, 1.000000, -1.#QNAN0
3254.195076, -318.993916, 1.000000, -1.#QNAN0
3254.401298, -319.035513, 1.000000, -1.#QNAN0
3254.470209, -319.053513, 1.000000, -1.#QNAN0
3254.673430, -319.106595, 1.000000, -1.#QNAN0
3254.742341, -319.124594, 1.000000, -1.#QNAN0
3254.945563, -319.177676, 1.000000, -1.#QNAN0
3255.014474, -319.195676, 1.000000, -1.#QNAN0
3255.217695, -319.248758, 1.000000, -1.#QNAN0
3255.286606, -319.266758, 1.000000, -1.#QNAN0
3255.491277, -319.307815, 1.000000, -1.#QNAN0
3255.560200, -319.325769, 1.000000, -1.#QNAN0
3255.756631, -319.388874, 1.000000, -1.#QNAN0
3255.825583, -319.406715, 1.000000, -1.#QNAN0
3256.022091, -319.457152, 1.000000, -1.#QNAN0
3256.091080, -319.474852, 1.000000, -1.#QNAN0
3256.302248, -319.528594, 1.000000, -1.#QNAN0
3256.371275, -319.546145, 1.000000, -1.#QNAN0
3256.586270, -319.600375, 1.000000, -1.#QNAN0
3256.652437, -319.629282, 1.000000, -1.#QNAN0
3256.868891, -319.695621, 1.000000, -1.#QNAN0
3256.937999, -319.712850, 1.000000, -1.#QNAN0
3257.007106, -319.730080, 1.000000, -1.#QNAN0
3257.245697, -319.776742, 1.000000, -1.#QNAN0
3257.317690, -319.782268, 1.000000, -1.#QNAN0
3257.563246, -319.842665, 1.000000, -1.#QNAN0
3257.635244, -319.848136, 1.000000, -1.#QNAN0
3257.704409, -319.865134, 1.000000, -1.#QNAN0
3257.957727, -319.927392, 1.000000, -1.#QNAN0
3258.029725, -319.932863, 1.000000, -1.#QNAN0
3258.098889, -319.949861, 1.000000, -1.#QNAN0
3258.360865, -320.002022, 1.000000, -1.#QNAN0
3258.430030, -320.019021, 1.000000, -1.#QNAN0
3258.502028, -320.024492, 1.000000, -1.#QNAN0
3258.761170, -320.088181, 1.000000, -1.#QNAN0
3258.830335, -320.105179, 1.000000, -1.#QNAN0
3258.899500, -320.122178, 1.000000, -1.#QNAN0
3259.158642, -320.185866, 1.000000, -1.#QNAN0
3259.227807, -320.202865, 1.000000, -1.#QNAN0
3259.486949, -320.266554, 1.000000, -1.#QNAN0
3259.556114, -320.283552, 1.000000, -1.#QNAN0
3259.625279, -320.300551, 1.000000, -1.#QNAN0
3259.884421, -320.364240, 1.000000, -1.#QNAN0
3259.956419, -320.369711, 1.000000, -1.#QNAN0
3260.025584, -320.386709, 1.000000, -1.#QNAN0
3260.287559, -320.438870, 1.000000, -1.#QNAN0
3260.356724, -320.455869, 1.000000, -1.#QNAN0
3260.428722, -320.461340, 1.000000, -1.#QNAN0
3260.687865, -320.525029, 1.000000, -1.#QNAN0
3260.757029, -320.542027, 1.000000, -1.#QNAN0
3260.829027, -320.547498, 1.000000, -1.#QNAN0
3261.088170, -320.611187, 1.000000, -1.#QNAN0
3261.160167, -320.616658, 1.000000, -1.#QNAN0
3261.229332, -320.633656, 1.000000, -1.#QNAN0
3261.491308, -320.685818, 1.000000, -1.#QNAN0
3261.560472, -320.702816, 1.000000, -1.#QNAN0
3261.819615, -320.766505, 1.000000, -1.#QNAN0
3261.891613, -320.771976, 1.000000, -1.#QNAN0
3261.960778, -320.788975, 1.000000, -1.#QNAN0
3262.222753, -320.841136, 1.000000, -1.#QNAN0
3262.294751, -320.846607, 1.000000, -1.#QNAN0
3262.366749, -320.852078, 1.000000, -1.#QNAN0
3262.628724, -320.904239, 1.000000, -1.#QNAN0
3262.697889, -320.921238, 1.000000, -1.#QNAN0
3262.769887, -320.926709, 1.000000, -1.#QNAN0
3263.029029, -320.990398, 1.000000, -1.#QNAN0
3263.098194, -321.007396, 1.000000, -1.#QNAN0
3263.167359, -321.024395, 1.000000, -1.#QNAN0
3263.426501, -321.088083, 1.000000, -1.#QNAN0
3263.495666, -321.105082, 1.000000, -1.#QNAN0
3263.567664, -321.110553, 1.000000, -1.#QNAN0
3263.734572, -321.118683, 1.000000, -1.#QNAN0
3263.806726, -321.121411, 1.000000, -1.#QNAN0
3263.896776, -321.119907, 1.000000, -1.#QNAN0
3263.965705, -321.141410, 1.000000, -1.#QNAN0
3264.036259, -321.151155, 1.000000, -1.#QNAN0
3264.162094, -321.160727, 1.000000, -1.#QNAN0
3264.233058, -321.166796, 1.000000, -1.#QNAN0
3264.304022, -321.172865, 1.000000, -1.#QNAN0
3264.449816, -321.177680, 1.000000, -1.#QNAN0
3264.520981, -321.180574, 1.000000, -1.#QNAN0
3264.592145, -321.183467, 1.000000, -1.#QNAN0
3264.754671, -321.194585, 1.000000, -1.#QNAN0
3264.825894, -321.194734, 1.000000, -1.#QNAN0
3264.897092, -321.206755, 1.000000, -1.#QNAN0
3265.074407, -321.200122, 1.000000, -1.#QNAN0
3265.145966, -321.209763, 1.000000, -1.#QNAN0
3265.217525, -321.219404, 1.000000, -1.#QNAN0
3265.450219, -321.208947, 1.000000, -1.#QNAN0
3265.521373, -321.205816, 1.000000, -1.#QNAN0
3265.784698, -321.193974, 1.000000, -1.#QNAN0
3265.855848, -321.190756, 1.000000, -1.#QNAN0
3265.926998, -321.187537, 1.000000, -1.#QNAN0
3266.193578, -321.175477, 1.000000, -1.#QNAN0
3266.264729, -321.172258, 1.000000, -1.#QNAN0
3266.335342, -321.157181, 1.000000, -1.#QNAN0
3266.601386, -321.133263, 1.000000, -1.#QNAN0
3266.672000, -321.118186, 1.000000, -1.#QNAN0
3266.742613, -321.103109, 1.000000, -1.#QNAN0
3267.014458, -321.067046, 1.000000, -1.#QNAN0
3267.085072, -321.051969, 1.000000, -1.#QNAN0
3267.155150, -321.025034, 1.000000, -1.#QNAN0
3267.425055, -321.000941, 1.000000, -1.#QNAN0
3267.495669, -320.985864, 1.000000, -1.#QNAN0
3267.566283, -320.970787, 1.000000, -1.#QNAN0
3267.845642, -320.946266, 1.000000, -1.#QNAN0
3267.916256, -320.931189, 1.000000, -1.#QNAN0
3268.011010, -321.449739, 1.000000, -1.#QNAN0
3268.300426, -321.436646, 1.000000, -1.#QNAN0
3268.371576, -321.433427, 1.000000, -1.#QNAN0
3268.442727, -321.430209, 1.000000, -1.#QNAN0
3268.729328, -321.405361, 1.000000, -1.#QNAN0
3268.799942, -321.390284, 1.000000, -1.#QNAN0
3268.871092, -321.387065, 1.000000, -1.#QNAN0
3269.167332, -321.361781, 1.000000, -1.#QNAN0
3269.237946, -321.346704, 1.000000, -1.#QNAN0
3269.309096, -321.343485, 1.000000, -1.#QNAN0
3269.603171, -321.318299, 1.000000, -1.#QNAN0
3269.674321, -321.315080, 1.000000, -1.#QNAN0
3269.744935, -321.300003, 1.000000, -1.#QNAN0
3270.042658, -321.286535, 1.000000, -1.#QNAN0
3270.113808, -321.283316, 1.000000, -1.#QNAN0
3270.184422, -321.268239, 1.000000, -1.#QNAN0
3270.255572, -321.265020, 1.000000, -1.#QNAN0
3270.552759, -321.239693, 1.000000, -1.#QNAN0
3270.623909, -321.236474, 1.000000, -1.#QNAN0
3270.695596, -321.245114, 1.000000, -1.#QNAN0
3270.993319, -321.231646, 1.000000, -1.#QNAN0
3271.065006, -321.240285, 1.000000, -1.#QNAN0
3271.136156, -321.237067, 1.000000, -1.#QNAN0
3271.433879, -321.223598, 1.000000, -1.#QNAN0
3271.505030, -321.220379, 1.000000, -1.#QNAN0
3271.576716, -321.229019, 1.000000, -1.#QNAN0
3271.647867, -321.225800, 1.000000, -1.#QNAN0
3271.945590, -321.212332, 1.000000, -1.#QNAN0
3272.017277, -321.220971, 1.000000, -1.#QNAN0
3272.088427, -321.217753, 1.000000, -1.#QNAN0
3272.386150, -321.204284, 0.000000, -1.#QNAN0
3272.457301, -321.201065, 0.000000, -1.#QNAN0
3272.528451, -321.197847, 0.000000, -1.#QNAN0
3272.826174, -321.184378, 0.000000, -1.#QNAN0
3272.897324, -321.181159, 0.000000, -1.#QNAN0
3272.968475, -321.177941, 0.000000, -1.#QNAN0
3273.039625, -321.174722, 0.000000, -1.#QNAN0
3273.337348, -321.161254, 0.000000, -1.#QNAN0
3273.408498, -321.158035, 0.000000, -1.#QNAN0
3273.479649, -321.154816, 0.000000, -1.#QNAN0
3273.777372, -321.141348, 0.000000, -1.#QNAN0
3273.848522, -321.138129, 0.000000, -1.#QNAN0
3273.919673, -321.134910, 0.000000, -1.#QNAN0
3274.217396, -321.121442, 0.000000, -1.#QNAN0
3274.288546, -321.118223, 0.000000, -1.#QNAN0
3274.359696, -321.115004, 0.000000, -1.#QNAN0
3274.430847, -321.111785, 0.000000, -1.#QNAN0
3274.734946, -321.098811, 0.000000, -1.#QNAN0
3274.806105, -321.095785, 0.000000, -1.#QNAN0
3274.877264, -321.092759, 0.000000, -1.#QNAN0
3275.204046, -321.082272, 0.000000, -1.#QNAN0
3275.275236, -321.080122, 0.000000, -1.#QNAN0
3275.346427, -321.077972, 0.000000, -1.#QNAN0
3275.678516, -321.071657, 0.000000, -1.#QNAN0
3275.749730, -321.070541, 0.000000, -1.#QNAN0
3275.820944, -321.069425, 0.000000, -1.#QNAN0
3275.892158, -321.068309, 0.000000, -1.#QNAN0
3276.222068, -321.067239, 0.000000, -1.#QNAN0
3276.293291, -321.067090, 0.000000, -1.#QNAN0
3276.364513, -321.066940, 0.000000, -1.#QNAN0
3276.692348, -321.069771, 0.000000, -1.#QNAN0
3276.763567, -321.070525, 1.000000, -1.#QNAN0
3276.834660, -321.083149, 1.000000, -1.#QNAN0
3277.160400, -321.089600, 1.000000, -1.#QNAN0
3277.231605, -321.091201, 1.000000, -1.#QNAN0
3277.302810, -321.092801, 1.000000, -1.#QNAN0
3277.373748, -321.106269, 1.000000, -1.#QNAN0
3277.697503, -321.116877, 1.000000, -1.#QNAN0
3277.768686, -321.119270, 1.000000, -1.#QNAN0
3277.839869, -321.121664, 1.000000, -1.#QNAN0
3278.149587, -321.133451, 1.000000, -1.#QNAN0
3278.221216, -321.124348, 1.000000, -1.#QNAN0
3278.292386, -321.127105, 1.000000, -1.#QNAN0
3278.591993, -321.138900, 1.000000, -1.#QNAN0
3278.663161, -321.141713, 1.000000, -1.#QNAN0
3278.733859, -321.156387, 1.000000, -1.#QNAN0
3278.805027, -321.159200, 1.000000, -1.#QNAN0
3279.102822, -321.170970, 1.000000, -1.#QNAN0
3279.173520, -321.185644, 1.000000, -1.#QNAN0
3279.244688, -321.188457, 1.000000, -1.#QNAN0
3279.542015, -321.212088, 1.000000, -1.#QNAN0
3279.613182, -321.214901, 1.000000, -1.#QNAN0
3279.683881, -321.229575, 1.000000, -1.#QNAN0
3279.981676, -321.241345, 1.000000, -1.#QNAN0
3280.052843, -321.244158, 1.000000, -1.#QNAN0
3280.123542, -321.258832, 1.000000, -1.#QNAN0
3280.194710, -321.261645, 1.000000, -1.#QNAN0
3280.492973, -321.261554, 1.000000, -1.#QNAN0
3280.565079, -321.240644, 1.000000, -1.#QNAN0
3280.637184, -321.219734, 1.000000, -1.#QNAN0
3280.930350, -321.195682, 1.000000, -1.#QNAN0
3281.002924, -321.162911, 1.000000, -1.#QNAN0
3281.075029, -321.142002, 1.000000, -1.#QNAN0
3281.359826, -321.153258, 0.000000, -1.#QNAN0
3281.430994, -321.156071, 0.000000, -1.#QNAN0
3281.501692, -321.170745, 0.000000, -1.#QNAN0
3281.572391, -321.185419, 0.000000, -1.#QNAN0
3281.849821, -321.208264, 0.000000, -1.#QNAN0
3281.920520, -321.222938, 0.000000, -1.#QNAN0
3281.991687, -321.225751, 0.000000, -1.#QNAN0
3282.262293, -321.248326, 0.000000, -1.#QNAN0
3282.332991, -321.263000, 0.000000, -1.#QNAN0
3282.596854, -321.285309, 0.000000, -1.#QNAN0
3282.667552, -321.299983, 0.000000, -1.#QNAN0
3282.738720, -321.302796, 0.000000, -1.#QNAN0
3282.984075, -321.324373, 0.000000, -1.#QNAN0
3283.054774, -321.339047, 0.000000, -1.#QNAN0
3283.125472, -321.353721, 0.000000, -1.#QNAN0
3283.364762, -321.363179, 0.000000, -1.#QNAN0
3283.435461, -321.377853, 0.000000, -1.#QNAN0
3283.673707, -321.399149, 0.000000, -1.#QNAN0
3283.744406, -321.413823, 0.000000, -1.#QNAN0
3283.815104, -321.428497, 0.000000, -1.#QNAN0
3284.053819, -321.437932, 0.000000, -1.#QNAN0
3284.124518, -321.452606, 1.000000, -1.#QNAN0
3284.362764, -321.473902, 1.000000, -1.#QNAN0
3284.433931, -321.476715, 1.000000, -1.#QNAN0
3284.672177, -321.498011, 1.000000, -1.#QNAN0
3284.743345, -321.500824, 1.000000, -1.#QNAN0
3284.814512, -321.503637, 1.000000, -1.#QNAN0
3285.053227, -321.513072, 1.000000, -1.#QNAN0
3285.124394, -321.515885, 1.000000, -1.#QNAN0
3285.363110, -321.525320, 1.000000, -1.#QNAN0
3285.434277, -321.528133, 1.000000, -1.#QNAN0
3285.673461, -321.525706, 1.000000, -1.#QNAN0
3285.744628, -321.528519, 1.000000, -1.#QNAN0
3285.815796, -321.531332, 1.000000, -1.#QNAN0
3286.054510, -321.540767, 1.000000, -1.#QNAN0
3286.125678, -321.543580, 1.000000, -1.#QNAN0
3286.364393, -321.553015, 1.000000, -1.#QNAN0
3286.435560, -321.555828, 1.000000, -1.#QNAN0
3286.674275, -321.565263, 1.000000, -1.#QNAN0
3286.745442, -321.568075, 1.000000, -1.#QNAN0
3286.816610, -321.570888, 1.000000, -1.#QNAN0
3287.055793, -321.568462, 1.000000, -1.#QNAN0
3287.178061, -320.278399, 0.000000, -1.#QNAN0
3287.367082, -321.545126, 0.000000, -1.#QNAN0
3287.437781, -321.559800, 0.000000, -1.#QNAN0
3287.676496, -321.569235, 0.000000, -1.#QNAN0
3287.747663, -321.572048, 0.000000, -1.#QNAN0
3287.818362, -321.586722, 0.000000, -1.#QNAN0
3288.057077, -321.596157, 0.000000, -1.#QNAN0
3288.128244, -321.598970, 0.000000, -1.#QNAN0
3288.366490, -321.620266, 0.000000, -1.#QNAN0
3288.437658, -321.623079, 0.000000, -1.#QNAN0
3288.672709, -321.632058, 0.000000, -1.#QNAN0
3288.743431, -321.646616, 0.000000, -1.#QNAN0
3288.814603, -321.649312, 0.000000, -1.#QNAN0
3289.046730, -321.657405, 0.000000, -1.#QNAN0
3289.117495, -321.671753, 0.000000, -1.#QNAN0
3289.333165, -321.677156, 0.000000, -1.#QNAN0
3289.404367, -321.678897, 0.000000, -1.#QNAN0
3289.621260, -321.694303, 0.000000, -1.#QNAN0
3289.692476, -321.695346, 0.000000, -1.#QNAN0
3289.763691, -321.696388, 0.000000, -1.#QNAN0
3289.980612, -321.709172, 0.000000, -1.#QNAN0
3290.051834, -321.709508, 1.000000, -1.#QNAN0
3290.265814, -321.720080, 1.000000, -1.#QNAN0
3290.337036, -321.719605, 1.000000, -1.#QNAN0
3290.546998, -321.704012, 1.000000, -1.#QNAN0
3290.618442, -321.714471, 1.000000, -1.#QNAN0
3290.689651, -321.713061, 1.000000, -1.#QNAN0
3290.895563, -321.717472, 1.000000, -1.#QNAN0
3290.966743, -321.714978, 1.000000, -1.#QNAN0
3291.167284, -321.704512, 1.000000, -1.#QNAN0
3291.238409, -321.700771, 1.000000, -1.#QNAN0
3291.440709, -321.687901, 1.000000, -1.#QNAN0
3291.511778, -321.683226, 1.000000, -1.#QNAN0
3291.582847, -321.678552, 1.000000, -1.#QNAN0
3291.804486, -321.663973, 1.000000, -1.#QNAN0
3291.875555, -321.659298, 1.000000, -1.#QNAN0
3292.016583, -320.377133, 0.000000, -1.#QNAN0
3292.171019, -321.639863, 0.000000, -1.#QNAN0
3292.387112, -321.637545, 0.000000, -1.#QNAN0
3292.458181, -321.632871, 0.000000, -1.#QNAN0
3292.676270, -321.618525, 0.000000, -1.#QNAN0
3292.748119, -321.625696, 0.000000, -1.#QNAN0
3292.957150, -321.611946, 0.000000, -1.#QNAN0
3293.028219, -321.607271, 0.000000, -1.#QNAN0
3293.228984, -321.605962, 0.000000, -1.#QNAN0
3293.300054, -321.601287, 0.000000, -1.#QNAN0
3293.498593, -321.588228, 0.000000, -1.#QNAN0
3293.570442, -321.595398, 0.000000, -1.#QNAN0
3293.768982, -321.582338, 0.000000, -1.#QNAN0
3293.840052, -321.577664, 0.000000, -1.#QNAN0
3294.039370, -321.576449, 0.000000, -1.#QNAN0
3294.110440, -321.571774, 0.000000, -1.#QNAN0
3294.308980, -321.558715, 0.000000, -1.#QNAN0
3294.380828, -321.565885, 0.000000, -1.#QNAN0
3294.493665, -320.249886, 0.000000, -1.#QNAN0
3294.650438, -321.548151, 1.000000, -1.#QNAN0
3294.848198, -321.523247, 1.000000, -1.#QNAN0
3294.919268, -321.518572, 1.000000, -1.#QNAN0
3295.117029, -321.493668, 1.000000, -1.#QNAN0
3295.188098, -321.488993, 1.000000, -1.#QNAN0
3295.386638, -321.475933, 1.000000, -1.#QNAN0
3295.458487, -321.483104, 1.000000, -1.#QNAN0
3295.657026, -321.470044, 1.000000, -1.#QNAN0
3295.728096, -321.465369, 1.000000, -1.#QNAN0
3295.927415, -321.464155, 1.000000, -1.#QNAN0
3295.999263, -321.471325, 1.000000, -1.#QNAN0
3296.197803, -321.458266, 1.000000, -1.#QNAN0
3296.269652, -321.465436, 1.000000, -1.#QNAN0
3296.468971, -321.464221, 1.000000, -1.#QNAN0
3296.540819, -321.471391, 1.000000, -1.#QNAN0
3296.739359, -321.458332, 1.000000, -1.#QNAN0
3296.811208, -321.465502, 1.000000, -1.#QNAN0
3297.009748, -321.452443, 1.000000, -1.#QNAN0
3297.080817, -321.447768, 0.000000, -1.#QNAN0
3297.279357, -321.434709, 0.000000, -1.#QNAN0
3297.350427, -321.430034, 0.000000, -1.#QNAN0
3297.548966, -321.416974, 0.000000, -1.#QNAN0
3297.620036, -321.412300, 0.000000, -1.#QNAN0
3297.818576, -321.399240, 0.000000, -1.#QNAN0
3297.889645, -321.394566, 0.000000, -1.#QNAN0
3298.087406, -321.369661, 0.000000, -1.#QNAN0
3298.158475, -321.364986, 0.000000, -1.#QNAN0
3298.357015, -321.351927, 0.000000, -1.#QNAN0
3298.428085, -321.347252, 0.000000, -1.#QNAN0
3298.626625, -321.334193, 0.000000, -1.#QNAN0
3298.697694, -321.329518, 0.000000, -1.#QNAN0
3298.896234, -321.316459, 0.000000, -1.#QNAN0
3298.884716, -320.056224, 0.000000, -1.#QNAN0
3299.164691, -321.298716, 1.000000, -1.#QNAN0
3299.235758, -321.294001, 1.000000, -1.#QNAN0
3299.426187, -321.268948, 1.000000, -1.#QNAN0
3299.497237, -321.263983, 1.000000, -1.#QNAN0
3299.685847, -321.250100, 1.000000, -1.#QNAN0
3299.756872, -321.244796, 1.000000, -1.#QNAN0
3299.957678, -321.240980, 1.000000, -1.#QNAN0
3300.028678, -321.235351, 1.000000, -1.#QNAN0
3300.239992, -321.229634, 1.000000, -1.#QNAN0
3300.311963, -321.235441, 1.000000, -1.#QNAN0
3300.382931, -321.229420, 1.000000, -1.#QNAN0
3300.603716, -321.209283, 1.000000, -1.#QNAN0
3300.674643, -321.202803, 1.000000, -1.#QNAN0
3300.904041, -321.192062, 1.000000, -1.#QNAN0
3300.974908, -321.184952, 1.000000, -1.#QNAN0
3301.045775, -321.177843, 1.000000, -1.#QNAN0
3301.291542, -321.151732, 1.000000, -1.#QNAN0
3301.363623, -321.155980, 1.000000, -1.#QNAN0
3301.434444, -321.148424, 1.000000, -1.#QNAN0
3301.704118, -321.119500, 1.000000, -1.#QNAN0
3301.774934, -321.111903, 1.000000, -1.#QNAN0
3301.847017, -321.116108, 1.000000, -1.#QNAN0
3302.130324, -321.085715, 1.000000, -1.#QNAN0
3302.201140, -321.078118, 0.000000, -1.#QNAN0
3302.273223, -321.082324, 0.000000, -1.#QNAN0
3302.557987, -321.051775, 0.000000, -1.#QNAN0
3302.630070, -321.055980, 0.000000, -1.#QNAN0
3302.700887, -321.048383, 0.000000, -1.#QNAN0
3302.986916, -321.029636, 0.000000, -1.#QNAN0
3303.057733, -321.022039, 0.000000, -1.#QNAN0
3303.129816, -321.026245, 0.000000, -1.#QNAN0
3303.414579, -320.995696, 0.000000, -1.#QNAN0
3303.486662, -320.999901, 0.000000, -1.#QNAN0
3303.557478, -320.992304, 0.000000, -1.#QNAN0
3303.843508, -320.973557, 0.000000, -1.#QNAN0
3303.914325, -320.965960, 0.000000, -1.#QNAN0
3303.986408, -320.970166, 0.000000, -1.#QNAN0
3304.057224, -320.962569, 0.000000, -1.#QNAN0
3304.343254, -320.943822, 0.000000, -1.#QNAN0
3304.414071, -320.936225, 0.000000, -1.#QNAN0
3304.486153, -320.940431, 0.000000, -1.#QNAN0
3304.770917, -320.909881, 0.000000, -1.#QNAN0
3304.843000, -320.914087, 0.000000, -1.#QNAN0
3304.913816, -320.906490, 0.000000, -1.#QNAN0
3305.199846, -320.887743, 0.000000, -1.#QNAN0
3305.270663, -320.880146, 0.000000, -1.#QNAN0
3305.342746, -320.884352, 0.000000, -1.#QNAN0
3305.627509, -320.853802, 1.000000, -1.#QNAN0
3305.699592, -320.858008, 1.000000, -1.#QNAN0
3305.770408, -320.850411, 1.000000, -1.#QNAN0
3306.055172, -320.819862, 1.000000, -1.#QNAN0
3306.125988, -320.812264, 1.000000, -1.#QNAN0
3306.195539, -320.792864, 1.000000, -1.#QNAN0
3306.479036, -320.750512, 1.000000, -1.#QNAN0
3306.549853, -320.742915, 1.000000, -1.#QNAN0
3306.619404, -320.723515, 1.000000, -1.#QNAN0
3306.690220, -320.715918, 1.000000, -1.#QNAN0
3306.976250, -320.697172, 1.000000, -1.#QNAN0
3307.047066, -320.689574, 1.000000, -1.#QNAN0
3307.117883, -320.681977, 1.000000, -1.#QNAN0
3307.402646, -320.651428, 1.000000, -1.#QNAN0
3307.473463, -320.643831, 1.000000, -1.#QNAN0
3307.544280, -320.636234, 1.000000, -1.#QNAN0
3307.815239, -320.605278, 1.000000, -1.#QNAN0
3307.885998, -320.597162, 1.000000, -1.#QNAN0
3307.956757, -320.589045, 1.000000, -1.#QNAN0
3308.210987, -320.556060, 1.000000, -1.#QNAN0
3308.281606, -320.546805, 1.000000, -1.#QNAN0
3308.350683, -320.525779, 1.000000, -1.#QNAN0
3308.615820, -320.488724, 1.000000, -1.#QNAN0
3308.684684, -320.467012, 1.000000, -1.#QNAN0
3308.755207, -320.457054, 1.000000, -1.#QNAN0
3309.025186, -320.429129, 1.000000, -1.#QNAN0
3309.097381, -320.430341, 0.000000, -1.#QNAN0
3309.167822, -320.419813, 0.000000, -1.#QNAN0
3309.240017, -320.421025, 0.000000, -1.#QNAN0
3309.510794, -320.378669, 0.000000, -1.#QNAN0
3309.582996, -320.379401, 0.000000, -1.#QNAN0
3309.655197, -320.380133, 0.000000, -1.#QNAN0
3309.927906, -320.336004, 0.000000, -1.#QNAN0
3310.000111, -320.336335, 0.000000, -1.#QNAN0
3310.070418, -320.324948, 0.000000, -1.#QNAN0
3310.353142, -320.290909, 0.000000, -1.#QNAN0
3310.425347, -320.291166, 0.000000, -1.#QNAN0
3310.495642, -320.279706, 0.000000, -1.#QNAN0
3310.780140, -320.245344, 0.000000, -1.#QNAN0
3310.850434, -320.233881, 0.000000, -1.#QNAN0
3310.922639, -320.234134, 0.000000, -1.#QNAN0
3311.207214, -320.199757, 0.000000, -1.#QNAN0
3311.277509, -320.188295, 0.000000, -1.#QNAN0
3311.349714, -320.188548, 0.000000, -1.#QNAN0
3311.632378, -320.142455, 0.000000, -1.#QNAN0
3311.704583, -320.142708, 0.000000, -1.#QNAN0
3311.776788, -320.142962, 0.000000, -1.#QNAN0
3311.847083, -320.131499, 0.000000, -1.#QNAN0
3312.131378, -320.097168, 0.000000, -1.#QNAN0
3312.201673, -320.085705, 0.000000, -1.#QNAN0
3312.273878, -320.085958, 1.000000, -1.#QNAN0
3312.557768, -320.063720, 1.000000, -1.#QNAN0
3312.628062, -320.052258, 1.000000, -1.#QNAN0
3312.711730, -320.122806, 1.000000, -1.#QNAN0
3312.991414, -320.089226, 1.000000, -1.#QNAN0
3313.063619, -320.089479, 1.000000, -1.#QNAN0
3313.133913, -320.078017, 1.000000, -1.#QNAN0
3313.411321, -320.044809, 1.000000, -1.#QNAN0
3313.481615, -320.033346, 1.000000, -1.#QNAN0
3313.551910, -320.021884, 1.000000, -1.#QNAN0
3313.838777, -319.987133, 1.000000, -1.#QNAN0
3313.909072, -319.975670, 1.000000, -1.#QNAN0
3313.979366, -319.964208, 1.000000, -1.#QNAN0
3314.260179, -319.906390, 1.000000, -1.#QNAN0
3314.313280, -319.789485, 1.000000, -1.#QNAN0
3314.383574, -319.778023, 1.000000, -1.#QNAN0
3314.665993, -319.743997, 1.000000, -1.#QNAN0
3314.736288, -319.732535, 1.000000, -1.#QNAN0
3314.808493, -319.732788, 1.000000, -1.#QNAN0
3315.087071, -319.687362, 1.000000, -1.#QNAN0
3315.159276, -319.687615, 1.000000, -1.#QNAN0
3315.231481, -319.687868, 1.000000, -1.#QNAN0
3315.510060, -319.642442, 1.000000, -1.#QNAN0
3315.582265, -319.642695, 1.000000, -1.#QNAN0
3315.654470, -319.642948, 1.000000, -1.#QNAN0
3315.933049, -319.597522, 1.000000, -1.#QNAN0
3316.007164, -319.609490, 1.000000, -1.#QNAN0
3316.081280, -319.621459, 1.000000, -1.#QNAN0
3316.361769, -319.587749, 1.000000, -1.#QNAN0
3316.432063, -319.576286, 1.000000, -1.#QNAN0
3316.504268, -319.576539, 1.000000, -1.#QNAN0
3316.782847, -319.531113, 1.000000, -1.#QNAN0
3316.853142, -319.519650, 1.000000, -1.#QNAN0
3316.925347, -319.519904, 1.000000, -1.#QNAN0
3317.203925, -319.474477, 1.000000, -1.#QNAN0
3317.276130, -319.474730, 1.000000, -1.#QNAN0
3317.348336, -319.474984, 1.000000, -1.#QNAN0
3317.630735, -319.452989, 1.000000, -1.#QNAN0
3317.702940, -319.453242, 1.000000, -1.#QNAN0
3317.775145, -319.453495, 1.000000, -1.#QNAN0
3318.055634, -319.419784, 1.000000, -1.#QNAN0
3318.125929, -319.408322, 1.000000, -1.#QNAN0
3318.198134, -319.408575, 1.000000, -1.#QNAN0
3318.476712, -319.363149, 1.000000, -1.#QNAN0
3318.547007, -319.351686, 1.000000, -1.#QNAN0
3318.619212, -319.351939, 1.000000, -1.#QNAN0
3318.899701, -319.318229, 1.000000, -1.#QNAN0
3318.969996, -319.306766, 1.000000, -1.#QNAN0
3196.785417, -294.534178, 0.000000, 0.000000
3196.841452, -294.578142, 0.000000, 0.000000
3197.038621, -294.732837, 0.000000, 0.000000
3197.087328, -294.786140, 0.000000, 0.000000
3197.284498, -294.940836, 0.000000, 0.000000
3197.340533, -294.984800, 0.000000, 0.000000
3197.396567, -295.028764, 0.000000, 0.000000
3197.586409, -295.192798, 0.000000, 0.000000
3197.642444, -295.236762, 0.000000, 0.000000
3197.839613, -295.391457, 0.000000, 0.000000
3197.895648, -295.435421, 0.000000, 0.000000
3197.944355, -295.488724, 0.000000, 0.000000
3198.141525, -295.643420, 0.000000, 0.000000
3198.197559, -295.687383, 0.000000, 0.000000
3198.387401, -295.851418, 0.000000, 0.000000
3198.443436, -295.895382, 0.000000, 0.000000
3198.499471, -295.939346, 0.000000, 0.000000
3198.696640, -296.094041, 0.000000, 0.000000
3198.745347, -296.147344, 0.000000, 0.000000
3198.942517, -296.302039, 0.000000, 0.000000
3198.998551, -296.346003, 0.000000, 0.000000
3199.047259, -296.399306, 0.000000, 0.000000
3199.244428, -296.554001, 0.000000, 0.000000
3199.300463, -296.597965, 0.000000, 0.000000
3199.497632, -296.752661, 0.000000, 0.000000
3199.546339, -296.805964, 0.000000, 0.000000
3199.602374, -296.849927, 0.000000, 0.000000
3199.799543, -297.004623, 0.000000, 0.000000
3199.848251, -297.057926, 0.000000, 0.000000
3200.046737, -297.213438, 0.000000, 0.000000
3200.102806, -297.257358, 0.000000, 0.000000
3200.158875, -297.301278, 0.000000, 0.000000
3200.354712, -297.468649, 0.000000, 0.000000
3200.410932, -297.512376, 0.000000, 0.000000
3200.627796, -297.677828, 0.000000, 0.000000
3200.684504, -297.720919, 0.000000, 0.000000
3200.734030, -297.773463, 0.000000, 0.000000
3200.954538, -297.937040, 0.000000, 0.000000
3201.011763, -297.979444, 0.000000, 0.000000
3201.226573, -298.150056, 0.000000, 0.000000
3201.284295, -298.191780, 0.000000, 0.000000
3201.342017, -298.233505, 0.000000, 0.000000
3201.567461, -298.392365, 0.000000, 0.000000
3201.618873, -298.443064, 0.000000, 0.000000
3201.847728, -298.600355, 0.000000, 0.000000
3201.906521, -298.640557, 0.000000, 0.000000
3201.958613, -298.690557, 0.000000, 0.000000
3202.191704, -298.845295, 0.000000, 0.000000
3202.251072, -298.884642, 0.000000, 0.000000
3202.483022, -299.034883, 0.000000, 0.000000
3202.536456, -299.083447, 0.000000, 0.000000
3202.596321, -299.122033, 0.000000, 0.000000
3202.817448, -299.263205, 0.000000, 0.000000
3202.877483, -299.301526, 0.000000, 0.000000
3203.077770, -299.443455, 0.000000, 0.000000
3203.137805, -299.481776, 0.000000, 0.000000
3203.197840, -299.520097, 0.000000, 0.000000
3203.401234, -299.664008, 0.000000, 0.000000
3203.461269, -299.702330, 0.000000, 0.000000
3203.674155, -299.838218, 0.000000, 0.000000
3203.734190, -299.876539, 0.000000, 0.000000
3203.787838, -299.924866, 0.000000, 0.000000
3204.003832, -300.062737, 0.000000, 0.000000
3204.063867, -300.101059, 0.000000, 0.000000
3204.117515, -300.149386, 0.000000, 0.000000
3204.336615, -300.289240, 0.000000, 0.000000
3204.396650, -300.327561, 0.000000, 0.000000
3204.618857, -300.469399, 0.000000, 0.000000
3204.672505, -300.517726, 0.000000, 0.000000
3205.856628, -298.795019, -1.000000, 0.000000
3204.961910, -300.688374, 1.000000, 0.000000
3205.021945, -300.726696, 1.000000, 0.000000
3205.088367, -300.755011, 1.000000, 0.000000
3205.311351, -300.897344, 1.000000, 0.000000
3205.371386, -300.935666, 1.000000, 0.000000
3205.626304, -301.027970, 1.000000, 0.000000
3205.686339, -301.066291, 1.000000, 0.000000
3205.746374, -301.104612, 1.000000, 0.000000
3205.969357, -301.246945, 1.000000, 0.000000
3206.029392, -301.285266, 1.000000, 0.000000
3206.083041, -301.333593, 1.000000, 0.000000
3206.306024, -301.475927, 1.000000, 0.000000
3206.366059, -301.514248, 1.000000, 0.000000
3206.589043, -301.656581, 1.000000, 0.000000
3206.642691, -301.704908, 1.000000, 0.000000
3206.702726, -301.743230, 1.000000, 0.000000
3206.925709, -301.885563, 1.000000, 0.000000
3206.985744, -301.923884, 1.000000, 0.000000
3207.045780, -301.962205, 1.000000, 0.000000
3207.268763, -302.104539, 1.000000, 0.000000
3207.328798, -302.142860, 1.000000, 0.000000
3207.551782, -302.285193, 1.000000, 0.000000
3207.605430, -302.333520, 1.000000, 0.000000
3207.659078, -302.381847, 1.000000, 0.000000
3207.888448, -302.514175, 1.000000, 0.000000
3207.948483, -302.552496, 1.000000, 0.000000
3208.008519, -302.590817, 1.000000, 0.000000
3208.231502, -302.733150, 1.000000, 0.000000
3208.291537, -302.771472, 1.000000, 0.000000
3208.514521, -302.913805, 1.000000, 0.000000
3208.568169, -302.962132, 1.000000, 0.000000
3208.628204, -303.000453, 1.000000, 0.000000
3208.851187, -303.142786, 1.000000, 0.000000
3208.911222, -303.181108, 1.000000, 0.000000
3208.964871, -303.229435, 1.000000, 0.000000
3209.187854, -303.371768, 1.000000, 0.000000
3209.247889, -303.410089, 1.000000, 0.000000
3209.470145, -303.552053, 1.000000, 0.000000
3209.530165, -303.590398, 1.000000, 0.000000
3209.590185, -303.628743, 1.000000, 0.000000
3209.811995, -303.770613, 1.000000, 0.000000
3209.871992, -303.808993, 1.000000, 0.000000
3209.925592, -303.857374, 1.000000, 0.000000
3210.140907, -304.009383, 1.000000, 0.000000
3210.175270, -304.087782, 1.000000, 0.000000
3210.396955, -304.229919, 1.000000, 0.000000
3210.456907, -304.268370, 1.000000, 0.000000
3210.523268, -304.296828, 1.000000, 0.000000
3210.744903, -304.439120, 0.000000, 0.000000
3210.804835, -304.477603, 0.000000, 0.000000
3210.864766, -304.516086, 0.000000, 0.000000
3211.086348, -304.658524, 0.000000, 0.000000
3211.146259, -304.697039, 0.000000, 0.000000
3211.367897, -304.839635, 0.000000, 0.000000
3211.427790, -304.878178, 0.000000, 0.000000
3211.481260, -304.926702, 0.000000, 0.000000
3211.703503, -305.069751, 0.000000, 0.000000
3211.763392, -305.108300, 0.000000, 0.000000
3211.823281, -305.146849, 0.000000, 0.000000
3212.043587, -305.288655, 0.000000, 0.000000
3212.103476, -305.327204, 0.000000, 0.000000
3212.321135, -305.467306, 0.000000, 0.000000
3212.381023, -305.505855, 0.000000, 0.000000
3212.440912, -305.544404, 0.000000, 0.000000
3212.656067, -305.682895, 0.000000, 0.000000
3212.715956, -305.721444, 0.000000, 0.000000
3212.775845, -305.759993, 0.000000, 0.000000
3212.988646, -305.896968, 0.000000, 0.000000
3213.048535, -305.935517, 0.000000, 0.000000
3213.259131, -306.071073, 0.000000, 0.000000
3213.312595, -306.119604, 0.000000, 0.000000
3213.372484, -306.158153, 0.000000, 0.000000
3213.581031, -306.292390, 0.000000, 0.000000
3213.640920, -306.330939, 0.000000, 0.000000
3213.700809, -306.369488, 0.000000, 0.000000
3213.907465, -306.502508, 0.000000, 0.000000
3213.967354, -306.541057, 0.000000, 0.000000
3214.173597, -306.673811, 0.000000, 0.000000
3214.233486, -306.712360, 0.000000, 0.000000
3214.293375, -306.750909, 0.000000, 0.000000
3214.499618, -306.883663, 0.000000, 0.000000
3214.559507, -306.922212, 0.000000, 0.000000
3214.619396, -306.960761, 0.000000, 0.000000
3214.825639, -307.093516, 0.000000, 0.000000
3214.879103, -307.142046, 0.000000, 0.000000
3215.085346, -307.274800, 0.000000, 0.000000
3215.145235, -307.313350, 0.000000, 0.000000
3215.205124, -307.351899, 0.000000, 0.000000
3215.411367, -307.484653, 0.000000, 0.000000
3215.471256, -307.523202, 0.000000, 0.000000
3215.531145, -307.561751, 0.000000, 0.000000
3215.737389, -307.694505, 0.000000, 0.000000
3215.797278, -307.733054, 0.000000, 0.000000
3216.003521, -307.865808, 0.000000, 0.000000
3216.063410, -307.904358, 0.000000, 0.000000
3216.123299, -307.942907, 0.000000, 0.000000
3216.329542, -308.075661, 0.000000, 0.000000
3216.389431, -308.114210, 0.000000, 0.000000
3216.442895, -308.162740, 0.000000, 0.000000
3216.649138, -308.295495, 0.000000, 0.000000
3216.709027, -308.334044, 0.000000, 0.000000
3216.915270, -308.466798, 0.000000, 0.000000
3216.975159, -308.505347, 0.000000, 0.000000
3217.035048, -308.543896, 0.000000, 0.000000
3217.241291, -308.676650, 0.000000, 0.000000
3217.301180, -308.715199, 0.000000, 0.000000
3217.361069, -308.753748, 0.000000, 0.000000
3217.567313, -308.886503, 0.000000, 0.000000
3217.627202, -308.925052, 0.000000, 0.000000
3217.833445, -309.057806, 0.000000, 0.000000
3217.893334, -309.096355, 0.000000, 0.000000
3217.953223, -309.134904, 0.000000, 0.000000
3218.159466, -309.267658, 0.000000, 0.000000
3218.212930, -309.316189, 0.000000, 0.000000
3218.272819, -309.354738, 0.000000, 0.000000
3218.484684, -309.490305, 0.000000, 0.000000
3218.544684, -309.528683, 0.000000, 0.000000
3218.782452, -309.676907, 0.000000, 0.000000
3218.843058, -309.714320, 0.000000, 0.000000
3218.903663, -309.751733, 0.000000, 0.000000
3219.152735, -309.899930, 0.000000, 0.000000
3219.214090, -309.936099, 0.000000, 0.000000
3219.275446, -309.972267, 0.000000, 0.000000
3219.528739, -310.115364, 0.000000, 0.000000
3219.590837, -310.150243, 0.000000, 0.000000
3219.847566, -310.289305, 0.000000, 0.000000
3219.910396, -310.322847, 0.000000, 0.000000
3219.967636, -310.366861, 0.000000, 0.000000
3220.228702, -310.500446, 0.000000, 0.000000
3220.292251, -310.532607, 0.000000, 0.000000
3220.355799, -310.564768, 0.000000, 0.000000
3220.620887, -310.692481, 0.000000, 0.000000
3220.685137, -310.723217, 0.000000, 0.000000
3220.952651, -310.845978, 0.000000, 0.000000
3221.920758, -308.873556, -1.000000, 0.000000
3221.087374, -310.893743, 1.000000, 0.000000
3221.321668, -310.998239, 1.000000, 0.000000
3221.391565, -311.016351, 1.000000, 0.000000
3221.456636, -311.045308, 1.000000, 0.000000
3221.685203, -311.134031, 1.000000, 0.000000
3221.750274, -311.162988, 1.000000, 0.000000
3221.968406, -311.260059, 1.000000, 0.000000
3222.033477, -311.289016, 1.000000, 0.000000
3222.098547, -311.317974, 1.000000, 0.000000
3222.300225, -311.407722, 1.000000, 0.000000
3222.365295, -311.436679, 1.000000, 0.000000
3222.561365, -311.523932, 1.000000, 0.000000
3222.626435, -311.552890, 1.000000, 0.000000
3222.816896, -311.637647, 1.000000, 0.000000
3222.881967, -311.666604, 1.000000, 0.000000
3223.061994, -311.759711, 1.000000, 0.000000
3223.127065, -311.788669, 1.000000, 0.000000
3223.295468, -311.863610, 1.000000, 0.000000
3223.360539, -311.892567, 1.000000, 0.000000
3223.534522, -311.969992, 1.000000, 0.000000
3223.708505, -312.047416, 1.000000, 0.000000
3223.773576, -312.076373, 1.000000, 0.000000
3223.947560, -312.153798, 1.000000, 0.000000
3224.017457, -312.171910, 1.000000, 0.000000
3224.191440, -312.249335, 1.000000, 0.000000
3224.365424, -312.326759, 1.000000, 0.000000
3224.430494, -312.355717, 1.000000, 0.000000
3224.604478, -312.433141, 1.000000, 0.000000
3224.669549, -312.462099, 1.000000, 0.000000
3224.843532, -312.539523, 1.000000, 0.000000
3225.017516, -312.616948, 1.000000, 0.000000
3225.082586, -312.645905, 1.000000, 0.000000
3225.256570, -312.723330, 1.000000, 0.000000
3225.321641, -312.752287, 1.000000, 0.000000
3225.500450, -312.818866, 1.000000, 0.000000
3225.674434, -312.896291, 1.000000, 0.000000
3225.744331, -312.914403, 1.000000, 0.000000
3226.787031, -311.039706, -1.000000, 0.000000
3225.988211, -313.009940, 0.000000, 0.000000
3226.162195, -313.087365, 0.000000, 0.000000
3226.336178, -313.164789, 0.000000, 0.000000
3226.406075, -313.182901, 0.000000, 0.000000
3226.580059, -313.260326, 0.000000, 0.000000
3226.645130, -313.289283, 0.000000, 0.000000
3226.819113, -313.366708, 0.000000, 0.000000
3226.993097, -313.444133, 0.000000, 0.000000
3227.058167, -313.473090, 0.000000, 0.000000
3227.232151, -313.550515, 0.000000, 0.000000
3227.297222, -313.579472, 0.000000, 0.000000
3227.476031, -313.646051, 0.000000, 0.000000
3227.650015, -313.723476, 0.000000, 0.000000
3227.715085, -313.752433, 0.000000, 0.000000
3227.889069, -313.829858, 0.000000, 0.000000
3227.954140, -313.858815, 0.000000, 0.000000
3228.128123, -313.936240, 0.000000, 0.000000
3228.304959, -314.014933, 0.000000, 0.000000
3228.374856, -314.033046, 0.000000, 0.000000
3228.558674, -314.114847, 0.000000, 0.000000
3228.623745, -314.143804, 0.000000, 0.000000
3228.815072, -314.228893, 0.000000, 0.000000
3228.880150, -314.257833, 0.000000, 0.000000
3229.079286, -314.346247, 0.000000, 0.000000
3229.144383, -314.375143, 0.000000, 0.000000
3229.351501, -314.466847, 0.000000, 0.000000
3229.421435, -314.484815, 0.000000, 0.000000
3229.636215, -314.579591, 0.000000, 0.000000
3229.701386, -314.608321, 0.000000, 0.000000
3229.766558, -314.637050, 0.000000, 0.000000
3230.000067, -314.739541, 0.000000, 0.000000
3230.065290, -314.768155, 0.000000, 0.000000
3230.303943, -314.872375, 0.000000, 0.000000
3230.369229, -314.900844, 0.000000, 0.000000
3230.439259, -314.918433, 0.000000, 0.000000
3230.679494, -315.022491, 0.000000, 0.000000
3230.744861, -315.050772, 0.000000, 0.000000
3230.810229, -315.079054, 0.000000, 0.000000
3231.046821, -315.181175, 0.000000, 0.000000
3231.112213, -315.209398, 0.000000, 0.000000
3231.347111, -315.310776, 0.000000, 0.000000
3231.417208, -315.328100, 0.000000, 0.000000
3231.482600, -315.356322, 0.000000, 0.000000
3231.717498, -315.457700, 0.000000, 0.000000
3231.782890, -315.485923, 0.000000, 0.000000
3231.848283, -315.514145, 0.000000, 0.000000
3232.083181, -315.615523, 0.000000, 0.000000
3232.148573, -315.643746, 0.000000, 0.000000
3232.383471, -315.745124, 0.000000, 0.000000
3232.453568, -315.762448, 0.000000, 0.000000
3232.518960, -315.790670, 0.000000, 0.000000
3232.753858, -315.892048, 0.000000, 0.000000
3232.819250, -315.920271, 0.000000, 0.000000
3232.884643, -315.948493, 0.000000, 0.000000
3233.119541, -316.049871, 0.000000, 0.000000
3233.184933, -316.078094, 0.000000, 0.000000
3233.419831, -316.179472, 0.000000, 0.000000
3233.489928, -316.196796, 0.000000, 0.000000
3233.555320, -316.225018, 0.000000, 0.000000
3233.790218, -316.326396, 0.000000, 0.000000
3233.855611, -316.354619, 0.000000, 0.000000
3233.921003, -316.382841, 0.000000, 0.000000
3234.155901, -316.484219, 0.000000, 0.000000
3234.221293, -316.512442, 0.000000, 0.000000
3234.460895, -316.602921, 0.000000, 0.000000
3234.526288, -316.631144, 0.000000, 0.000000
3234.591680, -316.659366, 0.000000, 0.000000
3234.826578, -316.760744, 0.000000, 0.000000
3234.901378, -316.767169, 1.000000, 0.000000
3234.971475, -316.784493, 1.000000, 0.000000
3235.211076, -316.874972, 1.000000, 0.000000
3235.304691, -316.837802, 1.000000, 0.000000
3235.549257, -316.917464, 1.000000, 0.000000
3235.614654, -316.945677, 1.000000, 0.000000
3235.684753, -316.962991, 1.000000, 0.000000
3235.924175, -317.065673, 1.000000, 0.000000
3235.989643, -317.093722, 1.000000, 0.000000
3236.059785, -317.110859, 1.000000, 0.000000
3236.302943, -317.213839, 1.000000, 0.000000
3236.368534, -317.241597, 1.000000, 0.000000
3236.609963, -317.343062, 1.000000, 0.000000
3236.680235, -317.359658, 1.000000, 0.000000
3236.745917, -317.387202, 1.000000, 0.000000
3236.990797, -317.476428, 1.000000, 0.000000
3237.056547, -317.503810, 1.000000, 0.000000
3237.126859, -317.520234, 1.000000, 0.000000
3237.371219, -317.608595, 1.000000, 0.000000
3237.437025, -317.635842, 1.000000, 0.000000
3237.680683, -317.723542, 1.000000, 0.000000
3237.751055, -317.739710, 1.000000, 0.000000
3237.821427, -317.755878, 1.000000, 0.000000
3238.055561, -317.852275, 1.000000, 0.000000
3238.125941, -317.868409, 1.000000, 0.000000
3238.196321, -317.884543, 1.000000, 0.000000
3238.428732, -317.980212, 1.000000, 0.000000
3238.499112, -317.996346, 1.000000, 0.000000
3238.724211, -318.076168, 1.000000, 0.000000
3238.790073, -318.103279, 1.000000, 0.000000
3238.860452, -318.119413, 1.000000, 0.000000
3239.080276, -318.209900, 1.000000, 0.000000
3239.150656, -318.226034, 1.000000, 0.000000
3239.358852, -318.311735, 1.000000, 0.000000
3239.424713, -318.338846, 1.000000, 0.000000
3239.632379, -318.424328, 1.000000, 0.000000
3239.698240, -318.451439, 1.000000, 0.000000
3239.768620, -318.467573, 1.000000, 0.000000
3239.964914, -318.548375, 1.000000, 0.000000
3240.030775, -318.575486, 1.000000, 0.000000
3240.234359, -318.646451, 1.000000, 0.000000
3240.300220, -318.673562, 1.000000, 0.000000
3240.499285, -318.755504, 1.000000, 0.000000
3240.560628, -318.793592, 1.000000, 0.000000
3240.759693, -318.875534, 1.000000, 0.000000
3240.798443, -318.968506, 1.000000, 0.000000
3240.997508, -319.050449, 1.000000, 0.000000
3241.063370, -319.077559, 1.000000, 0.000000
3241.257916, -319.170479, 0.000000, 0.000000
3241.323778, -319.197589, 0.000000, 0.000000
3241.527361, -319.268555, 0.000000, 0.000000
3241.593223, -319.295666, 0.000000, 0.000000
3241.792287, -319.377608, 0.000000, 0.000000
3241.858149, -319.404719, 0.000000, 0.000000
3242.061732, -319.475684, 0.000000, 0.000000
3242.127594, -319.502795, 0.000000, 0.000000
3242.326659, -319.584737, 0.000000, 0.000000
3242.392520, -319.611848, 0.000000, 0.000000
3242.596103, -319.682813, 0.000000, 0.000000
3242.661965, -319.709924, 0.000000, 0.000000
3242.861030, -319.791867, 0.000000, 0.000000
3242.926891, -319.818977, 0.000000, 0.000000
3243.130475, -319.889943, 0.000000, 0.000000
3243.196336, -319.917054, 0.000000, 0.000000
3243.395401, -319.998996, 0.000000, 0.000000
3243.461262, -320.026107, 0.000000, 0.000000
3243.664846, -320.097072, 0.000000, 0.000000
3243.730707, -320.124183, 0.000000, 0.000000
3243.929772, -320.206125, 0.000000, 0.000000
3243.995633, -320.233236, 0.000000, 0.000000
3244.199217, -320.304201, 0.000000, 0.000000
3244.265078, -320.331312, 0.000000, 0.000000
3244.464143, -320.413255, 0.000000, 0.000000
3244.530005, -320.440365, 0.000000, 0.000000
3244.733588, -320.511331, 0.000000, 0.000000
3244.799449, -320.538442, 0.000000, 0.000000
3244.998514, -320.620384, 0.000000, 0.000000
3245.064376, -320.647495, 0.000000, 0.000000
3245.269338, -320.718840, 0.000000, 0.000000
3245.335223, -320.745895, 0.000000, 0.000000
3245.539495, -320.829075, 0.000000, 0.000000
3245.605465, -320.855921, 0.000000, 0.000000
3245.832368, -320.932139, 0.000000, 0.000000
3245.898713, -320.958044, 0.000000, 0.000000
3246.119393, -321.041364, 0.000000, 0.000000
3246.186054, -321.066444, 0.000000, 0.000000
3246.414108, -321.136385, 0.000000, 0.000000
3246.481110, -321.160540, 0.000000, 0.000000
3246.708362, -321.238918, 0.000000, 0.000000
3246.775730, -321.262034, 0.000000, 0.000000
3247.010119, -321.325948, 0.000000, 0.000000
3247.077877, -321.347894, 0.000000, 0.000000
3247.312418, -321.419419, 0.000000, 0.000000
3247.380589, -321.440044, 0.000000, 0.000000
3247.622344, -321.495880, 0.000000, 0.000000
3247.690943, -321.515034, 0.000000, 0.000000
3247.922254, -321.575895, 0.000000, 0.000000
3247.991165, -321.593895, 0.000000, 0.000000
3248.198451, -321.635770, 0.000000, 0.000000
3248.267362, -321.653770, 0.000000, 0.000000
3248.470929, -321.706942, 0.000000, 0.000000
3248.539840, -321.724941, 0.000000, 0.000000
3248.746061, -321.766538, 0.000000, 0.000000
3248.814972, -321.784538, 0.000000, 0.000000
3249.018194, -321.837620, 0.000000, 0.000000
3249.087105, -321.855620, 0.000000, 0.000000
3249.290326, -321.908702, 0.000000, 0.000000
3249.362237, -321.915216, 0.000000, 0.000000
3249.565459, -321.968298, 0.000000, 0.000000
3249.634370, -321.986298, 0.000000, 0.000000
3249.837591, -322.039380, 0.000000, 0.000000
3249.909502, -322.045894, 0.000000, 0.000000
3250.112723, -322.098976, 0.000000, 0.000000
3250.181634, -322.116976, 0.000000, 0.000000
3250.384856, -322.170058, 0.000000, 0.000000
3250.456767, -322.176572, 0.000000, 0.000000
3250.659988, -322.229654, 0.000000, 0.000000
3250.728899, -322.247654, 0.000000, 0.000000
3250.932121, -322.300736, 0.000000, 0.000000
3251.004032, -322.307250, 0.000000, 0.000000
3251.207253, -322.360332, 0.000000, 0.000000
3251.276164, -322.378332, 0.000000, 0.000000
3251.479386, -322.431414, 0.000000, 0.000000
3251.551297, -322.437929, 0.000000, 0.000000
3251.754518, -322.491011, 0.000000, 0.000000
3251.823429, -322.509010, 0.000000, 0.000000
3252.026651, -322.562092, 0.000000, 0.000000
3252.098562, -322.568607, 0.000000, 0.000000
3252.301783, -322.621689, 0.000000, 0.000000
3252.370694, -322.639688, 0.000000, 0.000000
3252.573916, -322.692770, 0.000000, 0.000000
3252.645827, -322.699285, 0.000000, 0.000000
3252.849048, -322.752367, 0.000000, 0.000000
3252.917959, -322.770367, 0.000000, 0.000000
3253.121181, -322.823449, 0.000000, 0.000000
3253.193092, -322.829963, 0.000000, 0.000000
3253.396313, -322.883045, 0.000000, 0.000000
3253.465224, -322.901045, 0.000000, 0.000000
3253.668446, -322.954127, 0.000000, 0.000000
3253.740357, -322.960641, 0.000000, 0.000000
3253.943578, -323.013723, 0.000000, 0.000000
3254.012489, -323.031723, 0.000000, 0.000000
3254.215711, -323.084805, 0.000000, 0.000000
3254.287621, -323.091319, 0.000000, 0.000000
3254.491823, -323.144522, 0.000000, 0.000000
3254.563739, -323.150989, 1.000000, 0.000000
3254.769410, -323.204228, 1.000000, 0.000000
3254.838362, -323.222070, 1.000000, 0.000000
3255.057443, -323.217031, 1.000000, 0.000000
3255.126432, -323.234731, 1.000000, 0.000000
3255.345671, -323.290535, 1.000000, 0.000000
3255.414698, -323.308087, 1.000000, 0.000000
3255.638178, -323.364463, 1.000000, 0.000000
3255.707243, -323.381859, 1.000000, 0.000000
3255.935627, -323.438950, 1.000000, 0.000000
3256.001863, -323.467698, 1.000000, 0.000000
3256.070970, -323.484927, 1.000000, 0.000000
3256.316365, -323.545506, 1.000000, 0.000000
3256.382674, -323.574083, 1.000000, 0.000000
3256.631163, -323.635202, 1.000000, 0.000000
3256.700328, -323.652200, 1.000000, 0.000000
3256.769493, -323.669199, 1.000000, 0.000000
3257.022811, -323.731456, 1.000000, 0.000000
3257.089142, -323.759982, 1.000000, 0.000000
3257.158307, -323.776980, 1.000000, 0.000000
3257.417450, -323.840669, 1.000000, 0.000000
3257.483781, -323.869195, 1.000000, 0.000000
3257.552946, -323.886194, 1.000000, 0.000000
3257.812089, -323.949882, 1.000000, 0.000000
3257.878420, -323.978408, 1.000000, 0.000000
3257.947585, -323.995407, 1.000000, 0.000000
3258.206727, -324.059096, 1.000000, 0.000000
3258.275892, -324.076094, 1.000000, 0.000000
3258.535035, -324.139783, 1.000000, 0.000000
3258.604200, -324.156782, 1.000000, 0.000000
3258.670531, -324.185307, 1.000000, 0.000000
3258.932507, -324.237469, 1.000000, 0.000000
3259.001672, -324.254467, 1.000000, 0.000000
3259.068003, -324.282993, 1.000000, 0.000000
3259.327145, -324.346682, 1.000000, 0.000000
3259.396310, -324.363680, 1.000000, 0.000000
3259.465475, -324.380679, 1.000000, 0.000000
3259.724618, -324.444368, 1.000000, 0.000000
3259.793783, -324.461366, 1.000000, 0.000000
3259.862947, -324.478365, 1.000000, 0.000000
3260.122090, -324.542054, 1.000000, 0.000000
3260.188421, -324.570580, 1.000000, 0.000000
3260.257586, -324.587578, 1.000000, 0.000000
3260.516728, -324.651267, 1.000000, 0.000000
3260.585893, -324.668265, 1.000000, 0.000000
3260.845036, -324.731954, 1.000000, 0.000000
3260.911368, -324.760480, 1.000000, 0.000000
3260.977699, -324.789006, 1.000000, 0.000000
3261.225509, -324.898805, 1.000000, 0.000000
3261.294674, -324.915803, 1.000000, 0.000000
3261.361006, -324.944329, 1.000000, 0.000000
3261.614482, -325.031073, 0.000000, 0.000000
3261.683647, -325.048071, 0.000000, 0.000000
3261.752811, -325.065070, 0.000000, 0.000000
3262.011954, -325.128759, 0.000000, 0.000000
3262.083952, -325.134230, 0.000000, 0.000000
3262.153117, -325.151228, 0.000000, 0.000000
3262.412259, -325.214917, 0.000000, 0.000000
3262.481424, -325.231915, 0.000000, 0.000000
3262.550588, -325.248914, 0.000000, 0.000000
3262.870917, -325.316002, 0.000000, 0.000000
3262.940679, -325.330356, 0.000000, 0.000000
3263.307216, -325.388377, 0.000000, 0.000000
3263.379394, -325.386363, 0.000000, 0.000000
3263.449947, -325.396108, 0.000000, 0.000000
3263.796957, -325.430395, 0.000000, 0.000000
3263.867921, -325.436463, 0.000000, 0.000000
3263.938885, -325.442532, 0.000000, 0.000000
3264.275753, -325.459396, 0.000000, 0.000000
3264.346918, -325.462289, 0.000000, 0.000000
3264.418082, -325.465182, 0.000000, 0.000000
3264.745687, -325.467957, 0.000000, 0.000000
3264.816935, -325.456236, 0.000000, 0.000000
3264.888158, -325.456386, 0.000000, 0.000000
3265.207072, -325.447691, 0.000000, 0.000000
3265.278261, -325.445468, 0.000000, 0.000000
3265.349449, -325.443244, 0.000000, 0.000000
3265.636017, -325.430760, 0.000000, 0.000000
3265.707172, -325.427629, 0.000000, 0.000000
3265.975675, -325.415556, 0.000000, 0.000000
3266.046289, -325.400479, 0.000000, 0.000000
3266.117439, -325.397260, 0.000000, 0.000000
3266.384019, -325.385201, 0.000000, 0.000000
3266.455170, -325.381982, 0.000000, 0.000000
3266.526320, -325.378763, 0.000000, 0.000000
3266.792900, -325.366704, 0.000000, 0.000000
3266.864050, -325.363485, 0.000000, 0.000000
3266.935200, -325.360266, 0.000000, 0.000000
3267.207582, -325.336061, 0.000000, 0.000000
3267.278732, -325.332843, 0.000000, 0.000000
3267.349882, -325.329624, 0.000000, 0.000000
3267.620325, -325.317390, 0.000000, 0.000000
3267.691475, -325.314171, 0.000000, 0.000000
3267.762625, -325.310952, 0.000000, 0.000000
3268.042521, -325.298290, 0.000000, 0.000000
3268.113671, -325.295071, 0.000000, 0.000000
3268.184821, -325.291853, 0.000000, 0.000000
3268.473701, -325.266902, 0.000000, 0.000000
3268.544851, -325.263683, 0.000000, 0.000000
3268.616001, -325.260464, 0.000000, 0.000000
3268.903139, -325.247474, 0.000000, 0.000000
3268.974289, -325.244256, 0.000000, 0.000000
3269.045439, -325.241037, 0.000000, 0.000000
3269.342216, -325.227611, 0.000000, 0.000000
3269.413366, -325.224393, 0.000000, 0.000000
3269.483980, -325.209316, 0.000000, 0.000000
3269.778591, -325.195988, 0.000000, 0.000000
3269.849741, -325.192769, 0.000000, 0.000000
3269.920891, -325.189550, 0.000000, 0.000000
3270.218615, -325.176082, 0.000000, 0.000000
3270.289765, -325.172863, 0.000000, 0.000000
3270.360915, -325.169644, 0.000000, 0.000000
3270.432065, -325.166426, 0.000000, 0.000000
3270.729252, -325.141099, 0.000000, 0.000000
3270.800402, -325.137880, 0.000000, 0.000000
3270.871553, -325.134661, 0.000000, 0.000000
3271.169276, -325.121193, 0.000000, 0.000000
3271.240426, -325.117974, 0.000000, 0.000000
3271.311577, -325.114755, 0.000000, 0.000000
3271.609300, -325.101287, 0.000000, 0.000000
3271.680450, -325.098068, 0.000000, 0.000000
3271.751064, -325.082991, 0.000000, 0.000000
3271.822214, -325.079772, 0.000000, 0.000000
3272.119937, -325.066304, 0.000000, 0.000000
3272.191088, -325.063085, 0.000000, 0.000000
3272.262238, -325.059866, 0.000000, 0.000000
3272.559961, -325.046398, 0.000000, 0.000000
3272.631112, -325.043179, 0.000000, 0.000000
3272.702262, -325.039960, 0.000000, 0.000000
3272.999985, -325.026492, 0.000000, 0.000000
3273.070599, -325.011415, 0.000000, 0.000000
3273.141749, -325.008196, 0.000000, 0.000000
3273.212899, -325.004977, 0.000000, 0.000000
3273.510623, -324.991509, 0.000000, 0.000000
3273.581773, -324.988290, 0.000000, 0.000000
3273.652923, -324.985071, 0.000000, 0.000000
3273.950647, -324.971603, 0.000000, 0.000000
3274.021797, -324.968384, 0.000000, 0.000000
3274.092411, -324.953307, 0.000000, 0.000000
3274.390134, -324.939839, 0.000000, 0.000000
3274.461284, -324.936620, 0.000000, 0.000000
3274.532434, -324.933401, 0.000000, 0.000000
3274.603585, -324.930182, 0.000000, 0.000000
3274.897363, -324.917661, 0.000000, 0.000000
3274.968521, -324.914635, 0.000000, 0.000000
3275.039680, -324.911608, 0.000000, 0.000000
3275.319079, -324.890967, 0.000000, 0.000000
3275.390270, -324.888817, 0.000000, 0.000000
3275.461460, -324.886667, 0.000000, 0.000000
3275.738222, -324.881621, 0.000000, 0.000000
3275.809250, -324.868636, 1.000000, 0.000000
3275.880279, -324.855651, 1.000000, 0.000000
3275.951307, -324.842666, 1.000000, 0.000000
3276.229971, -324.830180, 1.000000, 0.000000
3276.301194, -324.830031, 1.000000, 0.000000
3276.372417, -324.829881, 1.000000, 0.000000
3276.652496, -324.832509, 1.000000, 0.000000
3276.723715, -324.833264, 1.000000, 0.000000
3276.794808, -324.845888, 1.000000, 0.000000
3277.075844, -324.851600, 1.000000, 0.000000
3277.147316, -324.841333, 1.000000, 0.000000
3277.218254, -324.854801, 1.000000, 0.000000
3277.289726, -324.844534, 1.000000, 0.000000
3277.571861, -324.853974, 1.000000, 0.000000
3277.643443, -324.844504, 1.000000, 0.000000
3277.714626, -324.846897, 1.000000, 0.000000
3278.004808, -324.869856, 1.000000, 0.000000
3278.075978, -324.872614, 1.000000, 0.000000
3278.146688, -324.887233, 1.000000, 0.000000
3278.443382, -324.898914, 1.000000, 0.000000
3278.514550, -324.901727, 1.000000, 0.000000
3278.585717, -324.904540, 1.000000, 0.000000
3278.656884, -324.907353, 1.000000, 0.000000
3278.954680, -324.919123, 1.000000, 0.000000
3279.025378, -324.933797, 1.000000, 0.000000
3279.096546, -324.936610, 1.000000, 0.000000
3279.394341, -324.948380, 1.000000, 0.000000
3279.465509, -324.951192, 1.000000, 0.000000
3279.536676, -324.954005, 1.000000, 0.000000
3279.834940, -324.953914, 1.000000, 0.000000
3279.906108, -324.956727, 1.000000, 0.000000
3279.977275, -324.959540, 1.000000, 0.000000
3280.048443, -324.962353, 1.000000, 0.000000
3280.346238, -324.974123, 1.000000, 0.000000
3280.417405, -324.976935, 1.000000, 0.000000
3280.488104, -324.991610, 1.000000, 0.000000
3280.780333, -324.991280, 1.000000, 0.000000
3280.851500, -324.994093, 1.000000, 0.000000
3280.922667, -324.996905, 1.000000, 0.000000
3281.207934, -324.996301, 1.000000, 0.000000
3281.279101, -324.999113, 1.000000, 0.000000
3281.349331, -325.025649, 1.000000, 0.000000
3281.420498, -325.028462, 1.000000, 0.000000
3281.698398, -325.039445, 1.000000, 0.000000
3281.770034, -325.030397, 1.000000, 0.000000
3281.841201, -325.033210, 1.000000, 0.000000
3282.112744, -325.032062, 1.000000, 0.000000
3282.183911, -325.034875, 1.000000, 0.000000
3282.448243, -325.045323, 1.000000, 0.000000
3282.519879, -325.036274, 1.000000, 0.000000
3282.590578, -325.050948, 1.000000, 0.000000
3282.836871, -325.048803, 1.000000, 0.000000
3282.907569, -325.063477, 1.000000, 0.000000
3282.978737, -325.066290, 1.000000, 0.000000
3283.218027, -325.075748, 1.000000, 0.000000
3283.289194, -325.078560, 1.000000, 0.000000
3283.527440, -325.099857, 1.000000, 0.000000
3283.598607, -325.102669, 1.000000, 0.000000
3283.668837, -325.129205, 0.000000, 0.000000
3283.907083, -325.150501, 0.000000, 0.000000
3283.977782, -325.165175, 0.000000, 0.000000
3284.216497, -325.174610, 0.000000, 0.000000
3284.287196, -325.189284, 0.000000, 0.000000
3284.525442, -325.210580, 0.000000, 0.000000
3284.596609, -325.213393, 0.000000, 0.000000
3284.667308, -325.228067, 0.000000, 0.000000
3284.906022, -325.237502, 0.000000, 0.000000
3284.976721, -325.252176, 0.000000, 0.000000
3285.214967, -325.273472, 0.000000, 0.000000
3285.286135, -325.276285, 0.000000, 0.000000
3285.524381, -325.297582, 0.000000, 0.000000
3285.595079, -325.312256, 0.000000, 0.000000
3285.666247, -325.315068, 0.000000, 0.000000
3285.904493, -325.336365, 0.000000, 0.000000
3285.975192, -325.351039, 0.000000, 0.000000
3286.213907, -325.360474, 0.000000, 0.000000
3286.284605, -325.375148, 0.000000, 0.000000
3286.523320, -325.384583, 0.000000, 0.000000
3286.594019, -325.399257, 0.000000, 0.000000
3286.664717, -325.413931, 0.000000, 0.000000
3286.903432, -325.423366, 0.000000, 0.000000
3286.974131, -325.438040, 0.000000, 0.000000
3287.212377, -325.459336, 0.000000, 0.000000
3287.283545, -325.462149, 0.000000, 0.000000
3287.521790, -325.483445, 0.000000, 0.000000
3287.592489, -325.498119, 0.000000, 0.000000
3287.663657, -325.500932, 0.000000, 0.000000
3287.901902, -325.522228, 0.000000, 0.000000
3287.973070, -325.525041, 0.000000, 0.000000
3288.211316, -325.546337, 0.000000, 0.000000
3288.282015, -325.561011, 0.000000, 0.000000
3288.523522, -325.570240, 0.000000, 0.000000
3288.594245, -325.584799, 0.000000, 0.000000
3288.664967, -325.599357, 0.000000, 0.000000
3288.908833, -325.607877, 0.000000, 0.000000
3288.979598, -325.622225, 0.000000, 0.000000
3289.236207, -325.640718, 0.000000, 0.000000
3289.307409, -325.642460, 0.000000, 0.000000
3289.563230, -325.658627, 0.000000, 0.000000
3289.634445, -325.659669, 0.000000, 0.000000
3289.705487, -325.672581, 0.000000, 0.000000
3289.961876, -325.685747, 0.000000, 0.000000
3290.033098, -325.686082, 0.000000, 0.000000
3290.292325, -325.696610, 0.000000, 0.000000
3290.363626, -325.708006, 0.000000, 0.000000
3290.626157, -325.703588, 0.000000, 0.000000
3290.697601, -325.714047, 0.000000, 0.000000
3290.769044, -325.724506, 0.000000, 0.000000
3291.035627, -325.715379, 0.000000, 0.000000
3291.107222, -325.724748, 0.000000, 0.000000
3291.378037, -325.711203, 0.000000, 0.000000
3291.449785, -325.719316, 0.000000, 0.000000
3291.705611, -325.715169, 0.000000, 0.000000
3291.776681, -325.710495, 0.000000, 0.000000
3291.848529, -325.717665, 0.000000, 0.000000
3292.070947, -325.714931, 0.000000, 0.000000
3292.142016, -325.710256, 0.000000, 0.000000
3292.367189, -325.707341, 0.000000, 0.000000
3292.439038, -325.714511, 0.000000, 0.000000
3292.654351, -325.700349, 0.000000, 0.000000
3292.726200, -325.707519, 0.000000, 0.000000
3292.944289, -325.693173, 0.000000, 0.000000
3293.016138, -325.700344, 0.000000, 0.000000
3293.225948, -325.698439, 0.000000, 0.000000
3293.295459, -325.670074, 1.000000, 0.000000
3293.494666, -325.645075, 1.000000, 0.000000
3293.564956, -325.628555, 1.000000, 0.000000
3293.762717, -325.603651, 1.000000, 0.000000
3293.830670, -325.551597, 1.000000, 0.000000
3294.028431, -325.526692, 1.000000, 0.000000
3294.099500, -325.522018, 1.000000, 0.000000
3294.298819, -325.520803, 1.000000, 0.000000
3294.369889, -325.516128, 1.000000, 0.000000
3294.568428, -325.503069, 1.000000, 0.000000
3294.639498, -325.498394, 1.000000, 0.000000
3294.838038, -325.485335, 1.000000, 0.000000
3294.909107, -325.480660, 1.000000, 0.000000
3295.106868, -325.455756, 1.000000, 0.000000
3295.177937, -325.451081, 1.000000, 0.000000
3295.376477, -325.438022, 1.000000, 0.000000
3295.447547, -325.433347, 1.000000, 0.000000
3295.646866, -325.432132, 1.000000, 0.000000
3295.717935, -325.427458, 1.000000, 0.000000
3295.917254, -325.426243, 1.000000, 0.000000
3295.988324, -325.421568, 1.000000, 0.000000
3296.186864, -325.408509, 1.000000, 0.000000
3296.257933, -325.403834, 1.000000, 0.000000
3296.456473, -325.390775, 1.000000, 0.000000
3296.526763, -325.374255, 1.000000, 0.000000
3296.725303, -325.361196, 1.000000, 0.000000
3296.795593, -325.344676, 1.000000, 0.000000
3296.994133, -325.331617, 1.000000, 0.000000
3297.065203, -325.326942, 1.000000, 0.000000
3297.263743, -325.313882, 1.000000, 0.000000
3297.337929, -325.356587, 1.000000, 0.000000
3297.536469, -325.343528, 1.000000, 0.000000
3297.607538, -325.338853, 1.000000, 0.000000
3297.806078, -325.325794, 1.000000, 0.000000
3297.877926, -325.332964, 1.000000, 0.000000
3298.077246, -325.331749, 1.000000, 0.000000
3298.148315, -325.327075, 1.000000, 0.000000
3298.346855, -325.314015, 1.000000, 0.000000
3298.417924, -325.309340, 1.000000, 0.000000
3298.617243, -325.308126, 0.000000, 0.000000
3298.689092, -325.315296, 0.000000, 0.000000
3298.887632, -325.302237, 0.000000, 0.000000
3298.959480, -325.309407, 0.000000, 0.000000
3299.158020, -325.296347, 0.000000, 0.000000
3299.229090, -325.291673, 0.000000, 0.000000
3299.429489, -325.290302, 0.000000, 0.000000
3299.500556, -325.285587, 0.000000, 0.000000
3299.706743, -325.283257, 0.000000, 0.000000
3299.777793, -325.278291, 0.000000, 0.000000
3299.986424, -325.274863, 0.000000, 0.000000
3300.057449, -325.269559, 0.000000, 0.000000
3300.275718, -325.252493, 0.000000, 0.000000
3300.347657, -325.258697, 0.000000, 0.000000
3300.580164, -325.239331, 0.000000, 0.000000
3300.652135, -325.245138, 0.000000, 0.000000
3300.723103, -325.239117, 0.000000, 0.000000
3300.969851, -325.216693, 0.000000, 0.000000
3301.041859, -325.222034, 0.000000, 0.000000
3301.305735, -325.196064, 0.000000, 0.000000
3301.377788, -325.200765, 0.000000, 0.000000
3301.448655, -325.193656, 0.000000, 0.000000
3301.720968, -325.176731, 0.000000, 0.000000
3301.791789, -325.169175, 0.000000, 0.000000
3301.862610, -325.161619, 0.000000, 0.000000
3302.135891, -325.144248, 0.000000, 0.000000
3302.206707, -325.136651, 0.000000, 0.000000
3302.278790, -325.140856, 0.000000, 0.000000
3302.562097, -325.110463, 0.000000, 0.000000
3302.634180, -325.114669, 0.000000, 0.000000
3302.704996, -325.107072, 0.000000, 0.000000
3302.989760, -325.076522, 0.000000, 0.000000
3303.061843, -325.080728, 0.000000, 0.000000
3303.132660, -325.073131, 0.000000, 0.000000
3303.418689, -325.054384, 0.000000, 0.000000
3303.489506, -325.046787, 0.000000, 0.000000
3303.561589, -325.050993, 0.000000, 0.000000
3303.846352, -325.020443, 0.000000, 0.000000
3303.917169, -325.012846, 0.000000, 0.000000
3303.989251, -325.017052, 0.000000, 0.000000
3304.274015, -324.986502, 0.000000, 0.000000
3304.346098, -324.990708, 0.000000, 0.000000
3304.416915, -324.983111, 0.000000, 0.000000
3304.488998, -324.987317, 0.000000, 0.000000
3304.773761, -324.956767, 0.000000, 0.000000
3304.844577, -324.949170, 0.000000, 0.000000
3304.916660, -324.953376, 0.000000, 0.000000
3305.201424, -324.922826, 0.000000, 0.000000
3305.273506, -324.927032, 0.000000, 0.000000
3305.344323, -324.919435, 0.000000, 0.000000
3305.629087, -324.888885, 0.000000, 0.000000
3305.701170, -324.893091, 0.000000, 0.000000
3305.771986, -324.885494, 0.000000, 0.000000
3306.058016, -324.866747, 0.000000, 0.000000
3306.128832, -324.859150, 0.000000, 0.000000
3306.200915, -324.863356, 0.000000, 0.000000
3306.485679, -324.832807, 0.000000, 0.000000
3306.556495, -324.825209, 0.000000, 0.000000
3306.628578, -324.829415, 0.000000, 0.000000
3306.913342, -324.798866, 0.000000, 0.000000
3306.985425, -324.803071, 0.000000, 0.000000
3307.056241, -324.795474, 0.000000, 0.000000
3307.128324, -324.799680, 0.000000, 0.000000
3307.413088, -324.769130, 0.000000, 0.000000
3307.483904, -324.761533, 0.000000, 0.000000
3307.555987, -324.765739, 0.000000, 0.000000
3307.840750, -324.735190, 0.000000, 0.000000
3307.912833, -324.739395, 0.000000, 0.000000
3307.983650, -324.731798, 0.000000, 0.000000
3308.285989, -324.709303, 0.000000, 0.000000
3308.356748, -324.701187, 0.000000, 0.000000
3308.427507, -324.693070, 0.000000, 0.000000
3308.749346, -324.663737, 0.000000, 0.000000
3308.819965, -324.654482, 0.000000, 0.000000
3308.892126, -324.656996, 0.000000, 0.000000
3309.198379, -324.614344, 0.000000, 0.000000
3309.270562, -324.616140, 0.000000, 0.000000
3309.341085, -324.606181, 0.000000, 0.000000
3309.642822, -324.561646, 0.000000, 0.000000
3309.715017, -324.562858, 0.000000, 0.000000
3309.781948, -324.528850, 1.000000, 0.000000
3309.852389, -324.518322, 1.000000, 0.000000
3310.148593, -324.460071, 1.000000, 0.000000
3310.218962, -324.449074, 1.000000, 0.000000
3310.287499, -324.426350, 1.000000, 0.000000
3310.582642, -324.378651, 1.000000, 0.000000
3310.652949, -324.367264, 1.000000, 0.000000
3310.723256, -324.355878, 1.000000, 0.000000
3311.008244, -324.309445, 1.000000, 0.000000
3311.078539, -324.297985, 1.000000, 0.000000
3311.150744, -324.298242, 1.000000, 0.000000
3311.433507, -324.252135, 1.000000, 0.000000
3311.503801, -324.240672, 1.000000, 0.000000
3311.574096, -324.229210, 1.000000, 0.000000
3311.856760, -324.183117, 1.000000, 0.000000
3311.927055, -324.171654, 1.000000, 0.000000
3311.997349, -324.160192, 1.000000, 0.000000
3312.280014, -324.114099, 1.000000, 0.000000
3312.350309, -324.102636, 1.000000, 0.000000
3312.418693, -324.079458, 1.000000, 0.000000
3312.488987, -324.067996, 1.000000, 0.000000
3312.771372, -324.021948, 1.000000, 0.000000
3312.843577, -324.022202, 1.000000, 0.000000
3312.913872, -324.010739, 1.000000, 0.000000
3313.193941, -323.965070, 1.000000, 0.000000
3313.264235, -323.953607, 1.000000, 0.000000
3313.334530, -323.942145, 1.000000, 0.000000
3313.614214, -323.908565, 1.000000, 0.000000
3313.684508, -323.897103, 1.000000, 0.000000
3313.756713, -323.897356, 1.000000, 0.000000
3314.032210, -323.852432, 1.000000, 0.000000
3314.104415, -323.852685, 1.000000, 0.000000
3314.174710, -323.841223, 1.000000, 0.000000
3314.461577, -323.806472, 1.000000, 0.000000
3314.533782, -323.806725, 1.000000, 0.000000
3314.604077, -323.795262, 1.000000, 0.000000
3314.886800, -323.749160, 1.000000, 0.000000
3314.960915, -323.761129, 1.000000, 0.000000
3315.036941, -323.784814, 1.000000, 0.000000
3315.319360, -323.750788, 1.000000, 0.000000
3315.391565, -323.751042, 1.000000, 0.000000
3315.276548, -322.603150, 1.000000, 0.000000
3315.551306, -322.534292, 1.000000, 0.000000
3315.615869, -322.487682, 1.000000, 0.000000
3315.682343, -322.452788, 1.000000, 0.000000
3315.957101, -322.383930, 1.000000, 0.000000
3316.025485, -322.360752, 1.000000, 0.000000
3316.095780, -322.349289, 1.000000, 0.000000
3316.372448, -322.292147, 1.000000, 0.000000
3316.442742, -322.280685, 1.000000, 0.000000
3316.513037, -322.269222, 1.000000, 0.000000
3316.789705, -322.212080, 1.000000, 0.000000
3316.860000, -322.200617, 1.000000, 0.000000
3316.930294, -322.189155, 1.000000, 0.000000
3317.208873, -322.143728, 1.000000, 0.000000
3317.281078, -322.143981, 1.000000, 0.000000
3317.351373, -322.132519, 1.000000, 0.000000
3317.629951, -322.087092, 1.000000, 0.000000
3317.702156, -322.087346, 1.000000, 0.000000
3317.772451, -322.075883, 1.000000, 0.000000
3318.051029, -322.030457, 1.000000, 0.000000
3318.123234, -322.030710, 1.000000, 0.000000
3318.195439, -322.030963, 1.000000, 0.000000
3318.475929, -321.997252, 1.000000, 0.000000
3318.546223, -321.985790, 1.000000, 0.000000
3318.616518, -321.974327, 1.000000, 0.000000
3318.897007, -321.940617, 1.000000, 0.000000
3318.967302, -321.929154, 1.000000, 0.000000
3319.039507, -321.929407, 1.000000, 0.000000
3319.319996, -321.895697, 1.000000, 0.000000
3319.394111, -321.907665, 1.000000, 0.000000
