2532.302662, 290.205594, 0.000000, -1.#QNAN0
2532.373157, 290.215754, 0.000000, -1.#QNAN0
2532.443652, 290.225914, 0.000000, -1.#QNAN0
2532.841711, 290.282812, 0.000000, -1.#QNAN0
2532.912218, 290.292881, 0.000000, -1.#QNAN0
2532.982726, 290.302951, 0.000000, -1.#QNAN0
2533.053233, 290.313021, 0.000000, -1.#QNAN0
2533.123741, 290.323091, 0.000000, -1.#QNAN0
2533.525227, 290.379164, 0.000000, -1.#QNAN0
2533.595767, 290.389000, 0.000000, -1.#QNAN0
2533.664669, 290.410593, 1.000000, -1.#QNAN0
2533.731930, 290.443943, 1.000000, -1.#QNAN0
2533.802471, 290.453779, 1.000000, -1.#QNAN0
2534.202753, 290.520254, 1.000000, -1.#QNAN0
2534.273326, 290.529853, 1.000000, -1.#QNAN0
2534.343899, 290.539452, 1.000000, -1.#QNAN0
2534.414473, 290.549051, 1.000000, -1.#QNAN0
2534.485046, 290.558650, 1.000000, -1.#QNAN0
2534.887246, 290.611966, 1.000000, -1.#QNAN0
2534.959411, 290.609556, 1.000000, -1.#QNAN0
2535.030017, 290.618914, 1.000000, -1.#QNAN0
2535.100622, 290.628272, 1.000000, -1.#QNAN0
2535.503028, 290.680402, 1.000000, -1.#QNAN0
2535.572147, 290.701287, 1.000000, -1.#QNAN0
2535.642785, 290.710400, 1.000000, -1.#QNAN0
2535.714941, 290.707740, 1.000000, -1.#QNAN0
2535.785579, 290.716852, 1.000000, -1.#QNAN0
2536.188264, 290.767536, 1.000000, -1.#QNAN0
2536.258933, 290.776399, 1.000000, -1.#QNAN0
2536.329603, 290.785262, 1.000000, -1.#QNAN0
2536.400272, 290.794125, 1.000000, -1.#QNAN0
2536.470941, 290.802989, 1.000000, -1.#QNAN0
2536.873757, 290.852214, 1.000000, -1.#QNAN0
2536.944457, 290.860830, 1.000000, -1.#QNAN0
2537.015157, 290.869446, 1.000000, -1.#QNAN0
2537.084421, 290.889845, 1.000000, -1.#QNAN0
2537.155121, 290.898461, 1.000000, -1.#QNAN0
2537.556534, 290.946410, 1.000000, -1.#QNAN0
2537.627256, 290.954846, 1.000000, -1.#QNAN0
2537.697978, 290.963282, 1.000000, -1.#QNAN0
2537.768699, 290.971718, 1.000000, -1.#QNAN0
2537.839421, 290.980154, 1.000000, -1.#QNAN0
2538.236645, 291.027538, 1.000000, -1.#QNAN0
2538.307367, 291.035974, 1.000000, -1.#QNAN0
2538.378089, 291.044410, 1.000000, -1.#QNAN0
2538.448810, 291.052846, 1.000000, -1.#QNAN0
2538.519532, 291.061282, 1.000000, -1.#QNAN0
2538.916756, 291.108665, 1.000000, -1.#QNAN0
2538.987477, 291.117101, 1.000000, -1.#QNAN0
2539.058199, 291.125537, 1.000000, -1.#QNAN0
2539.128921, 291.133973, 1.000000, -1.#QNAN0
2539.526144, 291.181356, 1.000000, -1.#QNAN0
2539.596866, 291.189792, 1.000000, -1.#QNAN0
2539.667587, 291.198228, 1.000000, -1.#QNAN0
2539.738309, 291.206664, 1.000000, -1.#QNAN0
2539.810437, 291.203314, 1.000000, -1.#QNAN0
2540.207661, 291.250697, 1.000000, -1.#QNAN0
2540.473818, 289.620748, -1.000000, -1.#QNAN0
2540.349104, 291.267569, 0.000000, -1.#QNAN0
2540.419826, 291.276005, 0.000000, -1.#QNAN0
2540.490548, 291.284441, 0.000000, -1.#QNAN0
2540.887771, 291.331824, 0.000000, -1.#QNAN0
2540.958493, 291.340260, 0.000000, -1.#QNAN0
2541.029215, 291.348696, 0.000000, -1.#QNAN0
2541.099936, 291.357132, 0.000000, -1.#QNAN0
2541.170658, 291.365568, 0.000000, -1.#QNAN0
2541.566475, 291.424738, 0.000000, -1.#QNAN0
2541.637197, 291.433174, 0.000000, -1.#QNAN0
2541.707919, 291.441610, 0.000000, -1.#QNAN0
2541.778640, 291.450046, 0.000000, -1.#QNAN0
2541.849362, 291.458483, 0.000000, -1.#QNAN0
2542.246586, 291.505866, 0.000000, -1.#QNAN0
2542.317308, 291.514302, 0.000000, -1.#QNAN0
2542.388030, 291.522738, 0.000000, -1.#QNAN0
2542.458751, 291.531174, 0.000000, -1.#QNAN0
2542.529473, 291.539610, 0.000000, -1.#QNAN0
2542.926696, 291.586993, 0.000000, -1.#QNAN0
2542.997418, 291.595429, 0.000000, -1.#QNAN0
2543.068140, 291.603865, 0.000000, -1.#QNAN0
2543.138861, 291.612301, 0.000000, -1.#QNAN0
2543.536085, 291.659684, 0.000000, -1.#QNAN0
2543.606807, 291.668120, 0.000000, -1.#QNAN0
2543.677528, 291.676556, 0.000000, -1.#QNAN0
2543.748250, 291.684992, 0.000000, -1.#QNAN0
2543.818972, 291.693429, 0.000000, -1.#QNAN0
2544.214790, 291.752599, 0.000000, -1.#QNAN0
2544.285512, 291.761035, 0.000000, -1.#QNAN0
2544.356233, 291.769471, 0.000000, -1.#QNAN0
2544.426955, 291.777907, 0.000000, -1.#QNAN0
2544.497677, 291.786343, 0.000000, -1.#QNAN0
2544.894900, 291.833726, 0.000000, -1.#QNAN0
2544.965622, 291.842162, 0.000000, -1.#QNAN0
2545.036343, 291.850598, 0.000000, -1.#QNAN0
2545.107065, 291.859034, 0.000000, -1.#QNAN0
2545.177787, 291.867470, 1.000000, -1.#QNAN0
2545.578844, 291.903356, 1.000000, -1.#QNAN0
2545.649566, 291.911792, 1.000000, -1.#QNAN0
2545.721694, 291.908441, 1.000000, -1.#QNAN0
2545.792415, 291.916877, 1.000000, -1.#QNAN0
2545.863137, 291.925313, 1.000000, -1.#QNAN0
2546.267767, 291.973580, 1.000000, -1.#QNAN0
2546.338489, 291.982016, 1.000000, -1.#QNAN0
2546.409211, 291.990452, 1.000000, -1.#QNAN0
2546.479932, 291.998888, 1.000000, -1.#QNAN0
2546.550654, 292.007324, 1.000000, -1.#QNAN0
2546.960292, 292.056188, 1.000000, -1.#QNAN0
2547.031014, 292.064624, 1.000000, -1.#QNAN0
2547.101735, 292.073060, 1.000000, -1.#QNAN0
2547.171051, 292.093283, 1.000000, -1.#QNAN0
2547.585727, 292.142748, 1.000000, -1.#QNAN0
2547.656448, 292.151184, 1.000000, -1.#QNAN0
2547.727170, 292.159620, 1.000000, -1.#QNAN0
2547.797892, 292.168056, 1.000000, -1.#QNAN0
2547.868613, 292.176492, 1.000000, -1.#QNAN0
2548.276570, 292.225156, 1.000000, -1.#QNAN0
2548.347291, 292.233592, 1.000000, -1.#QNAN0
2548.418013, 292.242028, 1.000000, -1.#QNAN0
2548.488735, 292.250464, 1.000000, -1.#QNAN0
2548.559456, 292.258900, 1.000000, -1.#QNAN0
2548.972507, 292.308171, 1.000000, -1.#QNAN0
2549.041823, 292.328394, 1.000000, -1.#QNAN0
2549.112544, 292.336830, 1.000000, -1.#QNAN0
2549.183266, 292.345266, 1.000000, -1.#QNAN0
2549.253988, 292.353702, 1.000000, -1.#QNAN0
2549.672161, 292.403584, 1.000000, -1.#QNAN0
2549.742883, 292.412020, 1.000000, -1.#QNAN0
2549.813605, 292.420456, 1.000000, -1.#QNAN0
2549.884326, 292.428892, 1.000000, -1.#QNAN0
2549.955048, 292.437328, 1.000000, -1.#QNAN0
2550.374439, 292.499310, 1.000000, -1.#QNAN0
2550.445161, 292.507747, 1.000000, -1.#QNAN0
2550.515883, 292.516183, 1.000000, -1.#QNAN0
2550.586604, 292.524619, 1.000000, -1.#QNAN0
2550.657326, 292.533055, 1.000000, -1.#QNAN0
2551.078122, 292.583250, 1.000000, -1.#QNAN0
2551.147438, 292.603473, 1.000000, -1.#QNAN0
2551.218160, 292.611909, 1.000000, -1.#QNAN0
2551.290287, 292.608558, 1.000000, -1.#QNAN0
2551.361009, 292.616994, 1.000000, -1.#QNAN0
2551.781806, 292.667189, 1.000000, -1.#QNAN0
2551.852527, 292.675625, 1.000000, -1.#QNAN0
2551.923249, 292.684061, 1.000000, -1.#QNAN0
2551.993971, 292.692497, 0.000000, -1.#QNAN0
2552.064692, 292.700933, 0.000000, -1.#QNAN0
2552.485490, 292.751128, 0.000000, -1.#QNAN0
2552.556211, 292.759564, 0.000000, -1.#QNAN0
2552.625527, 292.779787, 0.000000, -1.#QNAN0
2552.696249, 292.788223, 0.000000, -1.#QNAN0
2552.766970, 292.796660, 0.000000, -1.#QNAN0
2553.184686, 292.847159, 0.000000, -1.#QNAN0
2553.255393, 292.855721, 0.000000, -1.#QNAN0
2553.326099, 292.864283, 0.000000, -1.#QNAN0
2553.396806, 292.872845, 0.000000, -1.#QNAN0
2553.466085, 292.893191, 0.000000, -1.#QNAN0
2553.877262, 292.945027, 0.000000, -1.#QNAN0
2553.947921, 292.953975, 0.000000, -1.#QNAN0
2554.018579, 292.962924, 0.000000, -1.#QNAN0
2554.089238, 292.971872, 0.000000, -1.#QNAN0
2554.159897, 292.980820, 0.000000, -1.#QNAN0
2554.568206, 293.035122, 0.000000, -1.#QNAN0
2554.638801, 293.044561, 0.000000, -1.#QNAN0
2554.707823, 293.065765, 0.000000, -1.#QNAN0
2554.778417, 293.075204, 0.000000, -1.#QNAN0
2554.849012, 293.084643, 0.000000, -1.#QNAN0
2555.257120, 293.141747, 0.000000, -1.#QNAN0
2555.327649, 293.151665, 0.000000, -1.#QNAN0
2555.398178, 293.161584, 0.000000, -1.#QNAN0
2555.468707, 293.171502, 0.000000, -1.#QNAN0
2555.539236, 293.181420, 0.000000, -1.#QNAN0
2555.945477, 293.253021, 0.000000, -1.#QNAN0
2556.015939, 293.263407, 0.000000, -1.#QNAN0
2556.086401, 293.273794, 0.000000, -1.#QNAN0
2556.156862, 293.284180, 0.000000, -1.#QNAN0
2556.227324, 293.294567, 0.000000, -1.#QNAN0
2556.635069, 293.357106, 0.000000, -1.#QNAN0
2556.705462, 293.367950, 0.000000, -1.#QNAN0
2556.774047, 293.390526, 0.000000, -1.#QNAN0
2556.844440, 293.401370, 0.000000, -1.#QNAN0
2556.914832, 293.412214, 0.000000, -1.#QNAN0
2557.322338, 293.477377, 0.000000, -1.#QNAN0
2557.392661, 293.488668, 1.000000, -1.#QNAN0
2557.461101, 293.511680, 1.000000, -1.#QNAN0
2557.531423, 293.522971, 1.000000, -1.#QNAN0
2557.601746, 293.534263, 1.000000, -1.#QNAN0
2558.012846, 293.601811, 1.000000, -1.#QNAN0
2558.083122, 293.613390, 1.000000, -1.#QNAN0
2558.153398, 293.624968, 1.000000, -1.#QNAN0
2558.223673, 293.636546, 1.000000, -1.#QNAN0
2558.292019, 293.659837, 1.000000, -1.#QNAN0
2558.708512, 293.728803, 1.000000, -1.#QNAN0
2558.778778, 293.740445, 1.000000, -1.#QNAN0
2558.849043, 293.752087, 1.000000, -1.#QNAN0
2558.921248, 293.752019, 1.000000, -1.#QNAN0
2558.991513, 293.763661, 1.000000, -1.#QNAN0
2559.407652, 293.844644, 1.000000, -1.#QNAN0
2559.477917, 293.856287, 1.000000, -1.#QNAN0
2559.548182, 293.867929, 1.000000, -1.#QNAN0
2559.618447, 293.879571, 1.000000, -1.#QNAN0
2559.688712, 293.891214, 1.000000, -1.#QNAN0
2560.106791, 293.960486, 1.000000, -1.#QNAN0
2560.175116, 293.983839, 1.000000, -1.#QNAN0
2560.245381, 293.995481, 1.000000, -1.#QNAN0
2560.315646, 294.007124, 1.000000, -1.#QNAN0
2560.385911, 294.018766, 1.000000, -1.#QNAN0
2560.803991, 294.088038, 1.000000, -1.#QNAN0
2560.874256, 294.099681, 1.000000, -1.#QNAN0
2560.944521, 294.111323, 1.000000, -1.#QNAN0
2561.014786, 294.122965, 1.000000, -1.#QNAN0
2561.085051, 294.134608, 1.000000, -1.#QNAN0
2561.503131, 294.203880, 1.000000, -1.#QNAN0
2561.573396, 294.215522, 1.000000, -1.#QNAN0
2561.643661, 294.227164, 1.000000, -1.#QNAN0
2561.713926, 294.238807, 1.000000, -1.#QNAN0
2561.784191, 294.250449, 1.000000, -1.#QNAN0
2562.204210, 294.308010, 1.000000, -1.#QNAN0
2562.274476, 294.319653, 1.000000, -1.#QNAN0
2562.344741, 294.331295, 1.000000, -1.#QNAN0
2562.415006, 294.342937, 1.000000, -1.#QNAN0
2562.485271, 294.354580, 1.000000, -1.#QNAN0
2562.905291, 294.412141, 1.000000, -1.#QNAN0
2562.975556, 294.423783, 1.000000, -1.#QNAN0
2563.045821, 294.435426, 1.000000, -1.#QNAN0
2563.116086, 294.447068, 1.000000, -1.#QNAN0
2563.188292, 294.447000, 1.000000, -1.#QNAN0
2563.606371, 294.516272, 1.000000, -1.#QNAN0
2563.678576, 294.516203, 1.000000, -1.#QNAN0
2563.748841, 294.527846, 1.000000, -1.#QNAN0
2563.821047, 294.527777, 1.000000, -1.#QNAN0
2563.893252, 294.527709, 1.000000, -1.#QNAN0
2564.311331, 294.596981, 0.000000, -1.#QNAN0
2564.381597, 294.608623, 0.000000, -1.#QNAN0
2564.451862, 294.620265, 0.000000, -1.#QNAN0
2564.522127, 294.631908, 0.000000, -1.#QNAN0
2564.592392, 294.643550, 0.000000, -1.#QNAN0
2565.008531, 294.724533, 0.000000, -1.#QNAN0
2565.078796, 294.736176, 0.000000, -1.#QNAN0
2565.149061, 294.747818, 0.000000, -1.#QNAN0
2565.219326, 294.759460, 0.000000, -1.#QNAN0
2565.289591, 294.771102, 0.000000, -1.#QNAN0
2565.707671, 294.840375, 0.000000, -1.#QNAN0
2565.777936, 294.852017, 0.000000, -1.#QNAN0
2565.848201, 294.863659, 0.000000, -1.#QNAN0
2565.918466, 294.875302, 0.000000, -1.#QNAN0
2565.986790, 294.898655, 0.000000, -1.#QNAN0
2566.403652, 294.967725, 0.000000, -1.#QNAN0
2566.473917, 294.979368, 0.000000, -1.#QNAN0
2566.544182, 294.991010, 0.000000, -1.#QNAN0
2566.614447, 295.002652, 0.000000, -1.#QNAN0
2566.684712, 295.014295, 0.000000, -1.#QNAN0
2567.099838, 295.083077, 0.000000, -1.#QNAN0
2567.170103, 295.094720, 0.000000, -1.#QNAN0
2567.240368, 295.106362, 0.000000, -1.#QNAN0
2567.310633, 295.118004, 0.000000, -1.#QNAN0
2567.378958, 295.141358, 0.000000, -1.#QNAN0
2567.792349, 295.209853, 0.000000, -1.#QNAN0
2567.862614, 295.221495, 0.000000, -1.#QNAN0
2567.932880, 295.233138, 0.000000, -1.#QNAN0
2568.003145, 295.244780, 0.000000, -1.#QNAN0
2568.073410, 295.256422, 0.000000, -1.#QNAN0
2568.485072, 295.324631, 0.000000, -1.#QNAN0
2568.555337, 295.336274, 0.000000, -1.#QNAN0
2568.625602, 295.347916, 0.000000, -1.#QNAN0
2568.693926, 295.371269, 0.000000, -1.#QNAN0
2568.764191, 295.382911, 0.000000, -1.#QNAN0
2569.174128, 295.450834, 0.000000, -1.#QNAN0
2569.244393, 295.462477, 0.000000, -1.#QNAN0
2569.314658, 295.474119, 0.000000, -1.#QNAN0
2569.384923, 295.485761, 1.000000, -1.#QNAN0
2569.453247, 295.509114, 1.000000, -1.#QNAN0
2569.861460, 295.576752, 1.000000, -1.#QNAN0
2569.931725, 295.588394, 1.000000, -1.#QNAN0
2570.001990, 295.600037, 1.000000, -1.#QNAN0
2570.072255, 295.611679, 1.000000, -1.#QNAN0
2570.142520, 295.623321, 1.000000, -1.#QNAN0
2570.550954, 295.678963, 1.000000, -1.#QNAN0
2570.621219, 295.690605, 1.000000, -1.#QNAN0
2570.691484, 295.702247, 1.000000, -1.#QNAN0
2570.761749, 295.713890, 1.000000, -1.#QNAN0
2570.832014, 295.725532, 1.000000, -1.#QNAN0
2571.237994, 295.792799, 1.000000, -1.#QNAN0
2571.308259, 295.804442, 1.000000, -1.#QNAN0
2571.376583, 295.827795, 1.000000, -1.#QNAN0
2571.446848, 295.839437, 1.000000, -1.#QNAN0
2571.517113, 295.851080, 1.000000, -1.#QNAN0
2571.923092, 295.918347, 1.000000, -1.#QNAN0
2571.993357, 295.929989, 1.000000, -1.#QNAN0
2572.063622, 295.941631, 1.000000, -1.#QNAN0
2572.133887, 295.953274, 1.000000, -1.#QNAN0
2572.204152, 295.964916, 1.000000, -1.#QNAN0
2572.610130, 296.032183, 1.000000, -1.#QNAN0
2572.680395, 296.043826, 1.000000, -1.#QNAN0
2572.750660, 296.055468, 1.000000, -1.#QNAN0
2572.820925, 296.067110, 1.000000, -1.#QNAN0
2572.891190, 296.078753, 1.000000, -1.#QNAN0
2573.297170, 296.146020, 1.000000, -1.#QNAN0
2573.367435, 296.157662, 1.000000, -1.#QNAN0
2573.437700, 296.169304, 1.000000, -1.#QNAN0
2573.507965, 296.180947, 1.000000, -1.#QNAN0
2573.580170, 296.180878, 1.000000, -1.#QNAN0
2573.987722, 296.248082, 1.000000, -1.#QNAN0
2574.057997, 296.259662, 1.000000, -1.#QNAN0
2574.128272, 296.271243, 1.000000, -1.#QNAN0
2574.198547, 296.282824, 1.000000, -1.#QNAN0
2574.268823, 296.294404, 1.000000, -1.#QNAN0
2574.678241, 296.361173, 1.000000, -1.#QNAN0
2574.748538, 296.372621, 1.000000, -1.#QNAN0
2574.818835, 296.384069, 1.000000, -1.#QNAN0
2574.889132, 296.395517, 1.000000, -1.#QNAN0
2574.959429, 296.406965, 1.000000, -1.#QNAN0
2575.369510, 296.472938, 1.000000, -1.#QNAN0
2575.439832, 296.484232, 1.000000, -1.#QNAN0
2575.512036, 296.483806, 1.000000, -1.#QNAN0
2575.582358, 296.495101, 1.000000, -1.#QNAN0
2575.654562, 296.494675, 1.000000, -1.#QNAN0
2576.064764, 296.559741, 1.000000, -1.#QNAN0
2576.136967, 296.559156, 1.000000, -1.#QNAN0
2576.207314, 296.570295, 0.000000, -1.#QNAN0
2576.277660, 296.581435, 0.000000, -1.#QNAN0
2576.348007, 296.592574, 0.000000, -1.#QNAN0
2576.756523, 296.668459, 0.000000, -1.#QNAN0
2576.826895, 296.679443, 0.000000, -1.#QNAN0
2576.897266, 296.690426, 0.000000, -1.#QNAN0
2576.967637, 296.701409, 0.000000, -1.#QNAN0
2577.038008, 296.712393, 0.000000, -1.#QNAN0
2577.448552, 296.775641, 0.000000, -1.#QNAN0
2577.517144, 296.798200, 0.000000, -1.#QNAN0
2577.587539, 296.809026, 0.000000, -1.#QNAN0
2577.657934, 296.819852, 0.000000, -1.#QNAN0
2577.728330, 296.830678, 0.000000, -1.#QNAN0
2578.139071, 296.893011, 0.000000, -1.#QNAN0
2578.207712, 296.915415, 0.000000, -1.#QNAN0
2578.278132, 296.926082, 0.000000, -1.#QNAN0
2578.348552, 296.936750, 0.000000, -1.#QNAN0
2578.418971, 296.947417, 0.000000, -1.#QNAN0
2578.828446, 297.008909, 0.000000, -1.#QNAN0
2578.898881, 297.019474, 0.000000, -1.#QNAN0
2578.967555, 297.041778, 0.000000, -1.#QNAN0
2579.037991, 297.052343, 0.000000, -1.#QNAN0
2579.108426, 297.062908, 0.000000, -1.#QNAN0
2579.515987, 297.123919, 0.000000, -1.#QNAN0
2579.586426, 297.134460, 0.000000, -1.#QNAN0
2579.656865, 297.145002, 0.000000, -1.#QNAN0
2579.725546, 297.167283, 0.000000, -1.#QNAN0
2579.795985, 297.177825, 0.000000, -1.#QNAN0
2580.202966, 297.238732, 0.000000, -1.#QNAN0
2580.273405, 297.249274, 0.000000, -1.#QNAN0
2580.343843, 297.259816, 0.000000, -1.#QNAN0
2580.412525, 297.282097, 0.000000, -1.#QNAN0
2580.482963, 297.292639, 0.000000, -1.#QNAN0
2580.889945, 297.353546, 0.000000, -1.#QNAN0
2580.960383, 297.364088, 0.000000, -1.#QNAN0
2581.030822, 297.374629, 0.000000, -1.#QNAN0
2581.101260, 297.385171, 0.000000, -1.#QNAN0
2581.169942, 297.407452, 0.000000, -1.#QNAN0
2581.576924, 297.468360, 0.000000, -1.#QNAN0
2581.647363, 297.478902, 0.000000, -1.#QNAN0
2581.717801, 297.489443, 1.000000, -1.#QNAN0
2581.789997, 297.488245, 1.000000, -1.#QNAN0
2581.860435, 297.498787, 1.000000, -1.#QNAN0
2582.267417, 297.559694, 1.000000, -1.#QNAN0
2582.337855, 297.570236, 1.000000, -1.#QNAN0
2582.408294, 297.580778, 1.000000, -1.#QNAN0
2582.480489, 297.579579, 1.000000, -1.#QNAN0
2582.550928, 297.590121, 1.000000, -1.#QNAN0
2582.956152, 297.662768, 1.000000, -1.#QNAN0
2583.026591, 297.673310, 1.000000, -1.#QNAN0
2583.097029, 297.683852, 1.000000, -1.#QNAN0
2583.167468, 297.694393, 1.000000, -1.#QNAN0
2583.239663, 297.693195, 1.000000, -1.#QNAN0
2583.646645, 297.754103, 1.000000, -1.#QNAN0
2583.717084, 297.764644, 1.000000, -1.#QNAN0
2583.787523, 297.775186, 1.000000, -1.#QNAN0
2583.857961, 297.785728, 1.000000, -1.#QNAN0
2583.928400, 297.796269, 1.000000, -1.#QNAN0
2584.335381, 297.857177, 1.000000, -1.#QNAN0
2584.405820, 297.867718, 1.000000, -1.#QNAN0
2584.476258, 297.878260, 1.000000, -1.#QNAN0
2584.544940, 297.900541, 1.000000, -1.#QNAN0
2584.615378, 297.911083, 1.000000, -1.#QNAN0
2585.022360, 297.971991, 1.000000, -1.#QNAN0
2585.092798, 297.982532, 1.000000, -1.#QNAN0
2585.163237, 297.993074, 1.000000, -1.#QNAN0
2585.233675, 298.003615, 1.000000, -1.#QNAN0
2585.304114, 298.014157, 1.000000, -1.#QNAN0
2585.711096, 298.075065, 1.000000, -1.#QNAN0
2585.779778, 298.097346, 1.000000, -1.#QNAN0
2585.850216, 298.107888, 1.000000, -1.#QNAN0
2585.920655, 298.118429, 1.000000, -1.#QNAN0
2585.991093, 298.128971, 1.000000, -1.#QNAN0
2586.398075, 298.189878, 1.000000, -1.#QNAN0
2586.468513, 298.200420, 1.000000, -1.#QNAN0
2586.538952, 298.210962, 1.000000, -1.#QNAN0
2586.609390, 298.221503, 1.000000, -1.#QNAN0
2586.678072, 298.243785, 1.000000, -1.#QNAN0
2587.084399, 298.304594, 1.000000, -1.#QNAN0
2587.154838, 298.315136, 1.000000, -1.#QNAN0
2587.225276, 298.325678, 1.000000, -1.#QNAN0
2587.295715, 298.336219, 1.000000, -1.#QNAN0
2587.367910, 298.335021, 1.000000, -1.#QNAN0
2587.784562, 298.397376, 1.000000, -1.#QNAN0
2587.855000, 298.407917, 1.000000, -1.#QNAN0
2587.927196, 298.406719, 1.000000, -1.#QNAN0
2587.997634, 298.417261, 1.000000, -1.#QNAN0
2588.066316, 298.439542, 1.000000, -1.#QNAN0
2588.481558, 298.501686, 0.000000, -1.#QNAN0
2588.551997, 298.512228, 0.000000, -1.#QNAN0
2588.622435, 298.522769, 0.000000, -1.#QNAN0
2588.692874, 298.533311, 0.000000, -1.#QNAN0
2588.761556, 298.555592, 0.000000, -1.#QNAN0
2589.175398, 298.617527, 0.000000, -1.#QNAN0
2589.245836, 298.628068, 0.000000, -1.#QNAN0
2589.316275, 298.638610, 0.000000, -1.#QNAN0
2589.386713, 298.649151, 0.000000, -1.#QNAN0
2589.457152, 298.659693, 0.000000, -1.#QNAN0
2589.869602, 298.721419, 0.000000, -1.#QNAN0
2589.938284, 298.743701, 0.000000, -1.#QNAN0
2590.008722, 298.754242, 0.000000, -1.#QNAN0
2590.079161, 298.764784, 0.000000, -1.#QNAN0
2590.149600, 298.775325, 0.000000, -1.#QNAN0
2590.560665, 298.836844, 0.000000, -1.#QNAN0
2590.631104, 298.847386, 0.000000, -1.#QNAN0
2590.701542, 298.857927, 0.000000, -1.#QNAN0
2590.770224, 298.880209, 0.000000, -1.#QNAN0
2591.179913, 298.941522, 0.000000, -1.#QNAN0
2591.250352, 298.952063, 0.000000, -1.#QNAN0
2591.320790, 298.962605, 0.000000, -1.#QNAN0
2591.391229, 298.973146, 0.000000, -1.#QNAN0
2591.461668, 298.983688, 0.000000, -1.#QNAN0
2591.870618, 299.044890, 0.000000, -1.#QNAN0
2591.941057, 299.055432, 0.000000, -1.#QNAN0
2592.009738, 299.077713, 0.000000, -1.#QNAN0
2592.080177, 299.088255, 0.000000, -1.#QNAN0
2592.150616, 299.098797, 0.000000, -1.#QNAN0
2592.559565, 299.159999, 0.000000, -1.#QNAN0
2592.630004, 299.170540, 0.000000, -1.#QNAN0
2592.700443, 299.181082, 0.000000, -1.#QNAN0
2592.770881, 299.191624, 0.000000, -1.#QNAN0
2592.839563, 299.213905, 0.000000, -1.#QNAN0
2593.248513, 299.275107, 0.000000, -1.#QNAN0
2593.318951, 299.285649, 0.000000, -1.#QNAN0
2593.389390, 299.296190, 1.000000, -1.#QNAN0
2593.461585, 299.294992, 1.000000, -1.#QNAN0
2593.533781, 299.293794, 1.000000, -1.#QNAN0
2593.942731, 299.354996, 1.000000, -1.#QNAN0
2594.014927, 299.353798, 1.000000, -1.#QNAN0
2594.085365, 299.364340, 1.000000, -1.#QNAN0
2594.155804, 299.374881, 1.000000, -1.#QNAN0
2594.226243, 299.385423, 1.000000, -1.#QNAN0
2594.638099, 299.434798, 1.000000, -1.#QNAN0
2594.708544, 299.445296, 1.000000, -1.#QNAN0
2594.780739, 299.444053, 1.000000, -1.#QNAN0
2594.851184, 299.454551, 1.000000, -1.#QNAN0
2595.264292, 299.515306, 1.000000, -1.#QNAN0
2595.334761, 299.525646, 1.000000, -1.#QNAN0
2595.405229, 299.535986, 1.000000, -1.#QNAN0
2595.475698, 299.546326, 1.000000, -1.#QNAN0
2595.546166, 299.556666, 1.000000, -1.#QNAN0
2595.961476, 299.616349, 1.000000, -1.#QNAN0
2596.031979, 299.626452, 1.000000, -1.#QNAN0
2596.104166, 299.624804, 1.000000, -1.#QNAN0
2596.174669, 299.634907, 1.000000, -1.#QNAN0
2596.245171, 299.645010, 1.000000, -1.#QNAN0
2596.659039, 299.715003, 1.000000, -1.#QNAN0
2596.729576, 299.724867, 1.000000, -1.#QNAN0
2596.800113, 299.734731, 1.000000, -1.#QNAN0
2596.870649, 299.744595, 1.000000, -1.#QNAN0
2596.941186, 299.754459, 1.000000, -1.#QNAN0
2597.356976, 299.811251, 1.000000, -1.#QNAN0
2597.427546, 299.820875, 1.000000, -1.#QNAN0
2597.498116, 299.830498, 1.000000, -1.#QNAN0
2597.568686, 299.840122, 1.000000, -1.#QNAN0
2597.639256, 299.849745, 1.000000, -1.#QNAN0
2598.055282, 299.905077, 1.000000, -1.#QNAN0
2598.125885, 299.914459, 1.000000, -1.#QNAN0
2598.196487, 299.923840, 1.000000, -1.#QNAN0
2598.268653, 299.921455, 1.000000, -1.#QNAN0
2598.339256, 299.930836, 1.000000, -1.#QNAN0
2598.755472, 299.984692, 1.000000, -1.#QNAN0
2598.826106, 299.993830, 1.000000, -1.#QNAN0
2598.896740, 300.002968, 1.000000, -1.#QNAN0
2598.967375, 300.012106, 1.000000, -1.#QNAN0
2599.382774, 300.064797, 1.000000, -1.#QNAN0
2599.453435, 300.073729, 1.000000, -1.#QNAN0
2599.525584, 300.070884, 1.000000, -1.#QNAN0
2599.596245, 300.079816, 1.000000, -1.#QNAN0
2599.668394, 300.076972, 1.000000, -1.#QNAN0
2600.080846, 300.128654, 1.000000, -1.#QNAN0
2600.152992, 300.125721, 1.000000, -1.#QNAN0
2600.223663, 300.134566, 0.000000, -1.#QNAN0
2600.294335, 300.143411, 0.000000, -1.#QNAN0
2600.365007, 300.152256, 0.000000, -1.#QNAN0
2600.773836, 300.215388, 0.000000, -1.#QNAN0
2600.844507, 300.224233, 0.000000, -1.#QNAN0
2600.915179, 300.233079, 0.000000, -1.#QNAN0
2600.985851, 300.241924, 0.000000, -1.#QNAN0
2601.056522, 300.250769, 0.000000, -1.#QNAN0
2601.465351, 300.313901, 0.000000, -1.#QNAN0
2601.536023, 300.322746, 0.000000, -1.#QNAN0
2601.606694, 300.331592, 0.000000, -1.#QNAN0
2601.677366, 300.340437, 0.000000, -1.#QNAN0
2601.748038, 300.349282, 0.000000, -1.#QNAN0
2602.156867, 300.412414, 0.000000, -1.#QNAN0
2602.227539, 300.421259, 0.000000, -1.#QNAN0
2602.298211, 300.430104, 0.000000, -1.#QNAN0
2602.368882, 300.438950, 0.000000, -1.#QNAN0
2602.439554, 300.447795, 0.000000, -1.#QNAN0
2602.849857, 300.499148, 0.000000, -1.#QNAN0
2602.919055, 300.519772, 0.000000, -1.#QNAN0
2602.989726, 300.528617, 0.000000, -1.#QNAN0
2603.060398, 300.537463, 0.000000, -1.#QNAN0
2603.470701, 300.588816, 0.000000, -1.#QNAN0
2603.541373, 300.597661, 0.000000, -1.#QNAN0
2603.610570, 300.618285, 0.000000, -1.#QNAN0
2603.681242, 300.627130, 0.000000, -1.#QNAN0
2603.751914, 300.635975, 0.000000, -1.#QNAN0
2604.162217, 300.687329, 0.000000, -1.#QNAN0
2604.232889, 300.696174, 0.000000, -1.#QNAN0
2604.303561, 300.705019, 0.000000, -1.#QNAN0
2604.372758, 300.725643, 0.000000, -1.#QNAN0
2604.443430, 300.734488, 0.000000, -1.#QNAN0
2604.853733, 300.785842, 0.000000, -1.#QNAN0
2604.924405, 300.794687, 0.000000, -1.#QNAN0
2604.995076, 300.803532, 0.000000, -1.#QNAN0
2605.064274, 300.824156, 0.000000, -1.#QNAN0
2605.134945, 300.833001, 0.000000, -1.#QNAN0
2605.773750, 299.058670, -1.000000, -1.#QNAN0
2605.618869, 300.869643, 1.000000, -1.#QNAN0
2605.689540, 300.878488, 1.000000, -1.#QNAN0
2605.761686, 300.875554, 1.000000, -1.#QNAN0
2605.832358, 300.884400, 1.000000, -1.#QNAN0
2606.242662, 300.935753, 1.000000, -1.#QNAN0
2606.311859, 300.956377, 1.000000, -1.#QNAN0
2606.382531, 300.965222, 1.000000, -1.#QNAN0
2606.453202, 300.974067, 1.000000, -1.#QNAN0
2606.522400, 300.994691, 1.000000, -1.#QNAN0
2606.934177, 301.034266, 1.000000, -1.#QNAN0
2607.004849, 301.043111, 1.000000, -1.#QNAN0
2607.075521, 301.051956, 1.000000, -1.#QNAN0
2607.146192, 301.060802, 1.000000, -1.#QNAN0
2607.557267, 301.112251, 1.000000, -1.#QNAN0
2607.626464, 301.132875, 1.000000, -1.#QNAN0
2607.697136, 301.141720, 1.000000, -1.#QNAN0
2607.767808, 301.150566, 1.000000, -1.#QNAN0
2607.838479, 301.159411, 1.000000, -1.#QNAN0
2608.251367, 301.211088, 1.000000, -1.#QNAN0
2608.322038, 301.219933, 1.000000, -1.#QNAN0
2608.392710, 301.228778, 1.000000, -1.#QNAN0
2608.463382, 301.237623, 1.000000, -1.#QNAN0
2608.532579, 301.258247, 1.000000, -1.#QNAN0
2608.947302, 301.310154, 1.000000, -1.#QNAN0
2609.019448, 301.307220, 1.000000, -1.#QNAN0
2609.090120, 301.316066, 1.000000, -1.#QNAN0
2609.160791, 301.324911, 1.000000, -1.#QNAN0
2609.232937, 301.321977, 1.000000, -1.#QNAN0
2609.649521, 301.374117, 1.000000, -1.#QNAN0
2609.720193, 301.382962, 1.000000, -1.#QNAN0
2609.790865, 301.391807, 1.000000, -1.#QNAN0
2609.860062, 301.412431, 1.000000, -1.#QNAN0
2609.930734, 301.421276, 1.000000, -1.#QNAN0
2610.335951, 301.483956, 1.000000, -1.#QNAN0
2610.406622, 301.492801, 1.000000, -1.#QNAN0
2610.477294, 301.501647, 1.000000, -1.#QNAN0
2610.547966, 301.510492, 1.000000, -1.#QNAN0
2610.620111, 301.507559, 1.000000, -1.#QNAN0
2611.028711, 301.558699, 1.000000, -1.#QNAN0
2611.100856, 301.555765, 1.000000, -1.#QNAN0
2611.173002, 301.552832, 1.000000, -1.#QNAN0
2611.243674, 301.561677, 1.000000, -1.#QNAN0
2611.315820, 301.558744, 1.000000, -1.#QNAN0
2611.726351, 301.610126, 1.000000, -1.#QNAN0
2611.797023, 301.618971, 1.000000, -1.#QNAN0
2611.869169, 301.616037, 1.000000, -1.#QNAN0
2611.939841, 301.624883, 1.000000, -1.#QNAN0
2612.231643, 299.866937, -1.000000, -1.#QNAN0
2612.420683, 301.697028, 0.000000, -1.#QNAN0
2612.491354, 301.705873, 0.000000, -1.#QNAN0
2612.562026, 301.714718, 0.000000, -1.#QNAN0
2612.632698, 301.723563, 0.000000, -1.#QNAN0
2612.703369, 301.732409, 0.000000, -1.#QNAN0
2613.115013, 301.783930, 0.000000, -1.#QNAN0
2613.185685, 301.792775, 0.000000, -1.#QNAN0
2613.256356, 301.801620, 0.000000, -1.#QNAN0
2613.327028, 301.810465, 0.000000, -1.#QNAN0
2613.397700, 301.819311, 0.000000, -1.#QNAN0
2613.809343, 301.870832, 0.000000, -1.#QNAN0
2613.880015, 301.879677, 0.000000, -1.#QNAN0
2613.950687, 301.888522, 0.000000, -1.#QNAN0
2614.021358, 301.897367, 0.000000, -1.#QNAN0
2614.092030, 301.906213, 0.000000, -1.#QNAN0
2614.503675, 301.957734, 0.000000, -1.#QNAN0
2614.574346, 301.966579, 0.000000, -1.#QNAN0
2614.645018, 301.975424, 0.000000, -1.#QNAN0
2614.717164, 301.972491, 0.000000, -1.#QNAN0
2614.787835, 301.981336, 0.000000, -1.#QNAN0
2615.197133, 302.033086, 0.000000, -1.#QNAN0
2615.267793, 302.042023, 0.000000, -1.#QNAN0
2615.338453, 302.050959, 0.000000, -1.#QNAN0
2615.409113, 302.059896, 0.000000, -1.#QNAN0
2615.479773, 302.068832, 0.000000, -1.#QNAN0
2615.883353, 302.121643, 0.000000, -1.#QNAN0
2615.953973, 302.130890, 0.000000, -1.#QNAN0
2616.024594, 302.140137, 0.000000, -1.#QNAN0
2616.095214, 302.149384, 0.000000, -1.#QNAN0
2616.165834, 302.158631, 0.000000, -1.#QNAN0
2616.566124, 302.213483, 0.000000, -1.#QNAN0
2616.636687, 302.223160, 0.000000, -1.#QNAN0
2616.707249, 302.232836, 0.000000, -1.#QNAN0
2616.777812, 302.242512, 0.000000, -1.#QNAN0
2616.848375, 302.252188, 0.000000, -1.#QNAN0
2617.248412, 302.309465, 0.000000, -1.#QNAN0
2617.318915, 302.319566, 0.000000, -1.#QNAN0
2617.389418, 302.329668, 1.000000, -1.#QNAN0
2617.459921, 302.339769, 1.000000, -1.#QNAN0
2617.532108, 302.338120, 1.000000, -1.#QNAN0
2617.931951, 302.397811, 1.000000, -1.#QNAN0
2618.004147, 302.396594, 1.000000, -1.#QNAN0
2618.074588, 302.407117, 1.000000, -1.#QNAN0
2618.145029, 302.417640, 1.000000, -1.#QNAN0
2618.213717, 302.439903, 1.000000, -1.#QNAN0
2618.611462, 302.513708, 1.000000, -1.#QNAN0
2618.681840, 302.524648, 1.000000, -1.#QNAN0
2618.752218, 302.535589, 1.000000, -1.#QNAN0
2618.822595, 302.546529, 1.000000, -1.#QNAN0
2618.892973, 302.557470, 1.000000, -1.#QNAN0
2619.294078, 302.610178, 1.000000, -1.#QNAN0
2619.364390, 302.621533, 1.000000, -1.#QNAN0
2619.434702, 302.632887, 1.000000, -1.#QNAN0
2619.505015, 302.644242, 1.000000, -1.#QNAN0
2619.575327, 302.655596, 1.000000, -1.#QNAN0
2619.974929, 302.733936, 1.000000, -1.#QNAN0
2620.045190, 302.745601, 1.000000, -1.#QNAN0
2620.115451, 302.757266, 1.000000, -1.#QNAN0
2620.187657, 302.757221, 1.000000, -1.#QNAN0
2620.257918, 302.768886, 1.000000, -1.#QNAN0
2620.664570, 302.836985, 1.000000, -1.#QNAN0
2620.734815, 302.848751, 1.000000, -1.#QNAN0
2620.805059, 302.860517, 1.000000, -1.#QNAN0
2620.875304, 302.872283, 1.000000, -1.#QNAN0
2620.945548, 302.884048, 1.000000, -1.#QNAN0
2621.354703, 302.952582, 1.000000, -1.#QNAN0
2621.424948, 302.964348, 1.000000, -1.#QNAN0
2621.495192, 302.976114, 1.000000, -1.#QNAN0
2621.565437, 302.987880, 1.000000, -1.#QNAN0
2621.633720, 303.011353, 1.000000, -1.#QNAN0
2622.042875, 303.079886, 1.000000, -1.#QNAN0
2622.115081, 303.079945, 1.000000, -1.#QNAN0
2622.185325, 303.091711, 1.000000, -1.#QNAN0
2622.255569, 303.103477, 1.000000, -1.#QNAN0
2622.325814, 303.115243, 1.000000, -1.#QNAN0
2622.734970, 303.183776, 1.000000, -1.#QNAN0
2622.805214, 303.195542, 1.000000, -1.#QNAN0
2622.875459, 303.207308, 1.000000, -1.#QNAN0
2622.945703, 303.219074, 1.000000, -1.#QNAN0
2623.017909, 303.219132, 1.000000, -1.#QNAN0
2623.427064, 303.287666, 1.000000, -1.#QNAN0
2623.499269, 303.287724, 1.000000, -1.#QNAN0
2623.569514, 303.299490, 1.000000, -1.#QNAN0
2623.639758, 303.311256, 1.000000, -1.#QNAN0
2623.710002, 303.323022, 1.000000, -1.#QNAN0
2624.119157, 303.391555, 0.000000, -1.#QNAN0
2624.189402, 303.403321, 0.000000, -1.#QNAN0
2624.259646, 303.415087, 0.000000, -1.#QNAN0
2624.329891, 303.426853, 0.000000, -1.#QNAN0
2624.400135, 303.438619, 0.000000, -1.#QNAN0
2624.809291, 303.507152, 0.000000, -1.#QNAN0
2624.879536, 303.518918, 0.000000, -1.#QNAN0
2624.951741, 303.518977, 0.000000, -1.#QNAN0
2625.021985, 303.530743, 0.000000, -1.#QNAN0
2625.092230, 303.542509, 0.000000, -1.#QNAN0
2625.501385, 303.611042, 0.000000, -1.#QNAN0
2625.571629, 303.622808, 0.000000, -1.#QNAN0
2625.641874, 303.634574, 0.000000, -1.#QNAN0
2625.712118, 303.646340, 0.000000, -1.#QNAN0
2625.782363, 303.658106, 0.000000, -1.#QNAN0
2626.191518, 303.726639, 0.000000, -1.#QNAN0
2626.261762, 303.738405, 0.000000, -1.#QNAN0
2626.332007, 303.750171, 0.000000, -1.#QNAN0
2626.402251, 303.761937, 0.000000, -1.#QNAN0
2626.472496, 303.773703, 0.000000, -1.#QNAN0
2626.881651, 303.842236, 0.000000, -1.#QNAN0
2626.951896, 303.854002, 0.000000, -1.#QNAN0
2627.024101, 303.854061, 0.000000, -1.#QNAN0
2627.094346, 303.865827, 0.000000, -1.#QNAN0
2627.164590, 303.877592, 0.000000, -1.#QNAN0
2627.573889, 303.946150, 0.000000, -1.#QNAN0
2627.644133, 303.957916, 0.000000, -1.#QNAN0
2627.714378, 303.969682, 0.000000, -1.#QNAN0
2627.784622, 303.981448, 0.000000, -1.#QNAN0
2627.854867, 303.993214, 0.000000, -1.#QNAN0
2628.264446, 304.061818, 0.000000, -1.#QNAN0
2628.334691, 304.073584, 0.000000, -1.#QNAN0
2628.404935, 304.085350, 0.000000, -1.#QNAN0
2628.475179, 304.097116, 0.000000, -1.#QNAN0
2628.545424, 304.108882, 0.000000, -1.#QNAN0
2628.955303, 304.177536, 0.000000, -1.#QNAN0
2629.025548, 304.189302, 0.000000, -1.#QNAN0
2629.097753, 304.189361, 0.000000, -1.#QNAN0
2629.167998, 304.201127, 0.000000, -1.#QNAN0
2629.238242, 304.212893, 0.000000, -1.#QNAN0
2629.648439, 304.281600, 0.000000, -1.#QNAN0
2629.718684, 304.293366, 0.000000, -1.#QNAN0
2629.788928, 304.305132, 0.000000, -1.#QNAN0
2629.859173, 304.316898, 0.000000, -1.#QNAN0
2629.929417, 304.328664, 0.000000, -1.#QNAN0
2630.339951, 304.397428, 1.000000, -1.#QNAN0
2630.410196, 304.409194, 1.000000, -1.#QNAN0
2630.480440, 304.420960, 1.000000, -1.#QNAN0
2630.550685, 304.432726, 1.000000, -1.#QNAN0
2630.620929, 304.444492, 1.000000, -1.#QNAN0
2631.033781, 304.501609, 1.000000, -1.#QNAN0
2631.104026, 304.513375, 1.000000, -1.#QNAN0
2631.174270, 304.525141, 1.000000, -1.#QNAN0
2631.244515, 304.536907, 1.000000, -1.#QNAN0
2631.314759, 304.548673, 1.000000, -1.#QNAN0
2631.726024, 304.617559, 1.000000, -1.#QNAN0
2631.796269, 304.629325, 1.000000, -1.#QNAN0
2631.866513, 304.641091, 1.000000, -1.#QNAN0
2631.936757, 304.652857, 1.000000, -1.#QNAN0
2632.005041, 304.676330, 1.000000, -1.#QNAN0
2632.416485, 304.745247, 1.000000, -1.#QNAN0
2632.486729, 304.757013, 1.000000, -1.#QNAN0
2632.555013, 304.780486, 1.000000, -1.#QNAN0
2632.625257, 304.792252, 1.000000, -1.#QNAN0
2632.695502, 304.804018, 1.000000, -1.#QNAN0
2633.106946, 304.872935, 1.000000, -1.#QNAN0
2633.175230, 304.896408, 1.000000, -1.#QNAN0
2633.245474, 304.908174, 1.000000, -1.#QNAN0
2633.315719, 304.919940, 1.000000, -1.#QNAN0
2633.385963, 304.931706, 1.000000, -1.#QNAN0
2633.795446, 305.012330, 1.000000, -1.#QNAN0
2633.865690, 305.024096, 1.000000, -1.#QNAN0
2633.935935, 305.035862, 1.000000, -1.#QNAN0
2634.006179, 305.047628, 1.000000, -1.#QNAN0
2634.076424, 305.059394, 1.000000, -1.#QNAN0
2634.485907, 305.140018, 1.000000, -1.#QNAN0
2634.556151, 305.151784, 1.000000, -1.#QNAN0
2634.626396, 305.163550, 1.000000, -1.#QNAN0
2634.694679, 305.187023, 1.000000, -1.#QNAN0
2634.764923, 305.198789, 1.000000, -1.#QNAN0
2635.179401, 305.267523, 1.000000, -1.#QNAN0
2635.249666, 305.279171, 1.000000, -1.#QNAN0
2635.319930, 305.290820, 1.000000, -1.#QNAN0
2635.390194, 305.302468, 1.000000, -1.#QNAN0
2635.460458, 305.314116, 1.000000, -1.#QNAN0
2635.879746, 305.381855, 1.000000, -1.#QNAN0
2635.950059, 305.393203, 1.000000, -1.#QNAN0
2636.020372, 305.404551, 1.000000, -1.#QNAN0
2636.090685, 305.415899, 1.000000, -1.#QNAN0
2636.160999, 305.427247, 1.000000, -1.#QNAN0
2636.582339, 305.493071, 1.000000, -1.#QNAN0
2636.652711, 305.504050, 1.000000, -1.#QNAN0
2636.723083, 305.515029, 1.000000, -1.#QNAN0
2636.795284, 305.514280, 1.000000, -1.#QNAN0
2636.865656, 305.525259, 1.000000, -1.#QNAN0
2637.287263, 305.588863, 1.000000, -1.#QNAN0
2637.357692, 305.599474, 1.000000, -1.#QNAN0
2637.429888, 305.598346, 1.000000, -1.#QNAN0
2637.500317, 305.608956, 1.000000, -1.#QNAN0
2637.570745, 305.619566, 1.000000, -1.#QNAN0
2637.992604, 305.680953, 1.000000, -1.#QNAN0
2638.064794, 305.679448, 1.000000, -1.#QNAN0
2638.135277, 305.689689, 1.000000, -1.#QNAN0
2638.205760, 305.699931, 1.000000, -1.#QNAN0
2638.276243, 305.710173, 1.000000, -1.#QNAN0
2638.698342, 305.769344, 1.000000, -1.#QNAN0
2638.768878, 305.779218, 1.000000, -1.#QNAN0
2638.839413, 305.789091, 1.000000, -1.#QNAN0
2638.909948, 305.798964, 1.000000, -1.#QNAN0
2638.980484, 305.808838, 1.000000, -1.#QNAN0
2639.402873, 305.865805, 1.000000, -1.#QNAN0
2639.473459, 305.875310, 1.000000, -1.#QNAN0
2639.542461, 305.896580, 1.000000, -1.#QNAN0
2639.613047, 305.906085, 1.000000, -1.#QNAN0
2639.683633, 305.915590, 1.000000, -1.#QNAN0
2640.103334, 305.970663, 1.000000, -1.#QNAN0
2640.173953, 305.979921, 1.000000, -1.#QNAN0
2640.244571, 305.989178, 1.000000, -1.#QNAN0
2640.313647, 306.010206, 1.000000, -1.#QNAN0
2640.384266, 306.019463, 1.000000, -1.#QNAN0
2640.799602, 306.073523, 1.000000, -1.#QNAN0
2640.870230, 306.082714, 1.000000, -1.#QNAN0
2640.940858, 306.091905, 1.000000, -1.#QNAN0
2641.011485, 306.101095, 1.000000, -1.#QNAN0
2641.080581, 306.122057, 1.000000, -1.#QNAN0
2641.494270, 306.175891, 1.000000, -1.#QNAN0
2641.564897, 306.185081, 1.000000, -1.#QNAN0
2641.635525, 306.194272, 1.000000, -1.#QNAN0
2641.706152, 306.203463, 1.000000, -1.#QNAN0
2641.776780, 306.212654, 1.000000, -1.#QNAN0
2642.190468, 306.266487, 1.000000, -1.#QNAN0
2642.261096, 306.275677, 1.000000, -1.#QNAN0
2642.331723, 306.284868, 1.000000, -1.#QNAN0
2642.402351, 306.294059, 1.000000, -1.#QNAN0
2642.472978, 306.303250, 1.000000, -1.#QNAN0
2642.886667, 306.357083, 1.000000, -1.#QNAN0
2642.958826, 306.354502, 1.000000, -1.#QNAN0
2643.029453, 306.363693, 1.000000, -1.#QNAN0
2643.100081, 306.372884, 1.000000, -1.#QNAN0
2643.170708, 306.382074, 1.000000, -1.#QNAN0
2643.584397, 306.435908, 1.000000, -1.#QNAN0
2643.656557, 306.433327, 1.000000, -1.#QNAN0
2643.727184, 306.442518, 1.000000, -1.#QNAN0
2643.797812, 306.451709, 1.000000, -1.#QNAN0
2643.868439, 306.460899, 1.000000, -1.#QNAN0
2644.282128, 306.514732, 1.000000, -1.#QNAN0
2644.352755, 306.523923, 1.000000, -1.#QNAN0
2644.424915, 306.521343, 1.000000, -1.#QNAN0
2644.495542, 306.530533, 1.000000, -1.#QNAN0
2644.566170, 306.539724, 1.000000, -1.#QNAN0
2644.979858, 306.593557, 1.000000, -1.#QNAN0
2645.050485, 306.602748, 1.000000, -1.#QNAN0
2645.121113, 306.611939, 1.000000, -1.#QNAN0
2645.191740, 306.621130, 1.000000, -1.#QNAN0
2645.260836, 306.642092, 1.000000, -1.#QNAN0
2645.674525, 306.695925, 1.000000, -1.#QNAN0
2645.745153, 306.705115, 1.000000, -1.#QNAN0
2645.815780, 306.714306, 1.000000, -1.#QNAN0
2645.886408, 306.723497, 1.000000, -1.#QNAN0
2645.957035, 306.732688, 1.000000, -1.#QNAN0
2646.370723, 306.786521, 1.000000, -1.#QNAN0
2646.441351, 306.795712, 1.000000, -1.#QNAN0
2646.511978, 306.804902, 1.000000, -1.#QNAN0
2646.582606, 306.814093, 1.000000, -1.#QNAN0
2646.653234, 306.823284, 1.000000, -1.#QNAN0
2647.066922, 306.877117, 1.000000, -1.#QNAN0
2647.137549, 306.886308, 1.000000, -1.#QNAN0
2647.208177, 306.895498, 1.000000, -1.#QNAN0
2647.278804, 306.904689, 1.000000, -1.#QNAN0
2647.349432, 306.913880, 1.000000, -1.#QNAN0
2647.762736, 306.967663, 1.000000, -1.#QNAN0
2647.833364, 306.976854, 1.000000, -1.#QNAN0
2647.903991, 306.986045, 1.000000, -1.#QNAN0
2647.974619, 306.995235, 1.000000, -1.#QNAN0
2648.045246, 307.004426, 1.000000, -1.#QNAN0
2648.462632, 307.058740, 1.000000, -1.#QNAN0
2648.533259, 307.067931, 1.000000, -1.#QNAN0
2648.603887, 307.077122, 1.000000, -1.#QNAN0
2648.674514, 307.086312, 1.000000, -1.#QNAN0
2648.745142, 307.095503, 1.000000, -1.#QNAN0
2649.154847, 307.148818, 1.000000, -1.#QNAN0
2649.225475, 307.158009, 1.000000, -1.#QNAN0
2649.296102, 307.167200, 1.000000, -1.#QNAN0
2649.366730, 307.176390, 1.000000, -1.#QNAN0
2649.768767, 307.228707, 1.000000, -1.#QNAN0
2649.837862, 307.249669, 1.000000, -1.#QNAN0
2649.908490, 307.258860, 1.000000, -1.#QNAN0
2649.979118, 307.268051, 1.000000, -1.#QNAN0
2650.049745, 307.277241, 1.000000, -1.#QNAN0
2650.444122, 307.328562, 1.000000, -1.#QNAN0
2650.514750, 307.337752, 1.000000, -1.#QNAN0
2650.585377, 307.346943, 1.000000, -1.#QNAN0
2650.656005, 307.356134, 1.000000, -1.#QNAN0
2650.726632, 307.365325, 1.000000, -1.#QNAN0
2651.123601, 307.428952, 1.000000, -1.#QNAN0
2651.194228, 307.438143, 1.000000, -1.#QNAN0
2651.264856, 307.447334, 1.000000, -1.#QNAN0
2651.335483, 307.456525, 1.000000, -1.#QNAN0
2651.406111, 307.465715, 1.000000, -1.#QNAN0
2651.796975, 307.516578, 1.000000, -1.#QNAN0
2651.867602, 307.525769, 1.000000, -1.#QNAN0
2651.938230, 307.534960, 1.000000, -1.#QNAN0
2652.008857, 307.544151, 1.000000, -1.#QNAN0
2652.392476, 307.594071, 1.000000, -1.#QNAN0
2652.463104, 307.603262, 1.000000, -1.#QNAN0
2652.533731, 307.612452, 1.000000, -1.#QNAN0
2652.604359, 307.621643, 1.000000, -1.#QNAN0
2652.674986, 307.630834, 1.000000, -1.#QNAN0
2653.058605, 307.680754, 1.000000, -1.#QNAN0
2653.129233, 307.689945, 1.000000, -1.#QNAN0
2653.199860, 307.699136, 1.000000, -1.#QNAN0
2653.270488, 307.708326, 1.000000, -1.#QNAN0
2653.341115, 307.717517, 1.000000, -1.#QNAN0
2653.724735, 307.767437, 1.000000, -1.#QNAN0
2653.795362, 307.776628, 1.000000, -1.#QNAN0
2653.865990, 307.785819, 1.000000, -1.#QNAN0
2653.936617, 307.795010, 1.000000, -1.#QNAN0
2654.321768, 307.833158, 1.000000, -1.#QNAN0
2654.392396, 307.842349, 1.000000, -1.#QNAN0
2654.464555, 307.839769, 1.000000, -1.#QNAN0
2654.535183, 307.848959, 1.000000, -1.#QNAN0
2654.605810, 307.858150, 1.000000, -1.#QNAN0
2654.989429, 307.908070, 1.000000, -1.#QNAN0
2655.060057, 307.917261, 1.000000, -1.#QNAN0
2655.132216, 307.914681, 1.000000, -1.#QNAN0
2655.202843, 307.923871, 1.000000, -1.#QNAN0
2655.273471, 307.933062, 1.000000, -1.#QNAN0
2655.656770, 307.983009, 1.000000, -1.#QNAN0
2655.727396, 307.992213, 1.000000, -1.#QNAN0
2655.798022, 308.001416, 1.000000, -1.#QNAN0
2655.868648, 308.010620, 1.000000, -1.#QNAN0
2656.247907, 308.049173, 1.000000, -1.#QNAN0
2656.318501, 308.058614, 1.000000, -1.#QNAN0
2656.389096, 308.068055, 1.000000, -1.#QNAN0
2656.459690, 308.077496, 1.000000, -1.#QNAN0
2656.528711, 308.098703, 1.000000, -1.#QNAN0
2656.905905, 308.150391, 1.000000, -1.#QNAN0
2656.976466, 308.160082, 1.000000, -1.#QNAN0
2657.047026, 308.169773, 1.000000, -1.#QNAN0
2657.117587, 308.179463, 1.000000, -1.#QNAN0
2657.188148, 308.189154, 1.000000, -1.#QNAN0
2657.566589, 308.230521, 1.000000, -1.#QNAN0
2657.637113, 308.240471, 1.000000, -1.#QNAN0
2657.707638, 308.250420, 1.000000, -1.#QNAN0
2657.776505, 308.272123, 1.000000, -1.#QNAN0
2658.152891, 308.326460, 1.000000, -1.#QNAN0
2658.223378, 308.336677, 1.000000, -1.#QNAN0
2658.292161, 308.358640, 1.000000, -1.#QNAN0
2658.362648, 308.368856, 1.000000, -1.#QNAN0
2658.433135, 308.379072, 1.000000, -1.#QNAN0
2658.809020, 308.434929, 1.000000, -1.#QNAN0
2658.877717, 308.457163, 1.000000, -1.#QNAN0
2658.948163, 308.467655, 1.000000, -1.#QNAN0
2659.018609, 308.478147, 1.000000, -1.#QNAN0
2659.090803, 308.476898, 1.000000, -1.#QNAN0
2659.466207, 308.534335, 1.000000, -1.#QNAN0
2659.536610, 308.545113, 1.000000, -1.#QNAN0
2659.607013, 308.555891, 1.000000, -1.#QNAN0
2659.677415, 308.566669, 1.000000, -1.#QNAN0
2660.052606, 308.625438, 1.000000, -1.#QNAN0
2660.122964, 308.636502, 1.000000, -1.#QNAN0
2660.193323, 308.647566, 1.000000, -1.#QNAN0
2660.263681, 308.658630, 1.000000, -1.#QNAN0
2660.334040, 308.669693, 1.000000, -1.#QNAN0
2660.713692, 308.729892, 1.000000, -1.#QNAN0
2660.785895, 308.729332, 1.000000, -1.#QNAN0
2660.856238, 308.740494, 1.000000, -1.#QNAN0
2660.926581, 308.751657, 1.000000, -1.#QNAN0
2660.995063, 308.774544, 1.000000, -1.#QNAN0
2661.377136, 308.835176, 1.000000, -1.#QNAN0
2661.447479, 308.846339, 1.000000, -1.#QNAN0
2661.517822, 308.857502, 1.000000, -1.#QNAN0
2661.588164, 308.868665, 1.000000, -1.#QNAN0
2661.970236, 308.929297, 1.000000, -1.#QNAN0
2662.040579, 308.940460, 1.000000, -1.#QNAN0
2662.110922, 308.951623, 1.000000, -1.#QNAN0
2662.181265, 308.962786, 1.000000, -1.#QNAN0
2662.251608, 308.973949, 1.000000, -1.#QNAN0
2662.633680, 309.034581, 1.000000, -1.#QNAN0
2662.704022, 309.045743, 1.000000, -1.#QNAN0
2662.774365, 309.056906, 1.000000, -1.#QNAN0
2662.842848, 309.079793, 1.000000, -1.#QNAN0
2662.913190, 309.090956, 1.000000, -1.#QNAN0
2663.295263, 309.151588, 1.000000, -1.#QNAN0
2663.365606, 309.162751, 1.000000, -1.#QNAN0
2663.435949, 309.173914, 1.000000, -1.#QNAN0
2663.506291, 309.185077, 1.000000, -1.#QNAN0
2663.888363, 309.245709, 1.000000, -1.#QNAN0
2663.958706, 309.256872, 1.000000, -1.#QNAN0
2664.029049, 309.268035, 1.000000, -1.#QNAN0
2664.099392, 309.279198, 1.000000, -1.#QNAN0
2664.169735, 309.290360, 1.000000, -1.#QNAN0
2664.551807, 309.350992, 1.000000, -1.#QNAN0
2664.622149, 309.362155, 1.000000, -1.#QNAN0
2664.690632, 309.385042, 1.000000, -1.#QNAN0
2664.760974, 309.396205, 1.000000, -1.#QNAN0
2664.831317, 309.407368, 1.000000, -1.#QNAN0
2665.213390, 309.468000, 1.000000, -1.#QNAN0
2665.283733, 309.479163, 1.000000, -1.#QNAN0
2665.354075, 309.490326, 1.000000, -1.#QNAN0
2665.424418, 309.501489, 1.000000, -1.#QNAN0
2665.806490, 309.562121, 1.000000, -1.#QNAN0
2665.876833, 309.573284, 1.000000, -1.#QNAN0
2665.947176, 309.584447, 1.000000, -1.#QNAN0
2666.017519, 309.595609, 1.000000, -1.#QNAN0
2666.086001, 309.618496, 1.000000, -1.#QNAN0
2666.468073, 309.679128, 1.000000, -1.#QNAN0
2666.536555, 309.702015, 1.000000, -1.#QNAN0
2666.606898, 309.713178, 1.000000, -1.#QNAN0
2666.677241, 309.724341, 1.000000, -1.#QNAN0
2666.747584, 309.735504, 1.000000, -1.#QNAN0
2667.129656, 309.796136, 1.000000, -1.#QNAN0
2667.199999, 309.807299, 1.000000, -1.#QNAN0
2667.270342, 309.818462, 1.000000, -1.#QNAN0
2667.340685, 309.829624, 1.000000, -1.#QNAN0
2667.723741, 309.890413, 1.000000, -1.#QNAN0
2667.794084, 309.901576, 1.000000, -1.#QNAN0
2667.864427, 309.912738, 1.000000, -1.#QNAN0
2667.934769, 309.923901, 1.000000, -1.#QNAN0
2668.005112, 309.935064, 1.000000, -1.#QNAN0
2668.390906, 309.996287, 1.000000, -1.#QNAN0
2668.461249, 310.007450, 1.000000, -1.#QNAN0
2668.531592, 310.018613, 1.000000, -1.#QNAN0
2668.601934, 310.029776, 1.000000, -1.#QNAN0
2668.672277, 310.040938, 1.000000, -1.#QNAN0
2669.060813, 310.102596, 1.000000, -1.#QNAN0
2669.131156, 310.113759, 1.000000, -1.#QNAN0
2669.201498, 310.124922, 1.000000, -1.#QNAN0
2669.271841, 310.136085, 1.000000, -1.#QNAN0
2669.663122, 310.198178, 1.000000, -1.#QNAN0
2669.733465, 310.209341, 1.000000, -1.#QNAN0
2669.803807, 310.220504, 1.000000, -1.#QNAN0
2669.874150, 310.231667, 1.000000, -1.#QNAN0
2669.944493, 310.242830, 1.000000, -1.#QNAN0
2670.338524, 310.305360, 1.000000, -1.#QNAN0
2670.408866, 310.316523, 1.000000, -1.#QNAN0
2670.479209, 310.327686, 1.000000, -1.#QNAN0
2670.549552, 310.338848, 1.000000, -1.#QNAN0
2670.619895, 310.350011, 1.000000, -1.#QNAN0
2671.014819, 310.424702, 1.000000, -1.#QNAN0
2671.085162, 310.435865, 1.000000, -1.#QNAN0
2671.155505, 310.447028, 1.000000, -1.#QNAN0
2671.225848, 310.458191, 1.000000, -1.#QNAN0
2671.623530, 310.533319, 1.000000, -1.#QNAN0
2671.693873, 310.544482, 1.000000, -1.#QNAN0
2671.764215, 310.555645, 1.000000, -1.#QNAN0
2671.834558, 310.566808, 1.000000, -1.#QNAN0
2671.904901, 310.577971, 1.000000, -1.#QNAN0
2672.306210, 310.641655, 1.000000, -1.#QNAN0
2672.376553, 310.652818, 1.000000, -1.#QNAN0
2672.446896, 310.663981, 1.000000, -1.#QNAN0
2672.517239, 310.675144, 1.000000, -1.#QNAN0
2672.587582, 310.686307, 1.000000, -1.#QNAN0
2672.988892, 310.749992, 1.000000, -1.#QNAN0
2673.057374, 310.772879, 1.000000, -1.#QNAN0
2673.127717, 310.784042, 1.000000, -1.#QNAN0
2673.198060, 310.795205, 1.000000, -1.#QNAN0
2673.599369, 310.858889, 1.000000, -1.#QNAN0
2673.667852, 310.881776, 1.000000, -1.#QNAN0
2673.738194, 310.892939, 1.000000, -1.#QNAN0
2673.808537, 310.904102, 1.000000, -1.#QNAN0
2673.878880, 310.915265, 1.000000, -1.#QNAN0
2674.280190, 310.978950, 1.000000, -1.#QNAN0
2674.350532, 310.990113, 1.000000, -1.#QNAN0
2674.420875, 311.001276, 1.000000, -1.#QNAN0
2674.491218, 311.012438, 1.000000, -1.#QNAN0
2674.561561, 311.023601, 1.000000, -1.#QNAN0
2674.961011, 311.099010, 1.000000, -1.#QNAN0
2675.031353, 311.110173, 1.000000, -1.#QNAN0
2675.101696, 311.121336, 1.000000, -1.#QNAN0
2675.172039, 311.132499, 1.000000, -1.#QNAN0
2675.574946, 311.196139, 1.000000, -1.#QNAN0
2675.645298, 311.207242, 1.000000, -1.#QNAN0
2532.935972, 285.811429, 0.000000, 0.000000
2533.008160, 285.809840, 0.000000, 0.000000
2533.080348, 285.808251, 0.000000, 0.000000
2533.474431, 285.852586, 0.000000, 0.000000
2533.546617, 285.850905, 0.000000, 0.000000
2533.618803, 285.849223, 0.000000, 0.000000
2533.690989, 285.847542, 0.000000, 0.000000
2533.763175, 285.845860, 0.000000, 0.000000
2534.151476, 285.888084, 0.000000, 0.000000
2534.223656, 285.886164, 0.000000, 0.000000
2534.295836, 285.884243, 0.000000, 0.000000
2534.368016, 285.882323, 0.000000, 0.000000
2534.440196, 285.880402, 0.000000, 0.000000
2534.828292, 285.921233, 0.000000, 0.000000
2534.900465, 285.919070, 0.000000, 0.000000
2534.972638, 285.916907, 0.000000, 0.000000
2535.044811, 285.914744, 0.000000, 0.000000
2535.116984, 285.912581, 0.000000, 0.000000
2535.504863, 285.951997, 0.000000, 0.000000
2535.575468, 285.961354, 1.000000, 0.000000
2535.642954, 285.994247, 1.000000, 0.000000
2535.715120, 285.991838, 1.000000, 0.000000
2536.105978, 286.006543, 1.000000, 0.000000
2536.176616, 286.015656, 1.000000, 0.000000
2536.244216, 286.048314, 1.000000, 0.000000
2536.311816, 286.080973, 1.000000, 0.000000
2536.385491, 286.066539, 1.000000, 0.000000
2536.777671, 286.068022, 1.000000, 0.000000
2536.848341, 286.076885, 1.000000, 0.000000
2536.914578, 286.121083, 1.000000, 0.000000
2536.983771, 286.141725, 1.000000, 0.000000
2537.055917, 286.138810, 1.000000, 0.000000
2537.448153, 286.138883, 1.000000, 0.000000
2537.517417, 286.159283, 1.000000, 0.000000
2537.586681, 286.179682, 1.000000, 0.000000
2537.542502, 287.130964, 1.000000, 0.000000
2537.613202, 287.139580, 1.000000, 0.000000
2538.005052, 287.186376, 1.000000, 0.000000
2538.075774, 287.194812, 1.000000, 0.000000
2538.147902, 287.191461, 1.000000, 0.000000
2538.218623, 287.199897, 1.000000, 0.000000
2538.287939, 287.220120, 1.000000, 0.000000
2538.685163, 287.267503, 1.000000, 0.000000
2538.755885, 287.275939, 1.000000, 0.000000
2538.826606, 287.284375, 1.000000, 0.000000
2538.897328, 287.292812, 1.000000, 0.000000
2538.968050, 287.301248, 1.000000, 0.000000
2539.365273, 287.348631, 1.000000, 0.000000
2539.435995, 287.357067, 1.000000, 0.000000
2539.506717, 287.365503, 1.000000, 0.000000
2539.577438, 287.373939, 1.000000, 0.000000
2539.974662, 287.421322, 1.000000, 0.000000
2540.045384, 287.429758, 1.000000, 0.000000
2540.116105, 287.438194, 1.000000, 0.000000
2540.186827, 287.446630, 1.000000, 0.000000
2540.257549, 287.455066, 1.000000, 0.000000
2540.654773, 287.502449, 1.000000, 0.000000
2540.725495, 287.510885, 1.000000, 0.000000
2540.796216, 287.519321, 1.000000, 0.000000
2540.866938, 287.527758, 1.000000, 0.000000
2540.936253, 287.547981, 1.000000, 0.000000
2541.333477, 287.595364, 1.000000, 0.000000
2541.404199, 287.603800, 1.000000, 0.000000
2541.474920, 287.612236, 1.000000, 0.000000
2541.545642, 287.620672, 1.000000, 0.000000
2541.616364, 287.629108, 1.000000, 0.000000
2542.013587, 287.676491, 1.000000, 0.000000
2542.084309, 287.684927, 1.000000, 0.000000
2542.155031, 287.693363, 1.000000, 0.000000
2542.225752, 287.701799, 1.000000, 0.000000
2542.295068, 287.722022, 1.000000, 0.000000
2542.692292, 287.769405, 1.000000, 0.000000
2542.761608, 287.789628, 1.000000, 0.000000
2542.833735, 287.786277, 0.000000, 0.000000
2542.904457, 287.794713, 0.000000, 0.000000
2542.975179, 287.803150, 0.000000, 0.000000
2543.372402, 287.850533, 0.000000, 0.000000
2543.443124, 287.858969, 0.000000, 0.000000
2543.513846, 287.867405, 0.000000, 0.000000
2543.584567, 287.875841, 0.000000, 0.000000
2543.981791, 287.923224, 0.000000, 0.000000
2544.052512, 287.931660, 0.000000, 0.000000
2544.123234, 287.940096, 0.000000, 0.000000
2544.193956, 287.948532, 0.000000, 0.000000
2544.264677, 287.956968, 0.000000, 0.000000
2544.661902, 288.004351, 0.000000, 0.000000
2544.732623, 288.012787, 0.000000, 0.000000
2544.803345, 288.021223, 0.000000, 0.000000
2544.874067, 288.029659, 0.000000, 0.000000
2544.944788, 288.038096, 0.000000, 0.000000
2545.342012, 288.085479, 0.000000, 0.000000
2545.412734, 288.093915, 0.000000, 0.000000
2545.483455, 288.102351, 0.000000, 0.000000
2545.552771, 288.122574, 0.000000, 0.000000
2545.623493, 288.131010, 0.000000, 0.000000
2546.023144, 288.178682, 0.000000, 0.000000
2546.093866, 288.187119, 0.000000, 0.000000
2546.164587, 288.195555, 0.000000, 0.000000
2546.235309, 288.203991, 0.000000, 0.000000
2546.306031, 288.212427, 0.000000, 0.000000
2546.710661, 288.260693, 0.000000, 0.000000
2546.781383, 288.269129, 0.000000, 0.000000
2546.852104, 288.277565, 0.000000, 0.000000
2546.922826, 288.286002, 0.000000, 0.000000
2546.993548, 288.294438, 0.000000, 0.000000
2547.403186, 288.343301, 0.000000, 0.000000
2547.473907, 288.351738, 0.000000, 0.000000
2547.544629, 288.360174, 0.000000, 0.000000
2547.615351, 288.368610, 0.000000, 0.000000
2548.030027, 288.418075, 0.000000, 0.000000
2548.100748, 288.426511, 0.000000, 0.000000
2548.171470, 288.434947, 0.000000, 0.000000
2548.242191, 288.443383, 0.000000, 0.000000
2548.312913, 288.451819, 0.000000, 0.000000
2548.720870, 288.500482, 0.000000, 0.000000
2548.791591, 288.508918, 0.000000, 0.000000
2548.862313, 288.517354, 0.000000, 0.000000
2548.933034, 288.525790, 0.000000, 0.000000
2549.003756, 288.534226, 0.000000, 0.000000
2549.416807, 288.583497, 0.000000, 0.000000
2549.487529, 288.591933, 0.000000, 0.000000
2549.558250, 288.600370, 0.000000, 0.000000
2549.628972, 288.608806, 0.000000, 0.000000
2549.699694, 288.617242, 0.000000, 0.000000
2550.117867, 288.667124, 0.000000, 0.000000
2550.188589, 288.675560, 0.000000, 0.000000
2550.259310, 288.683996, 0.000000, 0.000000
2550.330032, 288.692432, 0.000000, 0.000000
2550.400754, 288.700868, 0.000000, 0.000000
2550.821551, 288.751063, 0.000000, 0.000000
2550.892273, 288.759499, 0.000000, 0.000000
2550.962994, 288.767935, 0.000000, 0.000000
2551.033716, 288.776371, 0.000000, 0.000000
2551.104438, 288.784807, 0.000000, 0.000000
2551.525234, 288.835002, 0.000000, 0.000000
2551.594550, 288.855225, 0.000000, 0.000000
2551.665272, 288.863661, 0.000000, 0.000000
2551.735993, 288.872098, 0.000000, 0.000000
2551.806715, 288.880534, 0.000000, 0.000000
2552.227512, 288.930729, 0.000000, 0.000000
2552.298233, 288.939165, 0.000000, 0.000000
2552.368955, 288.947601, 0.000000, 0.000000
2552.439676, 288.956037, 0.000000, 0.000000
2552.510398, 288.964473, 0.000000, 0.000000
2552.931196, 289.014668, 0.000000, 0.000000
2553.001917, 289.023104, 0.000000, 0.000000
2553.072639, 289.031540, 0.000000, 0.000000
2553.143360, 289.039976, 0.000000, 0.000000
2553.214082, 289.048412, 0.000000, 0.000000
2553.638469, 289.099713, 0.000000, 0.000000
2553.709175, 289.108275, 0.000000, 0.000000
2553.779882, 289.116837, 0.000000, 0.000000
2553.850588, 289.125399, 0.000000, 0.000000
2553.921295, 289.133961, 0.000000, 0.000000
2554.353014, 289.188342, 0.000000, 0.000000
2554.422182, 289.209066, 1.000000, 0.000000
2554.491349, 289.229791, 1.000000, 0.000000
2554.562007, 289.238739, 1.000000, 0.000000
2554.631175, 289.259464, 1.000000, 0.000000
2555.065317, 289.317128, 1.000000, 0.000000
2555.135912, 289.326567, 1.000000, 0.000000
2555.206507, 289.336006, 1.000000, 0.000000
2555.277102, 289.345445, 1.000000, 0.000000
2555.347696, 289.354884, 1.000000, 0.000000
2555.781127, 289.415461, 1.000000, 0.000000
2555.851656, 289.425380, 1.000000, 0.000000
2555.922186, 289.435298, 1.000000, 0.000000
2555.992715, 289.445216, 1.000000, 0.000000
2556.063244, 289.455134, 1.000000, 0.000000
2556.495961, 289.518555, 1.000000, 0.000000
2556.566423, 289.528941, 1.000000, 0.000000
2556.636884, 289.539328, 1.000000, 0.000000
2556.707346, 289.549714, 1.000000, 0.000000
2556.777808, 289.560101, 1.000000, 0.000000
2557.209811, 289.626296, 1.000000, 0.000000
2557.280203, 289.637140, 1.000000, 0.000000
2557.350596, 289.647985, 1.000000, 0.000000
2557.420988, 289.658829, 1.000000, 0.000000
2557.491381, 289.669673, 1.000000, 0.000000
2557.922667, 289.738576, 1.000000, 0.000000
2557.992989, 289.749867, 1.000000, 0.000000
2558.063311, 289.761159, 1.000000, 0.000000
2558.133633, 289.772450, 1.000000, 0.000000
2558.203956, 289.783741, 1.000000, 0.000000
2558.628417, 289.865490, 1.000000, 0.000000
2558.700623, 289.865355, 1.000000, 0.000000
2558.770898, 289.876934, 1.000000, 0.000000
2558.841174, 289.888512, 1.000000, 0.000000
2558.911450, 289.900090, 1.000000, 0.000000
2559.331377, 289.969623, 1.000000, 0.000000
2559.401642, 289.981266, 1.000000, 0.000000
2559.471907, 289.992908, 1.000000, 0.000000
2559.542172, 290.004550, 1.000000, 0.000000
2559.612437, 290.016193, 1.000000, 0.000000
2560.028576, 290.097176, 1.000000, 0.000000
2560.098841, 290.108818, 1.000000, 0.000000
2560.171046, 290.108750, 1.000000, 0.000000
2560.241311, 290.120392, 1.000000, 0.000000
2560.309636, 290.143745, 1.000000, 0.000000
2560.727715, 290.213017, 1.000000, 0.000000
2560.796040, 290.236370, 1.000000, 0.000000
2561.114674, 288.749025, 0.000000, 0.000000
2560.936570, 290.259655, 0.000000, 0.000000
2561.006835, 290.271297, 0.000000, 0.000000
2561.424915, 290.340570, 0.000000, 0.000000
2561.495180, 290.352212, 0.000000, 0.000000
2561.565445, 290.363854, 0.000000, 0.000000
2561.635710, 290.375497, 0.000000, 0.000000
2561.705975, 290.387139, 0.000000, 0.000000
2562.124054, 290.456411, 0.000000, 0.000000
2562.194319, 290.468053, 0.000000, 0.000000
2562.264585, 290.479696, 0.000000, 0.000000
2562.334850, 290.491338, 0.000000, 0.000000
2562.405115, 290.502980, 0.000000, 0.000000
2562.823194, 290.572253, 0.000000, 0.000000
2562.893459, 290.583895, 0.000000, 0.000000
2562.963724, 290.595537, 0.000000, 0.000000
2563.033989, 290.607180, 0.000000, 0.000000
2563.104254, 290.618822, 0.000000, 0.000000
2563.522334, 290.688094, 0.000000, 0.000000
2563.592599, 290.699737, 0.000000, 0.000000
2563.662864, 290.711379, 0.000000, 0.000000
2563.733129, 290.723021, 0.000000, 0.000000
2563.803394, 290.734664, 0.000000, 0.000000
2564.221474, 290.803936, 0.000000, 0.000000
2564.291739, 290.815578, 0.000000, 0.000000
2564.362004, 290.827220, 0.000000, 0.000000
2564.432269, 290.838863, 0.000000, 0.000000
2564.502534, 290.850505, 0.000000, 0.000000
2564.920613, 290.919777, 0.000000, 0.000000
2564.990878, 290.931420, 0.000000, 0.000000
2565.061143, 290.943062, 0.000000, 0.000000
2565.131408, 290.954704, 0.000000, 0.000000
2565.201673, 290.966347, 0.000000, 0.000000
2565.619753, 291.035619, 0.000000, 0.000000
2565.690018, 291.047261, 0.000000, 0.000000
2565.760283, 291.058904, 0.000000, 0.000000
2565.830548, 291.070546, 0.000000, 0.000000
2565.900813, 291.082188, 0.000000, 0.000000
2566.318893, 291.151460, 0.000000, 0.000000
2566.389158, 291.163103, 0.000000, 0.000000
2566.459423, 291.174745, 0.000000, 0.000000
2566.529688, 291.186387, 0.000000, 0.000000
2566.599953, 291.198030, 0.000000, 0.000000
2567.018755, 291.255389, 0.000000, 0.000000
2567.089020, 291.267032, 0.000000, 0.000000
2567.159285, 291.278674, 0.000000, 0.000000
2567.229550, 291.290316, 0.000000, 0.000000
2567.299815, 291.301959, 0.000000, 0.000000
2567.714941, 291.370741, 0.000000, 0.000000
2567.785206, 291.382384, 0.000000, 0.000000
2567.855471, 291.394026, 0.000000, 0.000000
2567.925736, 291.405668, 0.000000, 0.000000
2567.996001, 291.417311, 0.000000, 0.000000
2568.409393, 291.485806, 0.000000, 0.000000
2568.479658, 291.497448, 0.000000, 0.000000
2568.549923, 291.509091, 0.000000, 0.000000
2568.620188, 291.520733, 0.000000, 0.000000
2568.690453, 291.532375, 0.000000, 0.000000
2569.102115, 291.600584, 0.000000, 0.000000
2569.172380, 291.612227, 0.000000, 0.000000
2569.242645, 291.623869, 0.000000, 0.000000
2569.312910, 291.635511, 0.000000, 0.000000
2569.383175, 291.647154, 0.000000, 0.000000
2569.793111, 291.715077, 0.000000, 0.000000
2569.863376, 291.726719, 0.000000, 0.000000
2569.933641, 291.738361, 0.000000, 0.000000
2570.003906, 291.750004, 0.000000, 0.000000
2570.074171, 291.761646, 0.000000, 0.000000
2570.482384, 291.829283, 0.000000, 0.000000
2570.552649, 291.840926, 0.000000, 0.000000
2570.622914, 291.852568, 0.000000, 0.000000
2570.693179, 291.864210, 0.000000, 0.000000
2570.763444, 291.875853, 0.000000, 0.000000
2571.169938, 291.943205, 0.000000, 0.000000
2571.240203, 291.954847, 0.000000, 0.000000
2571.310468, 291.966490, 0.000000, 0.000000
2571.380733, 291.978132, 0.000000, 0.000000
2571.450998, 291.989774, 0.000000, 0.000000
2571.856977, 292.057042, 0.000000, 0.000000
2571.927242, 292.068684, 0.000000, 0.000000
2571.997507, 292.080326, 0.000000, 0.000000
2572.067772, 292.091969, 0.000000, 0.000000
2572.138037, 292.103611, 0.000000, 0.000000
2572.544016, 292.170878, 0.000000, 0.000000
2572.614281, 292.182521, 0.000000, 0.000000
2572.684546, 292.194163, 1.000000, 0.000000
2572.750930, 292.229227, 1.000000, 0.000000
2572.817314, 292.264291, 1.000000, 0.000000
2573.221352, 292.343269, 1.000000, 0.000000
2573.289677, 292.366622, 1.000000, 0.000000
2573.361882, 292.366554, 1.000000, 0.000000
2573.432147, 292.378196, 1.000000, 0.000000
2573.500472, 292.401549, 1.000000, 0.000000
2573.904511, 292.480527, 1.000000, 0.000000
2573.974776, 292.492169, 1.000000, 0.000000
2574.046981, 292.492101, 1.000000, 0.000000
2574.119187, 292.492032, 1.000000, 0.000000
2574.187511, 292.515386, 1.000000, 0.000000
2574.589916, 292.593770, 1.000000, 0.000000
2574.658261, 292.617063, 1.000000, 0.000000
2574.730466, 292.616931, 1.000000, 0.000000
2574.802671, 292.616799, 1.000000, 0.000000
2574.872947, 292.628380, 1.000000, 0.000000
2575.273540, 292.705732, 1.000000, 0.000000
2575.341929, 292.728896, 1.000000, 0.000000
2575.412226, 292.740344, 1.000000, 0.000000
2575.484431, 292.740076, 1.000000, 0.000000
2575.556636, 292.739808, 1.000000, 0.000000
2575.956817, 292.816204, 1.000000, 0.000000
2576.027139, 292.827498, 1.000000, 0.000000
2576.095578, 292.850513, 1.000000, 0.000000
2576.165900, 292.861807, 1.000000, 0.000000
2576.239987, 292.849661, 1.000000, 0.000000
2576.642159, 292.913447, 1.000000, 0.000000
2576.710649, 292.936310, 1.000000, 0.000000
2576.779139, 292.959174, 1.000000, 0.000000
2576.849486, 292.970314, 1.000000, 0.000000
2576.921689, 292.969729, 1.000000, 0.000000
2577.325826, 293.020893, 1.000000, 0.000000
2577.394367, 293.043605, 1.000000, 0.000000
2577.464738, 293.054588, 1.000000, 0.000000
2577.533278, 293.077300, 1.000000, 0.000000
2577.605480, 293.076555, 1.000000, 0.000000
2578.004286, 293.162009, 1.000000, 0.000000
2578.072877, 293.184568, 1.000000, 0.000000
2578.143273, 293.195394, 1.000000, 0.000000
2578.219081, 293.171022, 1.000000, 0.000000
2578.287672, 293.193581, 1.000000, 0.000000
2578.691997, 293.242926, 1.000000, 0.000000
2578.762417, 293.253594, 1.000000, 0.000000
2578.832836, 293.264261, 1.000000, 0.000000
2578.905034, 293.263192, 1.000000, 0.000000
2578.977231, 293.262123, 0.000000, 0.000000
2579.381351, 293.322807, 0.000000, 0.000000
2579.451786, 293.333372, 0.000000, 0.000000
2579.522221, 293.343937, 0.000000, 0.000000
2579.592656, 293.354502, 0.000000, 0.000000
2579.663091, 293.365067, 0.000000, 0.000000
2580.069422, 293.425893, 0.000000, 0.000000
2580.139861, 293.436435, 0.000000, 0.000000
2580.210299, 293.446977, 0.000000, 0.000000
2580.280738, 293.457518, 0.000000, 0.000000
2580.351177, 293.468060, 0.000000, 0.000000
2580.758158, 293.528967, 0.000000, 0.000000
2580.828596, 293.539509, 0.000000, 0.000000
2580.899035, 293.550051, 0.000000, 0.000000
2580.969474, 293.560592, 0.000000, 0.000000
2581.039912, 293.571134, 0.000000, 0.000000
2581.446893, 293.632041, 0.000000, 0.000000
2581.517332, 293.642583, 0.000000, 0.000000
2581.587771, 293.653125, 0.000000, 0.000000
2581.659966, 293.651927, 0.000000, 0.000000
2581.730405, 293.662468, 0.000000, 0.000000
2582.137387, 293.723376, 0.000000, 0.000000
2582.207825, 293.733917, 0.000000, 0.000000
2582.278264, 293.744459, 0.000000, 0.000000
2582.348702, 293.755001, 0.000000, 0.000000
2582.419141, 293.765542, 0.000000, 0.000000
2582.826122, 293.826450, 0.000000, 0.000000
2582.896561, 293.836991, 0.000000, 0.000000
2582.967000, 293.847533, 0.000000, 0.000000
2583.037438, 293.858075, 0.000000, 0.000000
2583.107877, 293.868616, 0.000000, 0.000000
2583.514858, 293.929524, 0.000000, 0.000000
2583.585297, 293.940065, 0.000000, 0.000000
2583.655735, 293.950607, 0.000000, 0.000000
2583.726174, 293.961149, 0.000000, 0.000000
2583.796612, 293.971690, 0.000000, 0.000000
2584.203594, 294.032598, 0.000000, 0.000000
2584.274033, 294.043140, 0.000000, 0.000000
2584.344471, 294.053681, 0.000000, 0.000000
2584.414910, 294.064223, 0.000000, 0.000000
2584.485349, 294.074764, 0.000000, 0.000000
2584.892330, 294.135672, 0.000000, 0.000000
2584.962768, 294.146214, 0.000000, 0.000000
2585.033207, 294.156755, 0.000000, 0.000000
2585.103646, 294.167297, 0.000000, 0.000000
2585.174084, 294.177838, 0.000000, 0.000000
2585.581065, 294.238746, 0.000000, 0.000000
2585.651504, 294.249288, 0.000000, 0.000000
2585.721943, 294.259829, 0.000000, 0.000000
2585.792381, 294.270371, 0.000000, 0.000000
2585.862820, 294.280912, 0.000000, 0.000000
2586.269802, 294.341820, 0.000000, 0.000000
2586.340240, 294.352362, 0.000000, 0.000000
2586.410679, 294.362903, 0.000000, 0.000000
2586.481118, 294.373445, 0.000000, 0.000000
2586.551556, 294.383987, 0.000000, 0.000000
2586.958537, 294.444894, 0.000000, 0.000000
2587.028976, 294.455436, 0.000000, 0.000000
2587.101171, 294.454238, 0.000000, 0.000000
2587.171610, 294.464779, 0.000000, 0.000000
2587.242049, 294.475321, 0.000000, 0.000000
2587.648376, 294.536130, 0.000000, 0.000000
2587.718814, 294.546672, 0.000000, 0.000000
2587.789253, 294.557214, 0.000000, 0.000000
2587.859691, 294.567755, 0.000000, 0.000000
2587.930130, 294.578297, 0.000000, 0.000000
2588.346781, 294.640652, 0.000000, 0.000000
2588.417220, 294.651193, 0.000000, 0.000000
2588.487659, 294.661735, 0.000000, 0.000000
2588.558097, 294.672277, 0.000000, 0.000000
2588.628536, 294.682818, 0.000000, 0.000000
2589.043778, 294.744962, 0.000000, 0.000000
2589.114216, 294.755504, 0.000000, 0.000000
2589.184655, 294.766045, 0.000000, 0.000000
2589.255094, 294.776587, 0.000000, 0.000000
2589.325532, 294.787128, 0.000000, 0.000000
2589.739374, 294.849063, 0.000000, 0.000000
2589.808056, 294.871344, 1.000000, 0.000000
2589.876737, 294.893626, 1.000000, 0.000000
2589.945419, 294.915907, 1.000000, 0.000000
2590.007073, 294.985147, 1.000000, 0.000000
2590.416009, 295.070353, 1.000000, 0.000000
2590.486448, 295.080895, 1.000000, 0.000000
2590.556886, 295.091436, 1.000000, 0.000000
2590.627325, 295.101978, 1.000000, 0.000000
2590.696007, 295.124259, 1.000000, 0.000000
2591.107072, 295.185778, 1.000000, 0.000000
2591.177511, 295.196320, 1.000000, 0.000000
2591.247949, 295.206861, 1.000000, 0.000000
2591.318388, 295.217403, 1.000000, 0.000000
2591.728077, 295.278716, 1.000000, 0.000000
2591.798516, 295.289257, 1.000000, 0.000000
2591.868955, 295.299799, 1.000000, 0.000000
2591.939393, 295.310340, 1.000000, 0.000000
2592.009832, 295.320882, 1.000000, 0.000000
2592.418782, 295.382084, 1.000000, 0.000000
2592.489221, 295.392626, 1.000000, 0.000000
2592.559659, 295.403168, 1.000000, 0.000000
2592.630098, 295.413709, 1.000000, 0.000000
2592.700537, 295.424251, 1.000000, 0.000000
2593.109486, 295.485453, 1.000000, 0.000000
2593.179925, 295.495995, 1.000000, 0.000000
2593.250364, 295.506536, 1.000000, 0.000000
2593.320802, 295.517078, 1.000000, 0.000000
2593.391241, 295.527619, 1.000000, 0.000000
2593.800191, 295.588822, 1.000000, 0.000000
2593.870629, 295.599363, 1.000000, 0.000000
2593.941068, 295.609905, 1.000000, 0.000000
2594.011506, 295.620446, 1.000000, 0.000000
2594.081945, 295.630988, 1.000000, 0.000000
2594.490895, 295.692190, 1.000000, 0.000000
2594.561334, 295.702732, 1.000000, 0.000000
2594.631773, 295.713274, 1.000000, 0.000000
2594.702211, 295.723815, 1.000000, 0.000000
2594.772650, 295.734357, 1.000000, 0.000000
2595.180496, 295.795135, 1.000000, 0.000000
2595.250941, 295.805633, 1.000000, 0.000000
2595.321386, 295.816131, 1.000000, 0.000000
2595.391831, 295.826629, 1.000000, 0.000000
2595.796797, 295.886180, 1.000000, 0.000000
2595.875882, 295.837796, 1.000000, 0.000000
2595.946351, 295.848136, 1.000000, 0.000000
2596.016819, 295.858476, 1.000000, 0.000000
2596.087288, 295.868816, 1.000000, 0.000000
2596.491866, 295.914949, 0.000000, 0.000000
2596.562369, 295.925051, 0.000000, 0.000000
2596.632872, 295.935154, 0.000000, 0.000000
2596.703375, 295.945257, 0.000000, 0.000000
2596.773878, 295.955359, 0.000000, 0.000000
2597.176892, 296.011827, 0.000000, 0.000000
2597.247428, 296.021691, 0.000000, 0.000000
2597.317965, 296.031555, 0.000000, 0.000000
2597.388502, 296.041419, 0.000000, 0.000000
2597.459039, 296.051283, 0.000000, 0.000000
2597.862208, 296.106333, 0.000000, 0.000000
2597.932778, 296.115956, 0.000000, 0.000000
2598.003348, 296.125579, 0.000000, 0.000000
2598.073918, 296.135203, 0.000000, 0.000000
2598.144488, 296.144826, 0.000000, 0.000000
2598.547809, 296.198448, 0.000000, 0.000000
2598.618412, 296.207830, 0.000000, 0.000000
2598.689014, 296.217211, 0.000000, 0.000000
2598.759617, 296.226593, 0.000000, 0.000000
2598.830219, 296.235974, 0.000000, 0.000000
2599.235211, 296.276387, 0.000000, 0.000000
2599.305845, 296.285524, 0.000000, 0.000000
2599.376480, 296.294662, 0.000000, 0.000000
2599.447114, 296.303800, 0.000000, 0.000000
2599.851704, 296.355109, 0.000000, 0.000000
2599.922365, 296.364041, 0.000000, 0.000000
2599.993026, 296.372973, 0.000000, 0.000000
2600.063686, 296.381905, 0.000000, 0.000000
2600.134347, 296.390837, 0.000000, 0.000000
2600.542272, 296.441950, 0.000000, 0.000000
2600.612943, 296.450795, 0.000000, 0.000000
2600.683615, 296.459641, 0.000000, 0.000000
2600.754287, 296.468486, 0.000000, 0.000000
2600.824958, 296.477331, 0.000000, 0.000000
2601.235262, 296.528684, 0.000000, 0.000000
2601.305933, 296.537530, 0.000000, 0.000000
2601.376605, 296.546375, 0.000000, 0.000000
2601.447276, 296.555220, 0.000000, 0.000000
2601.517948, 296.564065, 0.000000, 0.000000
2601.928251, 296.615419, 0.000000, 0.000000
2601.998923, 296.624264, 0.000000, 0.000000
2602.069595, 296.633109, 0.000000, 0.000000
2602.140266, 296.641954, 0.000000, 0.000000
2602.210938, 296.650799, 0.000000, 0.000000
2602.621242, 296.702153, 0.000000, 0.000000
2602.691913, 296.710998, 0.000000, 0.000000
2602.762585, 296.719843, 0.000000, 0.000000
2602.833257, 296.728689, 0.000000, 0.000000
2602.903928, 296.737534, 0.000000, 0.000000
2603.314232, 296.788887, 0.000000, 0.000000
2603.384903, 296.797732, 0.000000, 0.000000
2603.455575, 296.806578, 0.000000, 0.000000
2603.526246, 296.815423, 0.000000, 0.000000
2603.936550, 296.866776, 0.000000, 0.000000
2604.007221, 296.875621, 0.000000, 0.000000
2604.077893, 296.884467, 0.000000, 0.000000
2604.148565, 296.893312, 0.000000, 0.000000
2604.219236, 296.902157, 0.000000, 0.000000
2604.629540, 296.953510, 0.000000, 0.000000
2604.701686, 296.950577, 0.000000, 0.000000
2604.772358, 296.959422, 0.000000, 0.000000
2604.843029, 296.968268, 0.000000, 0.000000
2604.913701, 296.977113, 0.000000, 0.000000
2605.324004, 297.028466, 0.000000, 0.000000
2605.394676, 297.037311, 0.000000, 0.000000
2605.465347, 297.046157, 0.000000, 0.000000
2605.536019, 297.055002, 0.000000, 0.000000
2605.606691, 297.063847, 0.000000, 0.000000
2606.016994, 297.115200, 0.000000, 0.000000
2606.087666, 297.124046, 0.000000, 0.000000
2606.158337, 297.132891, 0.000000, 0.000000
2606.229009, 297.141736, 0.000000, 0.000000
2606.299681, 297.150581, 0.000000, 0.000000
2606.709984, 297.201935, 0.000000, 0.000000
2606.780656, 297.210780, 0.000000, 0.000000
2606.851328, 297.219625, 0.000000, 0.000000
2606.921999, 297.228470, 0.000000, 0.000000
2606.992671, 297.237316, 0.000000, 0.000000
2607.391181, 297.382898, 1.000000, 0.000000
2607.461852, 297.391743, 1.000000, 0.000000
2607.532524, 297.400588, 1.000000, 0.000000
2607.603196, 297.409433, 1.000000, 0.000000
2608.014270, 297.460883, 1.000000, 0.000000
2608.084942, 297.469729, 1.000000, 0.000000
2608.155614, 297.478574, 1.000000, 0.000000
2608.226285, 297.487419, 1.000000, 0.000000
2608.296957, 297.496264, 1.000000, 0.000000
2608.709844, 297.547941, 1.000000, 0.000000
2608.780516, 297.556786, 1.000000, 0.000000
2608.851188, 297.565631, 1.000000, 0.000000
2608.923333, 297.562698, 1.000000, 0.000000
2608.994005, 297.571543, 1.000000, 0.000000
2609.408728, 297.623450, 1.000000, 0.000000
2609.479400, 297.632295, 1.000000, 0.000000
2609.550072, 297.641140, 1.000000, 0.000000
2609.620743, 297.649985, 1.000000, 0.000000
2609.691415, 297.658831, 1.000000, 0.000000
2610.107999, 297.710970, 1.000000, 0.000000
2610.178670, 297.719815, 1.000000, 0.000000
2610.249342, 297.728661, 1.000000, 0.000000
2610.321488, 297.725727, 1.000000, 0.000000
2610.392160, 297.734572, 1.000000, 0.000000
2610.798851, 297.785474, 1.000000, 0.000000
2610.869522, 297.794319, 1.000000, 0.000000
2610.940194, 297.803164, 1.000000, 0.000000
2611.010866, 297.812009, 1.000000, 0.000000
2611.081537, 297.820855, 1.000000, 0.000000
2611.490136, 297.871995, 1.000000, 0.000000
2611.560808, 297.880840, 1.000000, 0.000000
2611.631480, 297.889685, 1.000000, 0.000000
2611.702151, 297.898530, 1.000000, 0.000000
2611.772823, 297.907376, 1.000000, 0.000000
2612.183355, 297.958757, 1.000000, 0.000000
2612.254026, 297.967603, 1.000000, 0.000000
2612.324698, 297.976448, 1.000000, 0.000000
2612.395370, 297.985293, 1.000000, 0.000000
2612.466041, 297.994138, 1.000000, 0.000000
2612.879160, 298.033881, 1.000000, 0.000000
2612.955729, 297.995612, 1.000000, 0.000000
2613.026400, 298.004457, 1.000000, 0.000000
2613.097072, 298.013302, 1.000000, 0.000000
2613.167743, 298.022147, 1.000000, 0.000000
2613.579387, 298.073669, 1.000000, 0.000000
2613.650059, 298.082514, 1.000000, 0.000000
2613.720731, 298.091359, 1.000000, 0.000000
2613.791402, 298.100204, 1.000000, 0.000000
2613.860600, 298.120828, 1.000000, 0.000000
2614.269295, 298.195906, 1.000000, 0.000000
2614.341441, 298.192973, 0.000000, 0.000000
2614.412113, 298.201818, 0.000000, 0.000000
2614.482784, 298.210664, 0.000000, 0.000000
2614.553456, 298.219509, 0.000000, 0.000000
2614.965101, 298.271030, 0.000000, 0.000000
2615.035772, 298.279875, 0.000000, 0.000000
2615.107918, 298.276942, 0.000000, 0.000000
2615.178590, 298.285787, 0.000000, 0.000000
2615.249261, 298.294632, 0.000000, 0.000000
2615.663318, 298.346981, 0.000000, 0.000000
2615.733979, 298.355918, 0.000000, 0.000000
2615.804639, 298.364854, 0.000000, 0.000000
2615.875299, 298.373791, 0.000000, 0.000000
2615.945959, 298.382727, 0.000000, 0.000000
2616.365747, 298.437624, 0.000000, 0.000000
2616.436368, 298.446871, 0.000000, 0.000000
2616.506988, 298.456118, 0.000000, 0.000000
2616.579149, 298.453595, 0.000000, 0.000000
2616.649769, 298.462842, 0.000000, 0.000000
2617.072513, 298.520704, 0.000000, 0.000000
2617.143075, 298.530380, 0.000000, 0.000000
2617.213638, 298.540056, 0.000000, 0.000000
2617.284201, 298.549733, 0.000000, 0.000000
2617.354763, 298.559409, 0.000000, 0.000000
2617.777056, 298.619806, 0.000000, 0.000000
2617.847559, 298.629907, 0.000000, 0.000000
2617.918062, 298.640009, 0.000000, 0.000000
2617.988565, 298.650110, 0.000000, 0.000000
2618.059068, 298.660212, 0.000000, 0.000000
2618.482651, 298.711379, 0.000000, 0.000000
2618.553092, 298.721902, 0.000000, 0.000000
2618.623534, 298.732425, 0.000000, 0.000000
2618.693975, 298.742948, 0.000000, 0.000000
2618.764416, 298.753471, 0.000000, 0.000000
2619.185841, 298.818878, 0.000000, 0.000000
2619.256219, 298.829818, 0.000000, 0.000000
2619.326596, 298.840759, 0.000000, 0.000000
2619.396974, 298.851699, 0.000000, 0.000000
2619.467352, 298.862640, 0.000000, 0.000000
2619.888289, 298.930510, 0.000000, 0.000000
2619.958601, 298.941864, 0.000000, 0.000000
2620.030805, 298.941500, 0.000000, 0.000000
2620.101118, 298.952854, 0.000000, 0.000000
2620.171430, 298.964208, 0.000000, 0.000000
2620.589285, 299.033509, 0.000000, 0.000000
2620.659547, 299.045174, 0.000000, 0.000000
2620.729808, 299.056839, 0.000000, 0.000000
2620.800069, 299.068504, 0.000000, 0.000000
2620.870330, 299.080169, 0.000000, 0.000000
2621.282281, 299.149152, 0.000000, 0.000000
2621.352526, 299.160917, 0.000000, 0.000000
2621.422770, 299.172683, 0.000000, 0.000000
2621.494976, 299.172742, 0.000000, 0.000000
2621.565220, 299.184508, 0.000000, 0.000000
2621.974375, 299.253041, 0.000000, 0.000000
2622.044620, 299.264807, 0.000000, 0.000000
2622.114864, 299.276573, 0.000000, 0.000000
2622.185108, 299.288339, 0.000000, 0.000000
2622.255353, 299.300105, 0.000000, 0.000000
2622.664508, 299.368638, 0.000000, 0.000000
2622.734752, 299.380404, 0.000000, 0.000000
2622.804997, 299.392170, 0.000000, 0.000000
2622.875241, 299.403936, 0.000000, 0.000000
2622.945486, 299.415702, 0.000000, 0.000000
2623.356603, 299.472528, 0.000000, 0.000000
2623.426847, 299.484294, 0.000000, 0.000000
2623.497091, 299.496060, 0.000000, 0.000000
2623.567336, 299.507826, 0.000000, 0.000000
2623.637580, 299.519592, 0.000000, 0.000000
2624.046735, 299.588125, 0.000000, 0.000000
2624.116980, 299.599891, 0.000000, 0.000000
2624.187224, 299.611657, 0.000000, 0.000000
2624.257469, 299.623423, 0.000000, 0.000000
2624.327713, 299.635189, 0.000000, 0.000000
2624.736868, 299.703722, 0.000000, 0.000000
2624.807113, 299.715488, 0.000000, 0.000000
2624.879318, 299.715546, 0.000000, 0.000000
2624.949563, 299.727312, 0.000000, 0.000000
2625.019807, 299.739078, 0.000000, 0.000000
2625.428963, 299.807612, 0.000000, 0.000000
2625.499207, 299.819378, 0.000000, 0.000000
2625.238045, 301.809695, -1.000000, 0.000000
2625.637735, 299.854617, 1.000000, 0.000000
2625.707980, 299.866383, 1.000000, 0.000000
2626.115174, 299.946624, 1.000000, 0.000000
2626.175613, 300.016926, 1.000000, 0.000000
2626.243897, 300.040400, 1.000000, 0.000000
2626.314141, 300.052166, 1.000000, 0.000000
2626.384386, 300.063932, 1.000000, 0.000000
2626.793541, 300.132465, 1.000000, 0.000000
2626.865746, 300.132524, 1.000000, 0.000000
2626.935991, 300.144289, 1.000000, 0.000000
2627.006235, 300.156055, 1.000000, 0.000000
2627.076480, 300.167821, 1.000000, 0.000000
2627.485635, 300.236355, 1.000000, 0.000000
2627.555880, 300.248121, 1.000000, 0.000000
2627.626124, 300.259887, 1.000000, 0.000000
2627.696369, 300.271652, 1.000000, 0.000000
2627.766613, 300.283418, 1.000000, 0.000000
2628.175912, 300.351976, 1.000000, 0.000000
2628.246156, 300.363742, 1.000000, 0.000000
2628.316401, 300.375508, 1.000000, 0.000000
2628.386645, 300.387274, 1.000000, 0.000000
2628.456890, 300.399039, 1.000000, 0.000000
2628.866469, 300.467644, 1.000000, 0.000000
2628.936714, 300.479410, 1.000000, 0.000000
2629.006958, 300.491176, 1.000000, 0.000000
2629.075241, 300.514649, 1.000000, 0.000000
2629.145486, 300.526415, 1.000000, 0.000000
2629.553404, 300.606777, 1.000000, 0.000000
2629.623649, 300.618543, 1.000000, 0.000000
2629.693893, 300.630309, 1.000000, 0.000000
2629.764138, 300.642075, 1.000000, 0.000000
2629.832421, 300.665548, 1.000000, 0.000000
2630.242618, 300.734256, 1.000000, 0.000000
2630.310902, 300.757729, 1.000000, 0.000000
2630.404678, 300.629006, 0.000000, 0.000000
2630.474922, 300.640772, 0.000000, 0.000000
2630.545167, 300.652538, 0.000000, 0.000000
2630.955701, 300.721303, 0.000000, 0.000000
2631.025946, 300.733069, 0.000000, 0.000000
2631.096190, 300.744834, 0.000000, 0.000000
2631.166435, 300.756600, 0.000000, 0.000000
2631.236679, 300.768366, 0.000000, 0.000000
2631.647570, 300.837190, 0.000000, 0.000000
2631.717815, 300.848956, 0.000000, 0.000000
2631.788059, 300.860722, 0.000000, 0.000000
2631.858303, 300.872488, 0.000000, 0.000000
2631.928548, 300.884254, 0.000000, 0.000000
2632.339813, 300.953141, 0.000000, 0.000000
2632.410057, 300.964907, 0.000000, 0.000000
2632.480302, 300.976673, 0.000000, 0.000000
2632.550546, 300.988439, 0.000000, 0.000000
2632.620791, 301.000205, 0.000000, 0.000000
2633.032235, 301.069121, 0.000000, 0.000000
2633.102479, 301.080887, 0.000000, 0.000000
2633.172724, 301.092653, 0.000000, 0.000000
2633.242968, 301.104419, 0.000000, 0.000000
2633.313212, 301.116185, 0.000000, 0.000000
2633.724657, 301.185102, 0.000000, 0.000000
2633.794902, 301.196868, 0.000000, 0.000000
2633.865146, 301.208634, 0.000000, 0.000000
2633.935390, 301.220400, 0.000000, 0.000000
2634.005635, 301.232165, 0.000000, 0.000000
2634.417079, 301.301082, 0.000000, 0.000000
2634.487323, 301.312848, 0.000000, 0.000000
2634.557568, 301.324614, 0.000000, 0.000000
2634.627812, 301.336380, 0.000000, 0.000000
2634.698057, 301.348146, 0.000000, 0.000000
2635.109501, 301.417063, 0.000000, 0.000000
2635.179745, 301.428828, 0.000000, 0.000000
2635.249989, 301.440594, 0.000000, 0.000000
2635.320234, 301.452360, 0.000000, 0.000000
2635.390478, 301.464126, 0.000000, 0.000000
2635.798700, 301.531818, 0.000000, 0.000000
2635.868964, 301.543466, 0.000000, 0.000000
2635.939228, 301.555114, 0.000000, 0.000000
2636.009492, 301.566762, 0.000000, 0.000000
2636.079756, 301.578411, 0.000000, 0.000000
2636.483089, 301.643539, 0.000000, 0.000000
2636.553402, 301.654887, 0.000000, 0.000000
2636.623715, 301.666235, 0.000000, 0.000000
2636.694028, 301.677583, 0.000000, 0.000000
2636.764342, 301.688932, 0.000000, 0.000000
2637.166064, 301.751642, 0.000000, 0.000000
2637.234606, 301.774350, 0.000000, 0.000000
2637.304978, 301.785329, 0.000000, 0.000000
2637.375349, 301.796308, 0.000000, 0.000000
2637.445721, 301.807287, 0.000000, 0.000000
2637.847843, 301.867904, 0.000000, 0.000000
2637.918271, 301.878514, 0.000000, 0.000000
2637.988699, 301.889124, 0.000000, 0.000000
2638.059127, 301.899735, 0.000000, 0.000000
2638.129556, 301.910345, 0.000000, 0.000000
2638.532002, 301.968859, 0.000000, 0.000000
2638.602485, 301.979100, 0.000000, 0.000000
2638.672968, 301.989342, 0.000000, 0.000000
2638.743451, 301.999584, 0.000000, 0.000000
2638.813934, 302.009826, 0.000000, 0.000000
2639.216696, 302.066239, 0.000000, 0.000000
2639.287231, 302.076112, 0.000000, 0.000000
2639.357767, 302.085985, 0.000000, 0.000000
2639.428302, 302.095859, 0.000000, 0.000000
2639.498837, 302.105732, 0.000000, 0.000000
2639.901905, 302.160046, 0.000000, 0.000000
2639.972491, 302.169551, 0.000000, 0.000000
2640.043077, 302.179057, 0.000000, 0.000000
2640.113663, 302.188562, 0.000000, 0.000000
2640.184249, 302.198067, 0.000000, 0.000000
2640.590902, 302.251406, 0.000000, 0.000000
2640.661520, 302.260664, 0.000000, 0.000000
2640.732139, 302.269921, 0.000000, 0.000000
2640.802758, 302.279179, 0.000000, 0.000000
2640.873377, 302.288437, 0.000000, 0.000000
2641.285180, 302.342035, 0.000000, 0.000000
2641.355807, 302.351226, 0.000000, 0.000000
2641.426435, 302.360416, 0.000000, 0.000000
2641.497062, 302.369607, 0.000000, 0.000000
2641.567690, 302.378798, 0.000000, 0.000000
2641.981379, 302.432631, 0.000000, 0.000000
2642.052007, 302.441822, 0.000000, 0.000000
2642.122634, 302.451013, 0.000000, 0.000000
2642.193262, 302.460203, 0.000000, 0.000000
2642.263889, 302.469394, 0.000000, 0.000000
2642.677577, 302.523227, 0.000000, 0.000000
2642.748205, 302.532418, 0.000000, 0.000000
2642.818832, 302.541609, 0.000000, 0.000000
2642.889460, 302.550799, 0.000000, 0.000000
2642.960088, 302.559990, 0.000000, 0.000000
2643.373776, 302.613823, 0.000000, 0.000000
2643.444403, 302.623014, 0.000000, 0.000000
2643.515031, 302.632205, 0.000000, 0.000000
2643.585658, 302.641395, 0.000000, 0.000000
2643.656286, 302.650586, 0.000000, 0.000000
2644.069975, 302.704419, 1.000000, 0.000000
2644.142134, 302.701839, 1.000000, 0.000000
2644.212762, 302.711030, 1.000000, 0.000000
2644.275730, 302.779077, 1.000000, 0.000000
2644.343294, 302.811810, 1.000000, 0.000000
2644.755451, 302.877414, 1.000000, 0.000000
2644.826078, 302.886605, 1.000000, 0.000000
2644.896706, 302.895796, 1.000000, 0.000000
2644.967333, 302.904986, 1.000000, 0.000000
2645.037961, 302.914177, 1.000000, 0.000000
2645.451649, 302.968010, 1.000000, 0.000000
2645.522277, 302.977201, 1.000000, 0.000000
2645.592904, 302.986392, 1.000000, 0.000000
2645.663532, 302.995583, 1.000000, 0.000000
2645.734159, 303.004773, 1.000000, 0.000000
2646.147848, 303.058607, 1.000000, 0.000000
2646.218476, 303.067797, 1.000000, 0.000000
2646.289103, 303.076988, 1.000000, 0.000000
2646.359731, 303.086179, 1.000000, 0.000000
2646.430358, 303.095370, 1.000000, 0.000000
2646.842515, 303.160974, 1.000000, 0.000000
2646.913142, 303.170165, 1.000000, 0.000000
2646.983770, 303.179355, 1.000000, 0.000000
2647.054397, 303.188546, 1.000000, 0.000000
2647.126557, 303.185966, 1.000000, 0.000000
2647.540245, 303.239799, 1.000000, 0.000000
2647.610872, 303.248989, 1.000000, 0.000000
2647.681500, 303.258180, 1.000000, 0.000000
2647.752128, 303.267371, 1.000000, 0.000000
2647.821223, 303.288333, 1.000000, 0.000000
2648.234528, 303.342116, 1.000000, 0.000000
2648.305155, 303.351307, 1.000000, 0.000000
2648.375783, 303.360498, 1.000000, 0.000000
2648.446410, 303.369688, 1.000000, 0.000000
2648.517038, 303.378879, 1.000000, 0.000000
2648.934423, 303.433193, 1.000000, 0.000000
2649.005050, 303.442384, 1.000000, 0.000000
2649.075678, 303.451575, 1.000000, 0.000000
2649.146306, 303.460765, 1.000000, 0.000000
2649.216933, 303.469956, 1.000000, 0.000000
2649.626639, 303.523271, 1.000000, 0.000000
2649.697266, 303.532462, 1.000000, 0.000000
2649.767894, 303.541653, 1.000000, 0.000000
2649.838521, 303.550843, 1.000000, 0.000000
2650.242090, 303.591389, 1.000000, 0.000000
2650.318845, 303.553495, 1.000000, 0.000000
2650.389472, 303.562685, 1.000000, 0.000000
2650.460100, 303.571876, 1.000000, 0.000000
2650.532259, 303.569296, 1.000000, 0.000000
2650.928168, 303.608845, 0.000000, 0.000000
2650.998795, 303.618035, 0.000000, 0.000000
2651.069423, 303.627226, 0.000000, 0.000000
2651.140050, 303.636417, 0.000000, 0.000000
2651.210678, 303.645608, 0.000000, 0.000000
2651.609178, 303.697464, 0.000000, 0.000000
2651.679806, 303.706655, 0.000000, 0.000000
2651.750433, 303.715846, 0.000000, 0.000000
2651.821061, 303.725036, 0.000000, 0.000000
2651.891688, 303.734227, 0.000000, 0.000000
2652.282552, 303.785090, 0.000000, 0.000000
2652.353180, 303.794281, 0.000000, 0.000000
2652.423807, 303.803472, 0.000000, 0.000000
2652.495966, 303.800891, 0.000000, 0.000000
2652.879585, 303.850811, 0.000000, 0.000000
2652.950213, 303.860002, 0.000000, 0.000000
2653.020840, 303.869193, 0.000000, 0.000000
2653.091468, 303.878384, 0.000000, 0.000000
2653.162096, 303.887574, 0.000000, 0.000000
2653.545714, 303.937495, 0.000000, 0.000000
2653.616342, 303.946685, 0.000000, 0.000000
2653.686970, 303.955876, 0.000000, 0.000000
2653.757597, 303.965067, 0.000000, 0.000000
2653.828225, 303.974258, 0.000000, 0.000000
2654.211844, 304.024178, 0.000000, 0.000000
2654.282472, 304.033369, 0.000000, 0.000000
2654.353099, 304.042559, 0.000000, 0.000000
2654.423727, 304.051750, 0.000000, 0.000000
2654.807346, 304.101670, 0.000000, 0.000000
2654.877973, 304.110861, 0.000000, 0.000000
2654.948601, 304.120052, 0.000000, 0.000000
2655.019228, 304.129242, 0.000000, 0.000000
2655.089856, 304.138433, 0.000000, 0.000000
2655.473475, 304.188353, 0.000000, 0.000000
2655.544102, 304.197544, 0.000000, 0.000000
2655.614730, 304.206735, 0.000000, 0.000000
2655.685357, 304.215926, 0.000000, 0.000000
2655.755985, 304.225116, 0.000000, 0.000000
2656.141490, 304.263380, 0.000000, 0.000000
2656.212116, 304.272584, 0.000000, 0.000000
2656.282742, 304.281787, 0.000000, 0.000000
2656.353368, 304.290991, 0.000000, 0.000000
2656.743563, 304.342961, 0.000000, 0.000000
2656.814157, 304.352402, 0.000000, 0.000000
2656.884752, 304.361843, 0.000000, 0.000000
2656.955346, 304.371284, 0.000000, 0.000000
2657.025941, 304.380725, 0.000000, 0.000000
2657.416290, 304.434196, 0.000000, 0.000000
2657.486851, 304.443887, 0.000000, 0.000000
2657.557411, 304.453578, 0.000000, 0.000000
2657.627972, 304.463269, 0.000000, 0.000000
2657.698533, 304.472960, 0.000000, 0.000000
2658.088915, 304.527974, 0.000000, 0.000000
2658.159440, 304.537923, 0.000000, 0.000000
2658.229964, 304.547872, 0.000000, 0.000000
2658.300489, 304.557821, 0.000000, 0.000000
2658.690938, 304.614170, 0.000000, 0.000000
2658.761424, 304.624386, 0.000000, 0.000000
2658.831911, 304.634602, 0.000000, 0.000000
2658.902397, 304.644818, 0.000000, 0.000000
2658.972884, 304.655034, 0.000000, 0.000000
2659.363360, 304.713035, 0.000000, 0.000000
2659.433806, 304.723528, 0.000000, 0.000000
2659.504252, 304.734020, 0.000000, 0.000000
2659.576447, 304.732771, 0.000000, 0.000000
2659.646893, 304.743263, 0.000000, 0.000000
2660.037442, 304.802987, 0.000000, 0.000000
2660.107844, 304.813765, 0.000000, 0.000000
2660.178247, 304.824543, 0.000000, 0.000000
2660.248650, 304.835321, 0.000000, 0.000000
2660.638988, 304.896441, 0.000000, 0.000000
2660.709347, 304.907504, 0.000000, 0.000000
2660.779705, 304.918568, 0.000000, 0.000000
2660.850064, 304.929632, 0.000000, 0.000000
2660.920422, 304.940696, 0.000000, 0.000000
2661.305325, 305.001724, 0.000000, 0.000000
2661.375668, 305.012887, 0.000000, 0.000000
2661.444151, 305.035774, 1.000000, 0.000000
2661.512633, 305.058661, 1.000000, 0.000000
2661.571813, 305.140166, 1.000000, 0.000000
2661.950164, 305.224246, 1.000000, 0.000000
2662.020507, 305.235409, 1.000000, 0.000000
2662.090850, 305.246572, 1.000000, 0.000000
2662.161193, 305.257735, 1.000000, 0.000000
2662.543265, 305.318367, 1.000000, 0.000000
2662.611747, 305.341254, 1.000000, 0.000000
2662.682090, 305.352416, 1.000000, 0.000000
2662.752433, 305.363579, 1.000000, 0.000000
2662.822776, 305.374742, 1.000000, 0.000000
2663.204848, 305.435374, 1.000000, 0.000000
2663.275190, 305.446537, 1.000000, 0.000000
2663.345533, 305.457700, 1.000000, 0.000000
2663.415876, 305.468863, 1.000000, 0.000000
2663.486219, 305.480026, 1.000000, 0.000000
2663.868291, 305.540658, 1.000000, 0.000000
2663.936774, 305.563545, 1.000000, 0.000000
2664.008977, 305.562984, 1.000000, 0.000000
2664.077459, 305.585871, 1.000000, 0.000000
2664.459531, 305.646503, 1.000000, 0.000000
2664.529874, 305.657665, 1.000000, 0.000000
2664.600217, 305.668828, 1.000000, 0.000000
2664.670560, 305.679991, 1.000000, 0.000000
2664.740903, 305.691154, 1.000000, 0.000000
2665.122975, 305.751786, 1.000000, 0.000000
2665.193317, 305.762949, 1.000000, 0.000000
2665.263660, 305.774112, 1.000000, 0.000000
2665.335863, 305.773551, 1.000000, 0.000000
2665.404346, 305.796438, 1.000000, 0.000000
2665.786418, 305.857070, 1.000000, 0.000000
2665.856761, 305.868233, 1.000000, 0.000000
2665.927104, 305.879396, 1.000000, 0.000000
2665.997447, 305.890559, 1.000000, 0.000000
2666.379519, 305.951191, 1.000000, 0.000000
2666.449862, 305.962354, 1.000000, 0.000000
2666.520204, 305.973516, 1.000000, 0.000000
2666.590547, 305.984679, 1.000000, 0.000000
2666.660890, 305.995842, 1.000000, 0.000000
2667.042962, 306.056474, 1.000000, 0.000000
2667.115165, 306.055913, 1.000000, 0.000000
2667.185508, 306.067076, 1.000000, 0.000000
2667.265153, 306.019620, 1.000000, 0.000000
2667.333636, 306.042507, 1.000000, 0.000000
2667.713848, 306.114863, 1.000000, 0.000000
2667.786051, 306.114302, 0.000000, 0.000000
2667.856394, 306.125465, 0.000000, 0.000000
2667.926737, 306.136628, 0.000000, 0.000000
2668.309793, 306.197416, 0.000000, 0.000000
2668.380136, 306.208579, 0.000000, 0.000000
2668.450479, 306.219742, 0.000000, 0.000000
2668.520821, 306.230905, 0.000000, 0.000000
2668.591164, 306.242068, 0.000000, 0.000000
2668.976958, 306.303290, 0.000000, 0.000000
2669.047301, 306.314453, 0.000000, 0.000000
2669.117643, 306.325616, 0.000000, 0.000000
2669.187986, 306.336779, 0.000000, 0.000000
2669.258329, 306.347942, 0.000000, 0.000000
2669.646865, 306.409600, 0.000000, 0.000000
2669.717207, 306.420762, 0.000000, 0.000000
2669.787550, 306.431925, 0.000000, 0.000000
2669.857893, 306.443088, 0.000000, 0.000000
2670.249174, 306.505182, 0.000000, 0.000000
2670.319517, 306.516345, 0.000000, 0.000000
2670.389859, 306.527507, 0.000000, 0.000000
2670.460202, 306.538670, 0.000000, 0.000000
2670.530545, 306.549833, 0.000000, 0.000000
2670.924575, 306.612363, 0.000000, 0.000000
2670.994918, 306.623526, 0.000000, 0.000000
2671.065261, 306.634689, 0.000000, 0.000000
2671.135604, 306.645852, 0.000000, 0.000000
2671.205947, 306.657015, 0.000000, 0.000000
2671.602732, 306.719982, 0.000000, 0.000000
2671.673075, 306.731144, 0.000000, 0.000000
2671.743417, 306.742307, 0.000000, 0.000000
2671.813760, 306.753470, 0.000000, 0.000000
2672.213303, 306.816875, 0.000000, 0.000000
2672.283645, 306.828038, 0.000000, 0.000000
2672.353988, 306.839201, 0.000000, 0.000000
2672.424331, 306.850363, 0.000000, 0.000000
2672.494674, 306.861526, 0.000000, 0.000000
2672.895983, 306.925211, 0.000000, 0.000000
2672.966326, 306.936374, 0.000000, 0.000000
2673.038529, 306.935813, 0.000000, 0.000000
2673.108872, 306.946976, 0.000000, 0.000000
2673.179215, 306.958139, 0.000000, 0.000000
2673.580525, 307.021824, 0.000000, 0.000000
2673.650868, 307.032987, 0.000000, 0.000000
2673.721211, 307.044150, 0.000000, 0.000000
2673.791554, 307.055313, 0.000000, 0.000000
2674.192863, 307.118998, 0.000000, 0.000000
2674.263206, 307.130161, 0.000000, 0.000000
2674.333549, 307.141323, 0.000000, 0.000000
2674.403892, 307.152486, 0.000000, 0.000000
2674.474234, 307.163649, 0.000000, 0.000000
2674.875544, 307.227334, 0.000000, 0.000000
2674.945887, 307.238497, 0.000000, 0.000000
2675.016229, 307.249660, 0.000000, 0.000000
2675.086572, 307.260823, 0.000000, 0.000000
2675.156915, 307.271986, 0.000000, 0.000000
2675.558225, 307.335671, 0.000000, 0.000000
2675.628568, 307.346834, 0.000000, 0.000000
2675.698911, 307.357996, 0.000000, 0.000000
2675.769254, 307.369159, 0.000000, 0.000000
2676.168968, 307.432294, 0.000000, 0.000000
2676.239321, 307.443397, 0.000000, 0.000000
