2899.474486, 301.093227, 1.000000, -1.#QNAN0
2899.538854, 301.062741, 1.000000, -1.#QNAN0
2899.603223, 301.032254, 1.000000, -1.#QNAN0
2899.971582, 300.857787, 1.000000, -1.#QNAN0
2900.035950, 300.827300, 1.000000, -1.#QNAN0
2900.100318, 300.796813, 1.000000, -1.#QNAN0
2900.164687, 300.766326, 1.000000, -1.#QNAN0
2900.533046, 300.591859, 1.000000, -1.#QNAN0
2900.597414, 300.561372, 1.000000, -1.#QNAN0
2900.666864, 300.541613, 1.000000, -1.#QNAN0
2900.731232, 300.511126, 1.000000, -1.#QNAN0
2900.795600, 300.480640, 1.000000, -1.#QNAN0
2901.163960, 300.306172, 1.000000, -1.#QNAN0
2901.228328, 300.275685, 1.000000, -1.#QNAN0
2901.292697, 300.245199, 1.000000, -1.#QNAN0
2901.357065, 300.214712, 1.000000, -1.#QNAN0
2901.421433, 300.184225, 1.000000, -1.#QNAN0
2901.789792, 300.009758, 1.000000, -1.#QNAN0
2901.854161, 299.979271, 1.000000, -1.#QNAN0
2901.918529, 299.948784, 1.000000, -1.#QNAN0
2901.987978, 299.929025, 1.000000, -1.#QNAN0
2902.052346, 299.898538, 1.000000, -1.#QNAN0
2902.420706, 299.724071, 1.000000, -1.#QNAN0
2902.485074, 299.693584, 1.000000, -1.#QNAN0
2902.549442, 299.663098, 1.000000, -1.#QNAN0
2902.613811, 299.632611, 1.000000, -1.#QNAN0
2902.678179, 299.602124, 1.000000, -1.#QNAN0
2903.046539, 299.427656, 1.000000, -1.#QNAN0
2903.110907, 299.397170, 1.000000, -1.#QNAN0
2903.180356, 299.377411, 1.000000, -1.#QNAN0
2903.249806, 299.357652, 1.000000, -1.#QNAN0
2903.314174, 299.327165, 1.000000, -1.#QNAN0
2903.680229, 299.153789, 1.000000, -1.#QNAN0
2903.744597, 299.123302, 1.000000, -1.#QNAN0
2903.814047, 299.103544, 1.000000, -1.#QNAN0
2903.878415, 299.073057, 1.000000, -1.#QNAN0
2904.239016, 298.902264, 1.000000, -1.#QNAN0
2904.303384, 298.871778, 1.000000, -1.#QNAN0
2904.367752, 298.841291, 1.000000, -1.#QNAN0
2904.432121, 298.810804, 1.000000, -1.#QNAN0
2904.496489, 298.780317, 1.000000, -1.#QNAN0
2904.862410, 298.607005, 1.000000, -1.#QNAN0
2904.926778, 298.576518, 1.000000, -1.#QNAN0
2904.991146, 298.546031, 1.000000, -1.#QNAN0
2905.055514, 298.515544, 1.000000, -1.#QNAN0
2905.119883, 298.485057, 1.000000, -1.#QNAN0
2905.480441, 298.314285, 1.000000, -1.#QNAN0
2905.544809, 298.283798, 1.000000, -1.#QNAN0
2905.614259, 298.264039, 1.000000, -1.#QNAN0
2905.683708, 298.244281, 1.000000, -1.#QNAN0
2905.753157, 298.224522, 1.000000, -1.#QNAN0
2906.118565, 298.077722, 1.000000, -1.#QNAN0
2906.188014, 298.057963, 1.000000, -1.#QNAN0
2906.252382, 298.027476, 1.000000, -1.#QNAN0
2906.311669, 297.986261, 1.000000, -1.#QNAN0
2906.656570, 297.809771, 1.000000, -1.#QNAN0
2906.720938, 297.779284, 1.000000, -1.#QNAN0
2906.790388, 297.759525, 1.000000, -1.#QNAN0
2906.854756, 297.729038, 1.000000, -1.#QNAN0
2906.919124, 297.698551, 1.000000, -1.#QNAN0
2907.274620, 297.530177, 1.000000, -1.#QNAN0
2907.333907, 297.488962, 1.000000, -1.#QNAN0
2907.398276, 297.458475, 1.000000, -1.#QNAN0
2907.462644, 297.427988, 1.000000, -1.#QNAN0
2907.815140, 297.261034, 1.000000, -1.#QNAN0
2907.884590, 297.241275, 1.000000, -1.#QNAN0
2907.948958, 297.210788, 1.000000, -1.#QNAN0
2908.018407, 297.191030, 1.000000, -1.#QNAN0
2908.082776, 297.160543, 1.000000, -1.#QNAN0
2908.435273, 296.993589, 1.000000, -1.#QNAN0
2908.494560, 296.952374, 1.000000, -1.#QNAN0
2908.548766, 296.900431, 1.000000, -1.#QNAN0
2908.597890, 296.837760, 1.000000, -1.#QNAN0
2908.940225, 296.649350, 1.000000, -1.#QNAN0
2908.999512, 296.608135, 1.000000, -1.#QNAN0
2909.063880, 296.577648, 1.000000, -1.#QNAN0
2909.133329, 296.557889, 1.000000, -1.#QNAN0
2909.218022, 296.570314, 1.000000, -1.#QNAN0
2909.585762, 296.435545, 1.000000, -1.#QNAN0
2909.655211, 296.415786, 1.000000, -1.#QNAN0
2909.719580, 296.385299, 1.000000, -1.#QNAN0
2909.778867, 296.344084, 1.000000, -1.#QNAN0
2910.131364, 296.177130, 1.000000, -1.#QNAN0
2910.195732, 296.146643, 1.000000, -1.#QNAN0
2910.260100, 296.116156, 1.000000, -1.#QNAN0
2910.324469, 296.085669, 1.000000, -1.#QNAN0
2910.388837, 296.055182, 1.000000, -1.#QNAN0
2910.744430, 295.885723, 1.000000, -1.#QNAN0
2910.808720, 295.855073, 1.000000, -1.#QNAN0
2910.873011, 295.824422, 1.000000, -1.#QNAN0
2910.937301, 295.793771, 1.000000, -1.#QNAN0
2911.302689, 295.630249, 1.000000, -1.#QNAN0
2911.366774, 295.599172, 1.000000, -1.#QNAN0
2911.430859, 295.568095, 1.000000, -1.#QNAN0
2911.500124, 295.547699, 1.000000, -1.#QNAN0
2911.564210, 295.516621, 1.000000, -1.#QNAN0
2911.919989, 295.327482, 1.000000, -1.#QNAN0
2911.983815, 295.295877, 1.000000, -1.#QNAN0
2912.047642, 295.264272, 1.000000, -1.#QNAN0
2912.111469, 295.232667, 1.000000, -1.#QNAN0
2912.471346, 295.051278, 1.000000, -1.#QNAN0
2912.534902, 295.019133, 1.000000, -1.#QNAN0
2912.598459, 294.986989, 1.000000, -1.#QNAN0
2912.662015, 294.954844, 1.000000, -1.#QNAN0
2912.720214, 294.912106, 1.000000, -1.#QNAN0
2913.073136, 294.716670, 1.000000, -1.#QNAN0
2913.136411, 294.683973, 1.000000, -1.#QNAN0
2913.199685, 294.651276, 1.000000, -1.#QNAN0
2913.257510, 294.608033, 1.000000, -1.#QNAN0
2913.614495, 294.420165, 1.000000, -1.#QNAN0
2913.677474, 294.386903, 1.000000, -1.#QNAN0
2913.740454, 294.353642, 1.000000, -1.#QNAN0
2913.803433, 294.320380, 1.000000, -1.#QNAN0
2913.860869, 294.276622, 1.000000, -1.#QNAN0
2914.216190, 294.085089, 1.000000, -1.#QNAN0
2914.278862, 294.051250, 1.000000, -1.#QNAN0
2914.341533, 294.017411, 1.000000, -1.#QNAN0
2914.404204, 293.983573, 1.000000, -1.#QNAN0
2914.755956, 293.790792, 1.000000, -1.#QNAN0
2914.818373, 293.756486, 1.000000, -1.#QNAN0
2914.880789, 293.722180, 1.000000, -1.#QNAN0
2914.943206, 293.687874, 1.000000, -1.#QNAN0
2915.005622, 293.653568, 1.000000, -1.#QNAN0
2915.350620, 293.462752, 1.000000, -1.#QNAN0
2915.412939, 293.428269, 1.000000, -1.#QNAN0
2915.475258, 293.393786, 1.000000, -1.#QNAN0
2915.537576, 293.359303, 1.000000, -1.#QNAN0
2915.878848, 293.170465, 1.000000, -1.#QNAN0
2915.935419, 293.125595, 1.000000, -1.#QNAN0
2915.997738, 293.091112, 1.000000, -1.#QNAN0
2916.065804, 293.067015, 1.000000, -1.#QNAN0
2916.133870, 293.042918, 1.000000, -1.#QNAN0
2916.475141, 292.854080, 1.000000, -1.#QNAN0
2916.543207, 292.829983, 1.000000, -1.#QNAN0
2916.605526, 292.795500, 1.000000, -1.#QNAN0
2916.667845, 292.761017, 1.000000, -1.#QNAN0
2917.009117, 292.572179, 1.000000, -1.#QNAN0
2917.065688, 292.527309, 1.000000, -1.#QNAN0
2917.128007, 292.492826, 1.000000, -1.#QNAN0
2917.196073, 292.468729, 1.000000, -1.#QNAN0
2917.258392, 292.434246, 1.000000, -1.#QNAN0
2917.599663, 292.245408, 1.000000, -1.#QNAN0
2917.661982, 292.210924, 1.000000, -1.#QNAN0
2917.724301, 292.176441, 1.000000, -1.#QNAN0
2917.786620, 292.141958, 1.000000, -1.#QNAN0
2918.127891, 291.953120, 1.000000, -1.#QNAN0
2918.190210, 291.918637, 1.000000, -1.#QNAN0
2918.252529, 291.884153, 1.000000, -1.#QNAN0
2918.314847, 291.849670, 1.000000, -1.#QNAN0
2918.377166, 291.815187, 1.000000, -1.#QNAN0
2918.724185, 291.636735, 1.000000, -1.#QNAN0
2918.786504, 291.602252, 1.000000, -1.#QNAN0
2918.854570, 291.578155, 1.000000, -1.#QNAN0
2918.916889, 291.543672, 1.000000, -1.#QNAN0
2919.258160, 291.354834, 1.000000, -1.#QNAN0
2919.320479, 291.320350, 1.000000, -1.#QNAN0
2919.388545, 291.296254, 1.000000, -1.#QNAN0
2919.450864, 291.261770, 1.000000, -1.#QNAN0
2919.513182, 291.227287, 1.000000, -1.#QNAN0
2919.860201, 291.048836, 1.000000, -1.#QNAN0
2919.922520, 291.014352, 1.000000, -1.#QNAN0
2919.984839, 290.979869, 1.000000, -1.#QNAN0
2920.047157, 290.945386, 1.000000, -1.#QNAN0
2920.388429, 290.756548, 1.000000, -1.#QNAN0
2920.450748, 290.722064, 1.000000, -1.#QNAN0
2920.513067, 290.687581, 1.000000, -1.#QNAN0
2920.575386, 290.653098, 1.000000, -1.#QNAN0
2920.637704, 290.618615, 1.000000, -1.#QNAN0
2920.980208, 290.429095, 1.000000, -1.#QNAN0
2921.042527, 290.394612, 1.000000, -1.#QNAN0
2921.104845, 290.360129, 1.000000, -1.#QNAN0
2921.167164, 290.325645, 1.000000, -1.#QNAN0
2921.505150, 290.138625, 1.000000, -1.#QNAN0
2921.567469, 290.104142, 1.000000, -1.#QNAN0
2921.629787, 290.069659, 1.000000, -1.#QNAN0
2921.692106, 290.035176, 1.000000, -1.#QNAN0
2921.754425, 290.000692, 1.000000, -1.#QNAN0
2922.104033, 289.820808, 1.000000, -1.#QNAN0
2922.166352, 289.786325, 1.000000, -1.#QNAN0
2922.228671, 289.751841, 1.000000, -1.#QNAN0
2922.290989, 289.717358, 1.000000, -1.#QNAN0
2922.353308, 289.682875, 1.000000, -1.#QNAN0
2922.703048, 289.489351, 1.000000, -1.#QNAN0
2922.765367, 289.454868, 1.000000, -1.#QNAN0
2922.827686, 289.420385, 1.000000, -1.#QNAN0
2922.890004, 289.385901, 1.000000, -1.#QNAN0
2923.245629, 289.189121, 1.000000, -1.#QNAN0
2923.307948, 289.154638, 1.000000, -1.#QNAN0
2923.370266, 289.120155, 1.000000, -1.#QNAN0
2923.432585, 289.085671, 1.000000, -1.#QNAN0
2923.494904, 289.051188, 1.000000, -1.#QNAN0
2923.851779, 288.867283, 1.000000, -1.#QNAN0
2923.914098, 288.832799, 1.000000, -1.#QNAN0
2923.982164, 288.808703, 1.000000, -1.#QNAN0
2924.044483, 288.774219, 1.000000, -1.#QNAN0
2924.106801, 288.739736, 1.000000, -1.#QNAN0
2924.463823, 288.542183, 1.000000, -1.#QNAN0
2924.526142, 288.507700, 1.000000, -1.#QNAN0
2924.588461, 288.473216, 1.000000, -1.#QNAN0
2924.650779, 288.438733, 1.000000, -1.#QNAN0
2924.713098, 288.404250, 1.000000, -1.#QNAN0
2925.074779, 288.204118, 1.000000, -1.#QNAN0
2925.137098, 288.169635, 1.000000, -1.#QNAN0
2925.199417, 288.135152, 1.000000, -1.#QNAN0
2925.261736, 288.100669, 1.000000, -1.#QNAN0
2925.324054, 288.066185, 1.000000, -1.#QNAN0
2925.685736, 287.866054, 1.000000, -1.#QNAN0
2925.748055, 287.831570, 1.000000, -1.#QNAN0
2925.810374, 287.797087, 1.000000, -1.#QNAN0
2925.872693, 287.762604, 1.000000, -1.#QNAN0
2926.234374, 287.562472, 1.000000, -1.#QNAN0
2926.296693, 287.527989, 1.000000, -1.#QNAN0
2926.359011, 287.493506, 1.000000, -1.#QNAN0
2926.421330, 287.459023, 1.000000, -1.#QNAN0
2926.483649, 287.424539, 1.000000, -1.#QNAN0
2926.845330, 287.224408, 1.000000, -1.#QNAN0
2926.907649, 287.189925, 1.000000, -1.#QNAN0
2926.969968, 287.155441, 1.000000, -1.#QNAN0
2927.032286, 287.120958, 1.000000, -1.#QNAN0
2927.094605, 287.086475, 1.000000, -1.#QNAN0
2927.450474, 286.876017, 1.000000, -1.#QNAN0
2927.512794, 286.841537, 1.000000, -1.#QNAN0
2927.575115, 286.807058, 1.000000, -1.#QNAN0
2927.637436, 286.772578, 1.000000, -1.#QNAN0
2927.699756, 286.738098, 1.000000, -1.#QNAN0
2928.065908, 286.549560, 1.000000, -1.#QNAN0
2928.128266, 286.515147, 1.000000, -1.#QNAN0
2928.190623, 286.480734, 1.000000, -1.#QNAN0
2928.252980, 286.446321, 1.000000, -1.#QNAN0
2928.309602, 286.401515, 1.000000, -1.#QNAN0
2928.667632, 286.205414, 1.000000, -1.#QNAN0
2928.730101, 286.171204, 1.000000, -1.#QNAN0
2928.792570, 286.136994, 1.000000, -1.#QNAN0
2928.855039, 286.102784, 1.000000, -1.#QNAN0
2928.917509, 286.068574, 1.000000, -1.#QNAN0
2929.276312, 285.873563, 1.000000, -1.#QNAN0
2929.338889, 285.839551, 1.000000, -1.#QNAN0
2929.401466, 285.805538, 1.000000, -1.#QNAN0
2929.464043, 285.771526, 1.000000, -1.#QNAN0
2929.823487, 285.577383, 1.000000, -1.#QNAN0
2929.886168, 285.543563, 1.000000, -1.#QNAN0
2929.948849, 285.509742, 1.000000, -1.#QNAN0
2930.011530, 285.475921, 1.000000, -1.#QNAN0
2930.068574, 285.431654, 1.000000, -1.#QNAN0
2930.428771, 285.238530, 1.000000, -1.#QNAN0
2930.491552, 285.204896, 1.000000, -1.#QNAN0
2930.554333, 285.171262, 1.000000, -1.#QNAN0
2930.617114, 285.137628, 1.000000, -1.#QNAN0
2930.679895, 285.103993, 1.000000, -1.#QNAN0
2931.040788, 284.911877, 1.000000, -1.#QNAN0
2931.103666, 284.878424, 1.000000, -1.#QNAN0
2931.166543, 284.844971, 1.000000, -1.#QNAN0
2931.229421, 284.811518, 1.000000, -1.#QNAN0
2931.292299, 284.778065, 1.000000, -1.#QNAN0
2931.648550, 284.576224, 1.000000, -1.#QNAN0
2931.705966, 284.532440, 1.000000, -1.#QNAN0
2931.768931, 284.499151, 1.000000, -1.#QNAN0
2931.831895, 284.465862, 1.000000, -1.#QNAN0
2931.894860, 284.432572, 1.000000, -1.#QNAN0
2932.258615, 284.240899, 1.000000, -1.#QNAN0
2932.321627, 284.207700, 1.000000, -1.#QNAN0
2932.384639, 284.174500, 1.000000, -1.#QNAN0
2932.447650, 284.141300, 1.000000, -1.#QNAN0
2932.510662, 284.108100, 1.000000, -1.#QNAN0
2932.876367, 283.915417, 1.000000, -1.#QNAN0
2932.939379, 283.882217, 1.000000, -1.#QNAN0
2933.002391, 283.849018, 1.000000, -1.#QNAN0
2933.065403, 283.815818, 1.000000, -1.#QNAN0
2933.425574, 283.612633, 1.000000, -1.#QNAN0
2933.488586, 283.579433, 1.000000, -1.#QNAN0
2933.551598, 283.546234, 1.000000, -1.#QNAN0
2933.614610, 283.513034, 1.000000, -1.#QNAN0
2933.677622, 283.479834, 1.000000, -1.#QNAN0
2934.043326, 283.287151, 1.000000, -1.#QNAN0
2934.111872, 283.264454, 1.000000, -1.#QNAN0
2934.174884, 283.231254, 1.000000, -1.#QNAN0
2934.237895, 283.198054, 1.000000, -1.#QNAN0
2934.300907, 283.164854, 1.000000, -1.#QNAN0
2934.661079, 282.961669, 1.000000, -1.#QNAN0
2934.724091, 282.928470, 1.000000, -1.#QNAN0
2934.787103, 282.895270, 1.000000, -1.#QNAN0
2934.850115, 282.862070, 1.000000, -1.#QNAN0
2934.913127, 282.828870, 1.000000, -1.#QNAN0
2935.278831, 282.636187, 1.000000, -1.#QNAN0
2935.347376, 282.613490, 1.000000, -1.#QNAN0
2935.410388, 282.580290, 1.000000, -1.#QNAN0
2935.473400, 282.547090, 1.000000, -1.#QNAN0
2935.536412, 282.513890, 1.000000, -1.#QNAN0
2935.902117, 282.321208, 1.000000, -1.#QNAN0
2935.970662, 282.298510, 1.000000, -1.#QNAN0
2936.033674, 282.265310, 1.000000, -1.#QNAN0
2936.096685, 282.232110, 1.000000, -1.#QNAN0
2936.159697, 282.198911, 1.000000, -1.#QNAN0
2936.525402, 282.006227, 1.000000, -1.#QNAN0
2936.588414, 281.973028, 1.000000, -1.#QNAN0
2936.651426, 281.939828, 1.000000, -1.#QNAN0
2936.714438, 281.906628, 1.000000, -1.#QNAN0
2937.080143, 281.713945, 1.000000, -1.#QNAN0
2937.143155, 281.680746, 1.000000, -1.#QNAN0
2937.206166, 281.647546, 1.000000, -1.#QNAN0
2937.269178, 281.614346, 1.000000, -1.#QNAN0
2937.337723, 281.591648, 1.000000, -1.#QNAN0
2937.703428, 281.398966, 1.000000, -1.#QNAN0
2937.771973, 281.376268, 1.000000, -1.#QNAN0
2937.834985, 281.343068, 1.000000, -1.#QNAN0
2937.897997, 281.309868, 1.000000, -1.#QNAN0
2937.961009, 281.276669, 1.000000, -1.#QNAN0
2938.326714, 281.083985, 1.000000, -1.#QNAN0
2938.389726, 281.050786, 1.000000, -1.#QNAN0
2938.452738, 281.017586, 1.000000, -1.#QNAN0
2938.515750, 280.984386, 1.000000, -1.#QNAN0
2938.578761, 280.951186, 1.000000, -1.#QNAN0
2938.949999, 280.769006, 1.000000, -1.#QNAN0
2939.013011, 280.735806, 1.000000, -1.#QNAN0
2939.081556, 280.713108, 1.000000, -1.#QNAN0
2939.144568, 280.679908, 1.000000, -1.#QNAN0
2939.207580, 280.646709, 1.000000, -1.#QNAN0
2939.570056, 280.455727, 1.000000, -1.#QNAN0
2939.633068, 280.422527, 1.000000, -1.#QNAN0
2939.701613, 280.399829, 1.000000, -1.#QNAN0
2939.764625, 280.366630, 1.000000, -1.#QNAN0
2939.833170, 280.343932, 1.000000, -1.#QNAN0
2940.192500, 280.154607, 1.000000, -1.#QNAN0
2940.261046, 280.131910, 1.000000, -1.#QNAN0
2940.324057, 280.098710, 1.000000, -1.#QNAN0
2940.387069, 280.065510, 1.000000, -1.#QNAN0
2940.749090, 279.888186, 1.000000, -1.#QNAN0
2940.812102, 279.854986, 1.000000, -1.#QNAN0
2940.875114, 279.821786, 1.000000, -1.#QNAN0
2940.943659, 279.799088, 1.000000, -1.#QNAN0
2941.006671, 279.765888, 1.000000, -1.#QNAN0
2941.360624, 279.579398, 1.000000, -1.#QNAN0
2941.429169, 279.556700, 1.000000, -1.#QNAN0
2941.492181, 279.523500, 1.000000, -1.#QNAN0
2941.555193, 279.490300, 1.000000, -1.#QNAN0
2941.623738, 279.467602, 1.000000, -1.#QNAN0
2941.985969, 279.276749, 1.000000, -1.#QNAN0
2942.054515, 279.254052, 1.000000, -1.#QNAN0
2942.117527, 279.220852, 1.000000, -1.#QNAN0
2942.180538, 279.187652, 1.000000, -1.#QNAN0
2942.249084, 279.164954, 1.000000, -1.#QNAN0
2942.609406, 278.975107, 1.000000, -1.#QNAN0
2942.672418, 278.941908, 1.000000, -1.#QNAN0
2942.735430, 278.908708, 1.000000, -1.#QNAN0
2942.798441, 278.875508, 1.000000, -1.#QNAN0
2943.157173, 278.686499, 1.000000, -1.#QNAN0
2943.220185, 278.653300, 1.000000, -1.#QNAN0
2943.283197, 278.620100, 1.000000, -1.#QNAN0
2943.346209, 278.586900, 1.000000, -1.#QNAN0
2943.409220, 278.553700, 1.000000, -1.#QNAN0
2943.767867, 278.364736, 1.000000, -1.#QNAN0
2943.830879, 278.331536, 1.000000, -1.#QNAN0
2943.893891, 278.298337, 1.000000, -1.#QNAN0
2943.956903, 278.265137, 1.000000, -1.#QNAN0
2944.025448, 278.242439, 1.000000, -1.#QNAN0
2944.384094, 278.053475, 1.000000, -1.#QNAN0
2944.447106, 278.020275, 1.000000, -1.#QNAN0
2944.515651, 277.997578, 1.000000, -1.#QNAN0
2944.578663, 277.964378, 1.000000, -1.#QNAN0
2944.931776, 277.764912, 1.000000, -1.#QNAN0
2944.994788, 277.731712, 1.000000, -1.#QNAN0
2945.057800, 277.698512, 1.000000, -1.#QNAN0
2945.120812, 277.665313, 1.000000, -1.#QNAN0
2945.183824, 277.632113, 1.000000, -1.#QNAN0
2945.548004, 277.453651, 1.000000, -1.#QNAN0
2945.611016, 277.420451, 1.000000, -1.#QNAN0
2945.674028, 277.387251, 1.000000, -1.#QNAN0
2945.737040, 277.354051, 1.000000, -1.#QNAN0
2945.800051, 277.320852, 1.000000, -1.#QNAN0
2946.160749, 277.130125, 1.000000, -1.#QNAN0
2946.223710, 277.096830, 1.000000, -1.#QNAN0
2946.286671, 277.063534, 1.000000, -1.#QNAN0
2946.349632, 277.030238, 1.000000, -1.#QNAN0
2946.741403, 276.828108, 1.000000, -1.#QNAN0
2946.803674, 276.793538, 1.000000, -1.#QNAN0
2946.865944, 276.758967, 1.000000, -1.#QNAN0
2946.928214, 276.724397, 1.000000, -1.#QNAN0
2946.990485, 276.689826, 1.000000, -1.#QNAN0
2947.374140, 276.467080, 1.000000, -1.#QNAN0
2947.435638, 276.431152, 1.000000, -1.#QNAN0
2947.497135, 276.395225, 1.000000, -1.#QNAN0
2947.558632, 276.359297, 1.000000, -1.#QNAN0
2947.626118, 276.333619, 1.000000, -1.#QNAN0
2948.005173, 276.101526, 1.000000, -1.#QNAN0
2948.065855, 276.064239, 1.000000, -1.#QNAN0
2948.132753, 276.037066, 1.000000, -1.#QNAN0
2948.193435, 275.999779, 1.000000, -1.#QNAN0
2948.574846, 275.769661, 1.000000, -1.#QNAN0
2948.641114, 275.740987, 1.000000, -1.#QNAN0
2948.700940, 275.702341, 1.000000, -1.#QNAN0
2948.767208, 275.673666, 1.000000, -1.#QNAN0
2948.827034, 275.635020, 1.000000, -1.#QNAN0
2949.203880, 275.395118, 1.000000, -1.#QNAN0
2949.269476, 275.364939, 1.000000, -1.#QNAN0
2949.328405, 275.324939, 1.000000, -1.#QNAN0
2949.387334, 275.284938, 1.000000, -1.#QNAN0
2949.452931, 275.254759, 1.000000, -1.#QNAN0
2949.818049, 274.995335, 1.000000, -1.#QNAN0
2949.876038, 274.953983, 1.000000, -1.#QNAN0
2949.940919, 274.922296, 1.000000, -1.#QNAN0
2949.998909, 274.880944, 1.000000, -1.#QNAN0
2950.366015, 274.623272, 1.000000, -1.#QNAN0
2950.430144, 274.590089, 1.000000, -1.#QNAN0
2950.494273, 274.556906, 1.000000, -1.#QNAN0
2950.558402, 274.523723, 1.000000, -1.#QNAN0
2950.622531, 274.490540, 1.000000, -1.#QNAN0
2950.956074, 274.254978, 1.000000, -1.#QNAN0
2951.013026, 274.212210, 1.000000, -1.#QNAN0
2951.077107, 274.178933, 1.000000, -1.#QNAN0
2951.134059, 274.136165, 1.000000, -1.#QNAN0
2951.198140, 274.102889, 1.000000, -1.#QNAN0
2951.522299, 273.859459, 1.000000, -1.#QNAN0
2951.586379, 273.826182, 1.000000, -1.#QNAN0
2951.643331, 273.783414, 1.000000, -1.#QNAN0
2951.693155, 273.731153, 1.000000, -1.#QNAN0
2952.010180, 273.478236, 1.000000, -1.#QNAN0
2952.067133, 273.435467, 1.000000, -1.#QNAN0
2952.116957, 273.383207, 1.000000, -1.#QNAN0
2952.173909, 273.340438, 1.000000, -1.#QNAN0
2952.230861, 273.297669, 1.000000, -1.#QNAN0
2952.547887, 273.044752, 1.000000, -1.#QNAN0
2952.597711, 272.992491, 1.000000, -1.#QNAN0
2952.647535, 272.940231, 1.000000, -1.#QNAN0
2952.704487, 272.897462, 1.000000, -1.#QNAN0
2952.754311, 272.845201, 1.000000, -1.#QNAN0
2953.071336, 272.592284, 1.000000, -1.#QNAN0
2953.128288, 272.549516, 1.000000, -1.#QNAN0
2953.178112, 272.497255, 1.000000, -1.#QNAN0
2953.235065, 272.454486, 1.000000, -1.#QNAN0
2953.559218, 272.211061, 1.000000, -1.#QNAN0
2953.609042, 272.158801, 1.000000, -1.#QNAN0
2953.665994, 272.116032, 1.000000, -1.#QNAN0
2953.722946, 272.073263, 1.000000, -1.#QNAN0
2953.779899, 272.030495, 1.000000, -1.#QNAN0
2954.096924, 271.777577, 1.000000, -1.#QNAN0
2954.153876, 271.734809, 1.000000, -1.#QNAN0
2954.203700, 271.682548, 1.000000, -1.#QNAN0
2954.260653, 271.639779, 1.000000, -1.#QNAN0
2954.310477, 271.587518, 1.000000, -1.#QNAN0
2954.627502, 271.334602, 1.000000, -1.#QNAN0
2954.684454, 271.291833, 1.000000, -1.#QNAN0
2954.734278, 271.239572, 1.000000, -1.#QNAN0
2954.791230, 271.196803, 1.000000, -1.#QNAN0
2955.115383, 270.953379, 1.000000, -1.#QNAN0
2955.172335, 270.910610, 1.000000, -1.#QNAN0
2955.222160, 270.858349, 1.000000, -1.#QNAN0
2955.279112, 270.815580, 1.000000, -1.#QNAN0
2955.336064, 270.772812, 1.000000, -1.#QNAN0
2955.660218, 270.529387, 1.000000, -1.#QNAN0
2955.710042, 270.477126, 1.000000, -1.#QNAN0
2955.766994, 270.434357, 1.000000, -1.#QNAN0
2955.823946, 270.391588, 1.000000, -1.#QNAN0
2955.880898, 270.348820, 1.000000, -1.#QNAN0
2956.196718, 270.096808, 1.000000, -1.#QNAN0
2956.253670, 270.054039, 1.000000, -1.#QNAN0
2956.310623, 270.011271, 1.000000, -1.#QNAN0
2956.367575, 269.968502, 1.000000, -1.#QNAN0
2956.690959, 269.740500, 1.000000, -1.#QNAN0
2956.747911, 269.697731, 1.000000, -1.#QNAN0
2956.804863, 269.654962, 1.000000, -1.#QNAN0
2956.861815, 269.612194, 1.000000, -1.#QNAN0
2956.918768, 269.569425, 1.000000, -1.#QNAN0
2957.228337, 269.336951, 1.000000, -1.#QNAN0
2957.285290, 269.294183, 1.000000, -1.#QNAN0
2957.342242, 269.251414, 1.000000, -1.#QNAN0
2957.399194, 269.208645, 1.000000, -1.#QNAN0
2957.456146, 269.165877, 1.000000, -1.#QNAN0
2957.768527, 268.931292, 1.000000, -1.#QNAN0
2957.825480, 268.888523, 1.000000, -1.#QNAN0
2957.882432, 268.845754, 1.000000, -1.#QNAN0
2957.939384, 268.802986, 1.000000, -1.#QNAN0
2958.245091, 268.573413, 1.000000, -1.#QNAN0
2958.302044, 268.530644, 1.000000, -1.#QNAN0
2958.358996, 268.487876, 1.000000, -1.#QNAN0
2958.415948, 268.445107, 1.000000, -1.#QNAN0
2958.465772, 268.392846, 1.000000, -1.#QNAN0
2958.764812, 268.168280, 1.000000, -1.#QNAN0
2958.821765, 268.125511, 1.000000, -1.#QNAN0
2958.885845, 268.092235, 1.000000, -1.#QNAN0
2958.942797, 268.049466, 1.000000, -1.#QNAN0
2959.244668, 267.822774, 1.000000, -1.#QNAN0
2959.301621, 267.780005, 1.000000, -1.#QNAN0
2959.365701, 267.746728, 1.000000, -1.#QNAN0
2959.422653, 267.703960, 1.000000, -1.#QNAN0
2959.479605, 267.661191, 1.000000, -1.#QNAN0
2959.768892, 267.429104, 1.000000, -1.#QNAN0
2959.825844, 267.386336, 1.000000, -1.#QNAN0
2959.882796, 267.343567, 1.000000, -1.#QNAN0
2959.946877, 267.310290, 1.000000, -1.#QNAN0
2960.243292, 267.087695, 1.000000, -1.#QNAN0
2960.307372, 267.054419, 1.000000, -1.#QNAN0
2960.364325, 267.011650, 1.000000, -1.#QNAN0
2960.428405, 266.978374, 1.000000, -1.#QNAN0
2960.724820, 266.755779, 1.000000, -1.#QNAN0
2960.781772, 266.713010, 1.000000, -1.#QNAN0
2960.838724, 266.670242, 1.000000, -1.#QNAN0
2960.895676, 266.627473, 1.000000, -1.#QNAN0
2960.959757, 266.594196, 1.000000, -1.#QNAN0
2961.256171, 266.371602, 1.000000, -1.#QNAN0
2961.313124, 266.328833, 1.000000, -1.#QNAN0
2961.370076, 266.286064, 1.000000, -1.#QNAN0
2961.427028, 266.243296, 1.000000, -1.#QNAN0
2961.723443, 266.020701, 1.000000, -1.#QNAN0
2961.780396, 265.977932, 1.000000, -1.#QNAN0
2961.830220, 265.925671, 1.000000, -1.#QNAN0
2961.887172, 265.882903, 1.000000, -1.#QNAN0
2962.176609, 265.650653, 1.000000, -1.#QNAN0
2962.233556, 265.607877, 1.000000, -1.#QNAN0
2962.290503, 265.565102, 1.000000, -1.#QNAN0
2962.340321, 265.512835, 1.000000, -1.#QNAN0
2962.397268, 265.470059, 1.000000, -1.#QNAN0
2962.694661, 265.246280, 1.000000, -1.#QNAN0
2962.751572, 265.203457, 1.000000, -1.#QNAN0
2962.808483, 265.160633, 1.000000, -1.#QNAN0
2962.865394, 265.117809, 1.000000, -1.#QNAN0
2963.158069, 264.881399, 1.000000, -1.#QNAN0
2963.214850, 264.838403, 1.000000, -1.#QNAN0
2963.271631, 264.795407, 1.000000, -1.#QNAN0
2963.321246, 264.742948, 1.000000, -1.#QNAN0
2963.620645, 264.514907, 1.000000, -1.#QNAN0
2963.670090, 264.462287, 1.000000, -1.#QNAN0
2963.726731, 264.419107, 1.000000, -1.#QNAN0
2963.783372, 264.375927, 1.000000, -1.#QNAN0
2963.840013, 264.332746, 1.000000, -1.#QNAN0
2964.138675, 264.103484, 1.000000, -1.#QNAN0
2964.195171, 264.060113, 1.000000, -1.#QNAN0
2964.251667, 264.016743, 1.000000, -1.#QNAN0
2964.308162, 263.973373, 1.000000, -1.#QNAN0
2964.606106, 263.743167, 1.000000, -1.#QNAN0
2964.662455, 263.699607, 1.000000, -1.#QNAN0
2964.726064, 263.665439, 1.000000, -1.#QNAN0
2964.782414, 263.621879, 1.000000, -1.#QNAN0
2965.079820, 263.390531, 1.000000, -1.#QNAN0
2965.136017, 263.346775, 1.000000, -1.#QNAN0
2965.199506, 263.312384, 1.000000, -1.#QNAN0
2965.255703, 263.268627, 1.000000, -1.#QNAN0
2965.311900, 263.224870, 1.000000, -1.#QNAN0
2965.608589, 262.992132, 1.000000, -1.#QNAN0
2965.671953, 262.957510, 1.000000, -1.#QNAN0
2965.727990, 262.913549, 1.000000, -1.#QNAN0
2965.784027, 262.869588, 1.000000, -1.#QNAN0
2966.086795, 262.645732, 1.000000, -1.#QNAN0
2966.142691, 262.601592, 1.000000, -1.#QNAN0
2966.205943, 262.566767, 1.000000, -1.#QNAN0
2966.269196, 262.531943, 1.000000, -1.#QNAN0
2966.568072, 262.310849, 1.000000, -1.#QNAN0
2966.631308, 262.275994, 1.000000, -1.#QNAN0
2966.694543, 262.241139, 1.000000, -1.#QNAN0
2966.757779, 262.206283, 1.000000, -1.#QNAN0
2966.813653, 262.162116, 1.000000, -1.#QNAN0
2967.104457, 261.932241, 1.000000, -1.#QNAN0
2967.167693, 261.897386, 1.000000, -1.#QNAN0
2967.223567, 261.853218, 1.000000, -1.#QNAN0
2967.272080, 261.799738, 1.000000, -1.#QNAN0
2967.555523, 261.560550, 1.000000, -1.#QNAN0
2967.604036, 261.507070, 1.000000, -1.#QNAN0
2967.645188, 261.444278, 1.000000, -1.#QNAN0
2967.701063, 261.400110, 1.000000, -1.#QNAN0
2967.991867, 261.170235, 1.000000, -1.#QNAN0
2968.047741, 261.126068, 1.000000, -1.#QNAN0
2968.110977, 261.091212, 1.000000, -1.#QNAN0
2968.166851, 261.047045, 1.000000, -1.#QNAN0
2968.222725, 261.002877, 1.000000, -1.#QNAN0
2968.506168, 260.763690, 1.000000, -1.#QNAN0
2968.562042, 260.719522, 1.000000, -1.#QNAN0
2968.617917, 260.675355, 1.000000, -1.#QNAN0
2968.673791, 260.631187, 1.000000, -1.#QNAN0
2968.964596, 260.401312, 1.000000, -1.#QNAN0
2969.020470, 260.357144, 1.000000, -1.#QNAN0
2969.076344, 260.312976, 1.000000, -1.#QNAN0
2969.132219, 260.268809, 1.000000, -1.#QNAN0
2969.423023, 260.038934, 1.000000, -1.#QNAN0
2969.478897, 259.994766, 1.000000, -1.#QNAN0
2969.534771, 259.950599, 1.000000, -1.#QNAN0
2969.583284, 259.897119, 1.000000, -1.#QNAN0
2969.646520, 259.862263, 1.000000, -1.#QNAN0
2969.952047, 259.651013, 1.000000, -1.#QNAN0
2970.007921, 259.606846, 1.000000, -1.#QNAN0
2970.063795, 259.562678, 1.000000, -1.#QNAN0
2970.119670, 259.518510, 1.000000, -1.#QNAN0
2970.417835, 259.297947, 1.000000, -1.#QNAN0
2970.481071, 259.263092, 1.000000, -1.#QNAN0
2970.544307, 259.228237, 1.000000, -1.#QNAN0
2970.607542, 259.193382, 1.000000, -1.#QNAN0
2970.900142, 258.962087, 1.000000, -1.#QNAN0
2970.956016, 258.917920, 1.000000, -1.#QNAN0
2971.019252, 258.883064, 1.000000, -1.#QNAN0
2971.075126, 258.838897, 1.000000, -1.#QNAN0
2971.131001, 258.794729, 1.000000, -1.#QNAN0
2971.426322, 258.561284, 1.000000, -1.#QNAN0
2971.489557, 258.526429, 1.000000, -1.#QNAN0
2971.545431, 258.482261, 1.000000, -1.#QNAN0
2971.601306, 258.438093, 1.000000, -1.#QNAN0
2971.899348, 258.202497, 1.000000, -1.#QNAN0
2971.955222, 258.158329, 1.000000, -1.#QNAN0
2972.003736, 258.104849, 1.000000, -1.#QNAN0
2972.052249, 258.051369, 1.000000, -1.#QNAN0
2972.353011, 257.813622, 1.000000, -1.#QNAN0
2972.408886, 257.769454, 1.000000, -1.#QNAN0
2972.464760, 257.725287, 1.000000, -1.#QNAN0
2972.520634, 257.681119, 1.000000, -1.#QNAN0
2972.576509, 257.636951, 1.000000, -1.#QNAN0
2972.870680, 257.404415, 1.000000, -1.#QNAN0
2972.926555, 257.360247, 1.000000, -1.#QNAN0
2972.982429, 257.316079, 1.000000, -1.#QNAN0
2973.038303, 257.271912, 1.000000, -1.#QNAN0
2973.335196, 257.037223, 1.000000, -1.#QNAN0
2973.391071, 256.993056, 1.000000, -1.#QNAN0
2973.446945, 256.948888, 1.000000, -1.#QNAN0
2973.502819, 256.904721, 1.000000, -1.#QNAN0
2973.566055, 256.869865, 1.000000, -1.#QNAN0
2973.865668, 256.633027, 1.000000, -1.#QNAN0
2973.921543, 256.588859, 1.000000, -1.#QNAN0
2973.977417, 256.544692, 1.000000, -1.#QNAN0
2974.033291, 256.500524, 1.000000, -1.#QNAN0
2974.333830, 256.262954, 1.000000, -1.#QNAN0
2974.389704, 256.218786, 1.000000, -1.#QNAN0
2974.445579, 256.174619, 1.000000, -1.#QNAN0
2974.501453, 256.130451, 1.000000, -1.#QNAN0
2974.557328, 256.086283, 1.000000, -1.#QNAN0
2974.857867, 255.848713, 1.000000, -1.#QNAN0
2974.913741, 255.804545, 1.000000, -1.#QNAN0
2974.969615, 255.760378, 1.000000, -1.#QNAN0
2975.025490, 255.716210, 1.000000, -1.#QNAN0
2975.326028, 255.478640, 1.000000, -1.#QNAN0
2975.381903, 255.434473, 1.000000, -1.#QNAN0
2975.437777, 255.390305, 1.000000, -1.#QNAN0
2975.493651, 255.346137, 1.000000, -1.#QNAN0
2975.542164, 255.292657, 1.000000, -1.#QNAN0
2975.842703, 255.055087, 1.000000, -1.#QNAN0
2975.891216, 255.001607, 1.000000, -1.#QNAN0
2975.947091, 254.957440, 1.000000, -1.#QNAN0
2976.002965, 254.913272, 1.000000, -1.#QNAN0
2976.303504, 254.675702, 1.000000, -1.#QNAN0
2976.359379, 254.631534, 1.000000, -1.#QNAN0
2976.415253, 254.587366, 1.000000, -1.#QNAN0
2976.471127, 254.543199, 1.000000, -1.#QNAN0
2976.519640, 254.489719, 1.000000, -1.#QNAN0
2976.820211, 254.252111, 1.000000, -1.#QNAN0
2976.876084, 254.207941, 1.000000, -1.#QNAN0
2976.924596, 254.154460, 1.000000, -1.#QNAN0
2976.980469, 254.110291, 1.000000, -1.#QNAN0
2977.281172, 253.872517, 1.000000, -1.#QNAN0
2977.337039, 253.828340, 1.000000, -1.#QNAN0
2977.392906, 253.784164, 1.000000, -1.#QNAN0
2977.441410, 253.730676, 1.000000, -1.#QNAN0
2977.497277, 253.686499, 1.000000, -1.#QNAN0
2977.797997, 253.448615, 1.000000, -1.#QNAN0
2977.853856, 253.404428, 1.000000, -1.#QNAN0
2977.909715, 253.360241, 1.000000, -1.#QNAN0
2977.965574, 253.316054, 1.000000, -1.#QNAN0
2978.266249, 253.078125, 1.000000, -1.#QNAN0
2978.322100, 253.033928, 1.000000, -1.#QNAN0
2978.377951, 252.989731, 1.000000, -1.#QNAN0
2978.433802, 252.945533, 1.000000, -1.#QNAN0
2978.489653, 252.901336, 1.000000, -1.#QNAN0
2978.790278, 252.663352, 1.000000, -1.#QNAN0
2978.846122, 252.619145, 1.000000, -1.#QNAN0
2978.901965, 252.574938, 1.000000, -1.#QNAN0
2978.957808, 252.530731, 1.000000, -1.#QNAN0
2979.258392, 252.292702, 1.000000, -1.#QNAN0
2979.314227, 252.248485, 1.000000, -1.#QNAN0
2979.370062, 252.204269, 1.000000, -1.#QNAN0
2979.425898, 252.160052, 1.000000, -1.#QNAN0
2979.481733, 252.115835, 1.000000, -1.#QNAN0
2979.789639, 251.887058, 1.000000, -1.#QNAN0
2979.845466, 251.842831, 1.000000, -1.#QNAN0
2979.901294, 251.798605, 1.000000, -1.#QNAN0
2979.957122, 251.754379, 1.000000, -1.#QNAN0
2980.257570, 251.516307, 1.000000, -1.#QNAN0
2980.313392, 251.472074, 1.000000, -1.#QNAN0
2980.369214, 251.427840, 1.000000, -1.#QNAN0
2980.425036, 251.383606, 1.000000, -1.#QNAN0
2980.480858, 251.339373, 1.000000, -1.#QNAN0
2980.781161, 251.101393, 1.000000, -1.#QNAN0
2980.836981, 251.057157, 1.000000, -1.#QNAN0
2980.892801, 251.012921, 1.000000, -1.#QNAN0
2980.948622, 250.968685, 1.000000, -1.#QNAN0
2981.241497, 250.721445, 1.000000, -1.#QNAN0
2981.297318, 250.677209, 1.000000, -1.#QNAN0
2981.353138, 250.632973, 1.000000, -1.#QNAN0
2981.408959, 250.588738, 1.000000, -1.#QNAN0
2981.464779, 250.544502, 1.000000, -1.#QNAN0
2981.757655, 250.297262, 1.000000, -1.#QNAN0
2981.813475, 250.253026, 1.000000, -1.#QNAN0
2981.869295, 250.208790, 1.000000, -1.#QNAN0
2981.925116, 250.164554, 1.000000, -1.#QNAN0
2982.225365, 249.926617, 1.000000, -1.#QNAN0
2982.273812, 249.873078, 1.000000, -1.#QNAN0
2982.329633, 249.828842, 1.000000, -1.#QNAN0
2982.385453, 249.784606, 1.000000, -1.#QNAN0
2982.441273, 249.740370, 1.000000, -1.#QNAN0
2982.741522, 249.502433, 1.000000, -1.#QNAN0
2982.797342, 249.458198, 1.000000, -1.#QNAN0
2982.853162, 249.413962, 1.000000, -1.#QNAN0
2982.908983, 249.369726, 1.000000, -1.#QNAN0
2983.216604, 249.141093, 1.000000, -1.#QNAN0
2983.279797, 249.106160, 1.000000, -1.#QNAN0
2983.335617, 249.061924, 1.000000, -1.#QNAN0
2983.391437, 249.017689, 1.000000, -1.#QNAN0
2983.447258, 248.973453, 1.000000, -1.#QNAN0
2983.747507, 248.735515, 1.000000, -1.#QNAN0
2983.803327, 248.691280, 1.000000, -1.#QNAN0
2983.859147, 248.647044, 1.000000, -1.#QNAN0
2983.914968, 248.602808, 1.000000, -1.#QNAN0
2984.215216, 248.364871, 1.000000, -1.#QNAN0
2984.271036, 248.320635, 1.000000, -1.#QNAN0
2984.334229, 248.285703, 1.000000, -1.#QNAN0
2984.390050, 248.241467, 1.000000, -1.#QNAN0
2984.445870, 248.197231, 1.000000, -1.#QNAN0
2984.738746, 247.949991, 1.000000, -1.#QNAN0
2984.794566, 247.905755, 1.000000, -1.#QNAN0
2984.857759, 247.870823, 1.000000, -1.#QNAN0
2984.913580, 247.826587, 1.000000, -1.#QNAN0
2985.213828, 247.588650, 1.000000, -1.#QNAN0
2985.269649, 247.544414, 1.000000, -1.#QNAN0
2985.325469, 247.500178, 1.000000, -1.#QNAN0
2985.381290, 247.455942, 1.000000, -1.#QNAN0
2985.437110, 247.411707, 1.000000, -1.#QNAN0
2985.737342, 247.173782, 1.000000, -1.#QNAN0
2985.793163, 247.129547, 1.000000, -1.#QNAN0
2985.848983, 247.085311, 1.000000, -1.#QNAN0
2985.904803, 247.041075, 1.000000, -1.#QNAN0
2986.205116, 246.803087, 1.000000, -1.#QNAN0
2986.260936, 246.758851, 1.000000, -1.#QNAN0
2986.316757, 246.714616, 1.000000, -1.#QNAN0
2986.379950, 246.679683, 1.000000, -1.#QNAN0
2986.435770, 246.635447, 1.000000, -1.#QNAN0
2986.736267, 246.397314, 1.000000, -1.#QNAN0
2986.792087, 246.353078, 1.000000, -1.#QNAN0
2986.847908, 246.308842, 1.000000, -1.#QNAN0
2986.911101, 246.273910, 1.000000, -1.#QNAN0
2987.211883, 246.035549, 1.000000, -1.#QNAN0
2987.267703, 245.991314, 1.000000, -1.#QNAN0
2987.330896, 245.956381, 1.000000, -1.#QNAN0
2987.386717, 245.912145, 1.000000, -1.#QNAN0
2987.442537, 245.867910, 1.000000, -1.#QNAN0
2987.743709, 245.629241, 1.000000, -1.#QNAN0
2987.799529, 245.585005, 1.000000, -1.#QNAN0
2987.855350, 245.540769, 1.000000, -1.#QNAN0
2987.911170, 245.496534, 1.000000, -1.#QNAN0
2988.220207, 245.266778, 1.000000, -1.#QNAN0
2988.276027, 245.222542, 1.000000, -1.#QNAN0
2988.331847, 245.178307, 1.000000, -1.#QNAN0
2988.387668, 245.134071, 1.000000, -1.#QNAN0
2988.436115, 245.080532, 1.000000, -1.#QNAN0
2988.738373, 244.841003, 1.000000, -1.#QNAN0
2988.794193, 244.796767, 1.000000, -1.#QNAN0
2988.850014, 244.752531, 1.000000, -1.#QNAN0
2988.905834, 244.708295, 1.000000, -1.#QNAN0
2989.208157, 244.468715, 1.000000, -1.#QNAN0
2989.263977, 244.424479, 1.000000, -1.#QNAN0
2989.319797, 244.380243, 1.000000, -1.#QNAN0
2989.382990, 244.345311, 1.000000, -1.#QNAN0
2989.438811, 244.301075, 1.000000, -1.#QNAN0
2989.741134, 244.061494, 1.000000, -1.#QNAN0
2989.796954, 244.017258, 1.000000, -1.#QNAN0
2989.852774, 243.973022, 1.000000, -1.#QNAN0
2989.908595, 243.928786, 1.000000, -1.#QNAN0
2990.210917, 243.689206, 1.000000, -1.#QNAN0
2990.259365, 243.635666, 1.000000, -1.#QNAN0
2990.315185, 243.591431, 1.000000, -1.#QNAN0
2990.371006, 243.547195, 1.000000, -1.#QNAN0
2990.426826, 243.502959, 1.000000, -1.#QNAN0
2990.729149, 243.263378, 1.000000, -1.#QNAN0
2990.784969, 243.219143, 1.000000, -1.#QNAN0
2990.848162, 243.184210, 1.000000, -1.#QNAN0
2990.896610, 243.130671, 1.000000, -1.#QNAN0
2991.198933, 242.891090, 1.000000, -1.#QNAN0
2991.254753, 242.846854, 1.000000, -1.#QNAN0
2991.310574, 242.802618, 1.000000, -1.#QNAN0
2991.366394, 242.758383, 1.000000, -1.#QNAN0
2991.422214, 242.714147, 1.000000, -1.#QNAN0
2991.730626, 242.467264, 1.000000, -1.#QNAN0
2991.786226, 242.422751, 1.000000, -1.#QNAN0
2991.841826, 242.378238, 1.000000, -1.#QNAN0
2991.897426, 242.333725, 1.000000, -1.#QNAN0
2992.215339, 242.072886, 1.000000, -1.#QNAN0
2992.262784, 242.018456, 1.000000, -1.#QNAN0
2992.302685, 241.954862, 1.000000, -1.#QNAN0
2992.350130, 241.900432, 1.000000, -1.#QNAN0
2992.397575, 241.846003, 1.000000, -1.#QNAN0
2992.711988, 241.579713, 1.000000, -1.#QNAN0
2992.773992, 241.542711, 1.000000, -1.#QNAN0
2992.828320, 241.496655, 1.000000, -1.#QNAN0
2992.874972, 241.441544, 1.000000, -1.#QNAN0
2993.178007, 241.162201, 1.000000, -1.#QNAN0
2993.223857, 241.106421, 1.000000, -1.#QNAN0
2993.277513, 241.059584, 1.000000, -1.#QNAN0
2993.331170, 241.012747, 1.000000, -1.#QNAN0
2993.384826, 240.965910, 1.000000, -1.#QNAN0
2993.691098, 240.690919, 1.000000, -1.#QNAN0
2993.752007, 240.652141, 1.000000, -1.#QNAN0
2993.820851, 240.622192, 1.000000, -1.#QNAN0
2993.873825, 240.574585, 1.000000, -1.#QNAN0
2994.176784, 240.295285, 1.000000, -1.#QNAN0
2994.221006, 240.238205, 1.000000, -1.#QNAN0
2994.265228, 240.181126, 1.000000, -1.#QNAN0
2994.317511, 240.132761, 1.000000, -1.#QNAN0
2994.377855, 240.093109, 1.000000, -1.#QNAN0
2994.676238, 239.809281, 1.000000, -1.#QNAN0
2994.727821, 239.760169, 1.000000, -1.#QNAN0
2994.779404, 239.711058, 1.000000, -1.#QNAN0
2994.830987, 239.661946, 1.000000, -1.#QNAN0
2995.111855, 239.373618, 1.000000, -1.#QNAN0
2995.154723, 239.315514, 1.000000, -1.#QNAN0
2995.197591, 239.257411, 1.000000, -1.#QNAN0
2995.240459, 239.199308, 1.000000, -1.#QNAN0
2995.283326, 239.141205, 1.000000, -1.#QNAN0
2995.561101, 238.871390, 1.000000, -1.#QNAN0
2995.612190, 238.821765, 1.000000, -1.#QNAN0
2995.663279, 238.772140, 1.000000, -1.#QNAN0
2995.714368, 238.722515, 1.000000, -1.#QNAN0
2995.999334, 238.462263, 1.000000, -1.#QNAN0
2996.058694, 238.421153, 1.000000, -1.#QNAN0
2996.126324, 238.388558, 1.000000, -1.#QNAN0
2996.185684, 238.347448, 1.000000, -1.#QNAN0
2996.245044, 238.306337, 1.000000, -1.#QNAN0
2996.530010, 238.046085, 1.000000, -1.#QNAN0
2996.581099, 237.996460, 1.000000, -1.#QNAN0
2996.640458, 237.955350, 1.000000, -1.#QNAN0
2996.699818, 237.914240, 1.000000, -1.#QNAN0
2996.976514, 237.645473, 1.000000, -1.#QNAN0
2997.027602, 237.595848, 1.000000, -1.#QNAN0
2997.070421, 237.537708, 1.000000, -1.#QNAN0
2997.113239, 237.479568, 1.000000, -1.#QNAN0
2997.156057, 237.421428, 1.000000, -1.#QNAN0
2997.432752, 237.152662, 1.000000, -1.#QNAN0
2997.483841, 237.103037, 1.000000, -1.#QNAN0
2997.534929, 237.053412, 1.000000, -1.#QNAN0
2997.586018, 237.003787, 1.000000, -1.#QNAN0
2997.854443, 236.726505, 1.000000, -1.#QNAN0
2997.905532, 236.676880, 1.000000, -1.#QNAN0
2997.948350, 236.618740, 1.000000, -1.#QNAN0
2997.991168, 236.560600, 1.000000, -1.#QNAN0
2998.042257, 236.510975, 1.000000, -1.#QNAN0
2998.310681, 236.233693, 1.000000, -1.#QNAN0
2998.361770, 236.184068, 1.000000, -1.#QNAN0
2998.412859, 236.134443, 1.000000, -1.#QNAN0
2998.463948, 236.084818, 1.000000, -1.#QNAN0
2998.732372, 235.807537, 1.000000, -1.#QNAN0
2998.783461, 235.757912, 1.000000, -1.#QNAN0
2998.834550, 235.708287, 1.000000, -1.#QNAN0
2998.885639, 235.658662, 1.000000, -1.#QNAN0
2998.936728, 235.609037, 1.000000, -1.#QNAN0
2999.213423, 235.340270, 1.000000, -1.#QNAN0
2999.264512, 235.290645, 1.000000, -1.#QNAN0
2999.315601, 235.241020, 1.000000, -1.#QNAN0
2999.366690, 235.191395, 1.000000, -1.#QNAN0
2999.643385, 234.922628, 1.000000, -1.#QNAN0
2999.694474, 234.873003, 1.000000, -1.#QNAN0
2999.745563, 234.823377, 1.000000, -1.#QNAN0
2999.796652, 234.773752, 1.000000, -1.#QNAN0
2998.615386, 233.455420, -1.000000, -1.#QNAN0
2897.787545, 297.531519, 0.000000, 0.000000
2897.851913, 297.501032, 0.000000, 0.000000
2897.916282, 297.470545, 0.000000, 0.000000
2898.284641, 297.296078, 0.000000, 0.000000
2898.349009, 297.265591, 0.000000, 0.000000
2898.413377, 297.235104, 0.000000, 0.000000
2898.477746, 297.204618, 0.000000, 0.000000
2898.846105, 297.030151, 0.000000, 0.000000
2898.910473, 296.999664, 0.000000, 0.000000
2898.974841, 296.969177, 0.000000, 0.000000
2899.039210, 296.938690, 0.000000, 0.000000
2899.103578, 296.908203, 0.000000, 0.000000
2899.471938, 296.733736, 0.000000, 0.000000
2899.536306, 296.703249, 0.000000, 0.000000
2899.600675, 296.672762, 0.000000, 0.000000
2899.665043, 296.642275, 0.000000, 0.000000
2899.729411, 296.611788, 0.000000, 0.000000
2900.097770, 296.437321, 0.000000, 0.000000
2900.157057, 296.396106, 0.000000, 0.000000
2900.221426, 296.365619, 0.000000, 0.000000
2900.285794, 296.335132, 0.000000, 0.000000
2900.350162, 296.304646, 0.000000, 0.000000
2900.718521, 296.130179, 0.000000, 0.000000
2900.782890, 296.099692, 0.000000, 0.000000
2900.847258, 296.069205, 0.000000, 0.000000
2900.911626, 296.038718, 0.000000, 0.000000
2900.975994, 296.008231, 0.000000, 0.000000
2901.344354, 295.833764, 0.000000, 0.000000
2901.408723, 295.803277, 0.000000, 0.000000
2901.473091, 295.772790, 0.000000, 0.000000
2901.537459, 295.742303, 0.000000, 0.000000
2901.601827, 295.711816, 0.000000, 0.000000
2901.967882, 295.538441, 0.000000, 0.000000
2902.032251, 295.507954, 0.000000, 0.000000
2902.096619, 295.477467, 0.000000, 0.000000
2902.160987, 295.446980, 0.000000, 0.000000
2902.521588, 295.276188, 0.000000, 0.000000
2902.585956, 295.245701, 0.000000, 0.000000
2902.650325, 295.215214, 1.000000, 0.000000
2902.714693, 295.184727, 1.000000, 0.000000
2902.779061, 295.154240, 1.000000, 0.000000
2903.144982, 294.980928, 1.000000, 0.000000
2903.209350, 294.950441, 1.000000, 0.000000
2903.273718, 294.919954, 1.000000, 0.000000
2903.338086, 294.889467, 1.000000, 0.000000
2903.402455, 294.858981, 1.000000, 0.000000
2903.763013, 294.688208, 1.000000, 0.000000
2903.827381, 294.657721, 1.000000, 0.000000
2903.891750, 294.627235, 1.000000, 0.000000
2903.961199, 294.607476, 1.000000, 0.000000
2904.025567, 294.576989, 1.000000, 0.000000
2904.380812, 294.408733, 1.000000, 0.000000
2904.445181, 294.378246, 1.000000, 0.000000
2904.509549, 294.347759, 1.000000, 0.000000
2904.573917, 294.317273, 1.000000, 0.000000
2904.923899, 294.151510, 1.000000, 0.000000
2904.988267, 294.121023, 1.000000, 0.000000
2905.052635, 294.090536, 1.000000, 0.000000
2905.117003, 294.060049, 1.000000, 0.000000
2905.181372, 294.029562, 1.000000, 0.000000
2905.536868, 293.861188, 1.000000, 0.000000
2905.601236, 293.830701, 1.000000, 0.000000
2905.670686, 293.810942, 1.000000, 0.000000
2905.735054, 293.780455, 1.000000, 0.000000
2906.087550, 293.613501, 1.000000, 0.000000
2906.151919, 293.583014, 1.000000, 0.000000
2906.216287, 293.552527, 1.000000, 0.000000
2906.280655, 293.522041, 1.000000, 0.000000
2906.345023, 293.491554, 1.000000, 0.000000
2906.702601, 293.335328, 1.000000, 0.000000
2906.766970, 293.304841, 1.000000, 0.000000
2906.831338, 293.274354, 1.000000, 0.000000
2906.900787, 293.254595, 1.000000, 0.000000
2907.253284, 293.087641, 1.000000, 0.000000
2907.317652, 293.057154, 1.000000, 0.000000
2907.382020, 293.026668, 1.000000, 0.000000
2907.446388, 292.996181, 1.000000, 0.000000
2907.510757, 292.965694, 1.000000, 0.000000
2907.863253, 292.798740, 1.000000, 0.000000
2907.927621, 292.768253, 1.000000, 0.000000
2907.991990, 292.737766, 1.000000, 0.000000
2908.061439, 292.718007, 1.000000, 0.000000
2908.413936, 292.551053, 1.000000, 0.000000
2908.483385, 292.531294, 1.000000, 0.000000
2908.552835, 292.511536, 1.000000, 0.000000
2908.617203, 292.481049, 0.000000, 0.000000
2908.681571, 292.450562, 0.000000, 0.000000
2909.027982, 292.285466, 0.000000, 0.000000
2909.092272, 292.254815, 0.000000, 0.000000
2909.156562, 292.224165, 0.000000, 0.000000
2909.220852, 292.193514, 0.000000, 0.000000
2909.557185, 292.030792, 0.000000, 0.000000
2909.621270, 291.999715, 0.000000, 0.000000
2909.685356, 291.968637, 0.000000, 0.000000
2909.749441, 291.937560, 0.000000, 0.000000
2909.818706, 291.917164, 0.000000, 0.000000
2910.150111, 291.753188, 0.000000, 0.000000
2910.213937, 291.721583, 0.000000, 0.000000
2910.277764, 291.689978, 0.000000, 0.000000
2910.341591, 291.658373, 0.000000, 0.000000
2910.671236, 291.492114, 0.000000, 0.000000
2910.734792, 291.459969, 0.000000, 0.000000
2910.798349, 291.427824, 0.000000, 0.000000
2910.861905, 291.395680, 0.000000, 0.000000
2910.925462, 291.363535, 0.000000, 0.000000
2911.253007, 291.194404, 0.000000, 0.000000
2911.316281, 291.161707, 0.000000, 0.000000
2911.379555, 291.129010, 0.000000, 0.000000
2911.442829, 291.096313, 0.000000, 0.000000
2911.768481, 290.924814, 0.000000, 0.000000
2911.831461, 290.891553, 0.000000, 0.000000
2911.894440, 290.858291, 0.000000, 0.000000
2911.957419, 290.825030, 0.000000, 0.000000
2912.020399, 290.791768, 0.000000, 0.000000
2912.349425, 290.627734, 0.000000, 0.000000
2912.412096, 290.593895, 0.000000, 0.000000
2912.474767, 290.560057, 0.000000, 0.000000
2912.537438, 290.526218, 0.000000, 0.000000
2912.863410, 290.347482, 0.000000, 0.000000
2912.925827, 290.313176, 0.000000, 0.000000
2912.988243, 290.278870, 0.000000, 0.000000
2913.050660, 290.244564, 0.000000, 0.000000
2913.113076, 290.210258, 0.000000, 0.000000
2913.448295, 290.024835, 0.000000, 0.000000
2913.510614, 289.990352, 0.000000, 0.000000
2913.572932, 289.955869, 0.000000, 0.000000
2913.635251, 289.921386, 0.000000, 0.000000
2913.976522, 289.732548, 0.000000, 0.000000
2914.038841, 289.698064, 0.000000, 0.000000
2914.101160, 289.663581, 0.000000, 0.000000
2914.163479, 289.629098, 0.000000, 0.000000
2914.225797, 289.594615, 0.000000, 0.000000
2914.567069, 289.405777, 0.000000, 0.000000
2914.635135, 289.381680, 0.000000, 0.000000
2914.697454, 289.347197, 0.000000, 0.000000
2914.759772, 289.312713, 0.000000, 0.000000
2915.101044, 289.123875, 0.000000, 0.000000
2915.163363, 289.089392, 0.000000, 0.000000
2915.225682, 289.054909, 0.000000, 0.000000
2915.288001, 289.020425, 0.000000, 0.000000
2915.350319, 288.985942, 0.000000, 0.000000
2915.691591, 288.797104, 0.000000, 0.000000
2915.753910, 288.762621, 0.000000, 0.000000
2915.816228, 288.728138, 0.000000, 0.000000
2915.878547, 288.693654, 0.000000, 0.000000
2916.219819, 288.504816, 0.000000, 0.000000
2916.282137, 288.470333, 0.000000, 0.000000
2916.344456, 288.435850, 0.000000, 0.000000
2916.406775, 288.401367, 0.000000, 0.000000
2916.469094, 288.366883, 0.000000, 0.000000
2916.810366, 288.178045, 0.000000, 0.000000
2916.872684, 288.143562, 0.000000, 0.000000
2916.940750, 288.119465, 0.000000, 0.000000
2917.003069, 288.084982, 0.000000, 0.000000
2917.344340, 287.896144, 0.000000, 0.000000
2917.406659, 287.861661, 0.000000, 0.000000
2917.468978, 287.827177, 0.000000, 0.000000
2917.531297, 287.792694, 0.000000, 0.000000
2917.593615, 287.758211, 0.000000, 0.000000
2917.934887, 287.569373, 0.000000, 0.000000
2917.997206, 287.534890, 0.000000, 0.000000
2918.065272, 287.510793, 1.000000, 0.000000
2918.127591, 287.476310, 1.000000, 0.000000
2918.468862, 287.287471, 1.000000, 0.000000
2918.531181, 287.252988, 1.000000, 0.000000
2918.599247, 287.228891, 1.000000, 0.000000
2918.661566, 287.194408, 1.000000, 0.000000
2918.723885, 287.159925, 1.000000, 0.000000
2919.066388, 286.970405, 1.000000, 0.000000
2919.128707, 286.935922, 1.000000, 0.000000
2919.191025, 286.901439, 1.000000, 0.000000
2919.253344, 286.866955, 1.000000, 0.000000
2919.591330, 286.679935, 1.000000, 0.000000
2919.653649, 286.645452, 1.000000, 0.000000
2919.715968, 286.610969, 1.000000, 0.000000
2919.778286, 286.576486, 1.000000, 0.000000
2919.840605, 286.542002, 1.000000, 0.000000
2920.184466, 286.351731, 1.000000, 0.000000
2920.241038, 286.306862, 1.000000, 0.000000
2920.303357, 286.272379, 1.000000, 0.000000
2920.365675, 286.237895, 1.000000, 0.000000
2920.427994, 286.203412, 1.000000, 0.000000
2920.771987, 285.999502, 1.000000, 0.000000
2920.834305, 285.965018, 1.000000, 0.000000
2920.902371, 285.940922, 1.000000, 0.000000
2920.964690, 285.906438, 1.000000, 0.000000
2921.320315, 285.709658, 1.000000, 0.000000
2921.382634, 285.675175, 1.000000, 0.000000
2921.439205, 285.630305, 1.000000, 0.000000
2921.501524, 285.595822, 1.000000, 0.000000
2921.563843, 285.561339, 1.000000, 0.000000
2921.914971, 285.367047, 1.000000, 0.000000
2921.977289, 285.332564, 1.000000, 0.000000
2922.039608, 285.298080, 1.000000, 0.000000
2922.101927, 285.263597, 1.000000, 0.000000
2922.164246, 285.229114, 1.000000, 0.000000
2922.521267, 285.031561, 1.000000, 0.000000
2922.577839, 284.986691, 0.000000, 0.000000
2922.640158, 284.952208, 0.000000, 0.000000
2922.702476, 284.917725, 0.000000, 0.000000
2922.770542, 284.893628, 0.000000, 0.000000
2923.132224, 284.693496, 0.000000, 0.000000
2923.194542, 284.659013, 0.000000, 0.000000
2923.256861, 284.624530, 0.000000, 0.000000
2923.319180, 284.590046, 0.000000, 0.000000
2923.387246, 284.565950, 0.000000, 0.000000
2923.748928, 284.365818, 0.000000, 0.000000
2923.811247, 284.331335, 0.000000, 0.000000
2923.873565, 284.296851, 0.000000, 0.000000
2923.935884, 284.262368, 0.000000, 0.000000
2924.297565, 284.062237, 0.000000, 0.000000
2924.365631, 284.038140, 0.000000, 0.000000
2924.427950, 284.003657, 0.000000, 0.000000
2924.490269, 283.969173, 0.000000, 0.000000
2924.552588, 283.934690, 0.000000, 0.000000
2924.914269, 283.734559, 0.000000, 0.000000
2924.976588, 283.700075, 0.000000, 0.000000
2925.044654, 283.675979, 0.000000, 0.000000
2925.106972, 283.641495, 0.000000, 0.000000
2925.169291, 283.607012, 0.000000, 0.000000
2925.531099, 283.406835, 0.000000, 0.000000
2925.593419, 283.372355, 0.000000, 0.000000
2925.661486, 283.348262, 0.000000, 0.000000
2925.723807, 283.313782, 0.000000, 0.000000
2925.786128, 283.279302, 0.000000, 0.000000
2926.150243, 283.078328, 0.000000, 0.000000
2926.212600, 283.043915, 0.000000, 0.000000
2926.274958, 283.009502, 0.000000, 0.000000
2926.343051, 282.985481, 0.000000, 0.000000
2926.405408, 282.951068, 0.000000, 0.000000
2926.774687, 282.748783, 0.000000, 0.000000
2926.837156, 282.714573, 0.000000, 0.000000
2926.899625, 282.680363, 0.000000, 0.000000
2926.962094, 282.646153, 0.000000, 0.000000
2927.030265, 282.622355, 0.000000, 0.000000
2927.399961, 282.421401, 0.000000, 0.000000
2927.462538, 282.387389, 0.000000, 0.000000
2927.525115, 282.353376, 0.000000, 0.000000
2927.587692, 282.319364, 0.000000, 0.000000
2927.963355, 282.129937, 0.000000, 0.000000
2928.026036, 282.096117, 0.000000, 0.000000
2928.088716, 282.062296, 0.000000, 0.000000
2928.151397, 282.028476, 0.000000, 0.000000
2928.214078, 281.994655, 0.000000, 0.000000
2928.584495, 281.796037, 0.000000, 0.000000
2928.652882, 281.772866, 0.000000, 0.000000
2928.715663, 281.739232, 0.000000, 0.000000
2928.778444, 281.705598, 0.000000, 0.000000
2928.841225, 281.671963, 0.000000, 0.000000
2929.212020, 281.474561, 0.000000, 0.000000
2929.274897, 281.441108, 0.000000, 0.000000
2929.343351, 281.418134, 0.000000, 0.000000
2929.406228, 281.384681, 0.000000, 0.000000
2929.469106, 281.351228, 0.000000, 0.000000
2929.839827, 281.155149, 0.000000, 0.000000
2929.902792, 281.121860, 0.000000, 0.000000
2929.971305, 281.099064, 0.000000, 0.000000
2930.034269, 281.065775, 0.000000, 0.000000
2930.097234, 281.032486, 0.000000, 0.000000
2930.465828, 280.838259, 0.000000, 0.000000
2930.528840, 280.805059, 0.000000, 0.000000
2930.591852, 280.771859, 0.000000, 0.000000
2930.660397, 280.749161, 0.000000, 0.000000
2930.723409, 280.715962, 0.000000, 0.000000
2931.089114, 280.523278, 0.000000, 0.000000
2931.152126, 280.490079, 0.000000, 0.000000
2931.215138, 280.456879, 0.000000, 0.000000
2931.278150, 280.423679, 0.000000, 0.000000
2931.649388, 280.241498, 0.000000, 0.000000
2931.712400, 280.208299, 0.000000, 0.000000
2931.775411, 280.175099, 0.000000, 0.000000
2931.838423, 280.141899, 0.000000, 0.000000
2931.901435, 280.108699, 0.000000, 0.000000
2932.272673, 279.926519, 0.000000, 0.000000
2932.335685, 279.893319, 0.000000, 0.000000
2932.398697, 279.860119, 0.000000, 0.000000
2932.461708, 279.826919, 0.000000, 0.000000
2932.524720, 279.793720, 0.000000, 0.000000
2932.890426, 279.601036, 0.000000, 0.000000
2932.958971, 279.578339, 0.000000, 0.000000
2933.021983, 279.545139, 0.000000, 0.000000
2933.084994, 279.511939, 0.000000, 0.000000
2933.148006, 279.478739, 0.000000, 0.000000
2933.513711, 279.286057, 0.000000, 0.000000
2933.576723, 279.252857, 0.000000, 0.000000
2933.645268, 279.230159, 0.000000, 0.000000
2933.708280, 279.196959, 0.000000, 0.000000
2933.771292, 279.163760, 0.000000, 0.000000
2934.136996, 278.971077, 0.000000, 0.000000
2934.200008, 278.937877, 0.000000, 0.000000
2934.268553, 278.915179, 0.000000, 0.000000
2934.331565, 278.881979, 0.000000, 0.000000
2934.394577, 278.848780, 0.000000, 0.000000
2934.749216, 278.635093, 1.000000, 0.000000
2934.812228, 278.601893, 1.000000, 0.000000
2934.880773, 278.579195, 1.000000, 0.000000
2934.976984, 278.609007, 1.000000, 0.000000
2935.348222, 278.426826, 1.000000, 0.000000
2935.411234, 278.393627, 1.000000, 0.000000
2935.474246, 278.360427, 1.000000, 0.000000
2935.537258, 278.327227, 1.000000, 0.000000
2935.600270, 278.294027, 1.000000, 0.000000
2935.965974, 278.101345, 1.000000, 0.000000
2936.028986, 278.068145, 1.000000, 0.000000
2936.097531, 278.045447, 1.000000, 0.000000
2936.160543, 278.012247, 1.000000, 0.000000
2936.218022, 277.968546, 1.000000, 0.000000
2936.583727, 277.775862, 1.000000, 0.000000
2936.646739, 277.742663, 1.000000, 0.000000
2936.709751, 277.709463, 1.000000, 0.000000
2936.772762, 277.676263, 1.000000, 0.000000
2936.835774, 277.643063, 1.000000, 0.000000
2937.201479, 277.450381, 1.000000, 0.000000
2937.264491, 277.417181, 1.000000, 0.000000
2937.327503, 277.383981, 1.000000, 0.000000
2937.390515, 277.350781, 1.000000, 0.000000
2937.453526, 277.317582, 1.000000, 0.000000
2937.816002, 277.126600, 1.000000, 0.000000
2937.879014, 277.093400, 1.000000, 0.000000
2937.942026, 277.060201, 1.000000, 0.000000
2938.005037, 277.027001, 1.000000, 0.000000
2938.068049, 276.993801, 1.000000, 0.000000
2938.427380, 276.804477, 1.000000, 0.000000
2938.490392, 276.771277, 1.000000, 0.000000
2938.553404, 276.738077, 1.000000, 0.000000
2938.616416, 276.704877, 1.000000, 0.000000
2938.972903, 276.517051, 1.000000, 0.000000
2939.030382, 276.473349, 1.000000, 0.000000
2939.093394, 276.440149, 1.000000, 0.000000
2939.161939, 276.417451, 1.000000, 0.000000
2939.224951, 276.384252, 1.000000, 0.000000
2939.578904, 276.197761, 1.000000, 0.000000
2939.641916, 276.164561, 1.000000, 0.000000
2939.704927, 276.131361, 1.000000, 0.000000
2939.767939, 276.098161, 1.000000, 0.000000
2939.830951, 276.064962, 1.000000, 0.000000
2940.198716, 275.884611, 1.000000, 0.000000
2940.261728, 275.851411, 1.000000, 0.000000
2940.319207, 275.807709, 1.000000, 0.000000
2940.360085, 275.732502, 1.000000, 0.000000
2940.428630, 275.709804, 1.000000, 0.000000
2940.788953, 275.519957, 1.000000, 0.000000
2940.846431, 275.476255, 0.000000, 0.000000
2940.909443, 275.443055, 0.000000, 0.000000
2940.972455, 275.409856, 0.000000, 0.000000
2941.331187, 275.220847, 0.000000, 0.000000
2941.394198, 275.187647, 0.000000, 0.000000
2941.457210, 275.154447, 0.000000, 0.000000
2941.520222, 275.121247, 0.000000, 0.000000
2941.583234, 275.088048, 0.000000, 0.000000
2941.941881, 274.899083, 0.000000, 0.000000
2942.004893, 274.865884, 0.000000, 0.000000
2942.067905, 274.832684, 0.000000, 0.000000
2942.130917, 274.799484, 0.000000, 0.000000
2942.193928, 274.766284, 0.000000, 0.000000
2942.552575, 274.577321, 0.000000, 0.000000
2942.615587, 274.544121, 0.000000, 0.000000
2942.678598, 274.510921, 0.000000, 0.000000
2942.741610, 274.477721, 0.000000, 0.000000
2943.100257, 274.288757, 0.000000, 0.000000
2943.163268, 274.255558, 0.000000, 0.000000
2943.226280, 274.222358, 0.000000, 0.000000
2943.289292, 274.189158, 0.000000, 0.000000
2943.352304, 274.155958, 0.000000, 0.000000
2943.710951, 273.966994, 0.000000, 0.000000
2943.773963, 273.933794, 0.000000, 0.000000
2943.836975, 273.900595, 0.000000, 0.000000
2943.899987, 273.867395, 0.000000, 0.000000
2943.962998, 273.834195, 0.000000, 0.000000
2944.318374, 273.646278, 0.000000, 0.000000
2944.381335, 273.612982, 0.000000, 0.000000
2944.444296, 273.579686, 0.000000, 0.000000
2944.507257, 273.546390, 0.000000, 0.000000
2944.822739, 273.372103, 0.000000, 0.000000
2944.885009, 273.337533, 0.000000, 0.000000
2944.947280, 273.302962, 0.000000, 0.000000
2945.009550, 273.268392, 0.000000, 0.000000
2945.071820, 273.233821, 0.000000, 0.000000
2945.380160, 273.053975, 0.000000, 0.000000
2945.435670, 273.007798, 0.000000, 0.000000
2945.497167, 272.971870, 0.000000, 0.000000
2945.558664, 272.935943, 0.000000, 0.000000
2945.620162, 272.900015, 0.000000, 0.000000
2945.923313, 272.713406, 0.000000, 0.000000
2945.983996, 272.676119, 0.000000, 0.000000
2946.044679, 272.638832, 0.000000, 0.000000
2946.105361, 272.601545, 0.000000, 0.000000
2946.404240, 272.409401, 0.000000, 0.000000
2946.464067, 272.370756, 0.000000, 0.000000
2946.523893, 272.332110, 0.000000, 0.000000
2946.583720, 272.293464, 0.000000, 0.000000
2946.643547, 272.254818, 0.000000, 0.000000
2946.937178, 272.055788, 0.000000, 0.000000
2946.996107, 272.015788, 0.000000, 0.000000
2947.055036, 271.975787, 0.000000, 0.000000
2947.113966, 271.935786, 0.000000, 0.000000
2947.172895, 271.895786, 0.000000, 0.000000
2947.460994, 271.689952, 0.000000, 0.000000
2947.518983, 271.648600, 0.000000, 0.000000
2947.576973, 271.607248, 0.000000, 0.000000
2947.634962, 271.565897, 0.000000, 0.000000
2947.918720, 271.354428, 0.000000, 0.000000
2947.975735, 271.311743, 0.000000, 0.000000
2948.032750, 271.269057, 0.000000, 0.000000
2948.089765, 271.226372, 0.000000, 0.000000
2948.146779, 271.183687, 0.000000, 0.000000
2948.468375, 270.942246, 0.000000, 0.000000
2948.525328, 270.899477, 0.000000, 0.000000
2948.582280, 270.856709, 0.000000, 0.000000
2948.639233, 270.813940, 0.000000, 0.000000
2948.696185, 270.771172, 0.000000, 0.000000
2949.020331, 270.527752, 0.000000, 0.000000
2949.077283, 270.484984, 0.000000, 0.000000
2949.134235, 270.442215, 0.000000, 0.000000
2949.191188, 270.399446, 0.000000, 0.000000
2949.515341, 270.156022, 0.000000, 0.000000
2949.586549, 270.132237, 1.000000, 0.000000
2949.657758, 270.108452, 1.000000, 0.000000
2949.750350, 270.113144, 1.000000, 0.000000
2949.821559, 270.089359, 1.000000, 0.000000
2950.145712, 269.845934, 1.000000, 0.000000
2950.209793, 269.812657, 1.000000, 0.000000
2950.266745, 269.769889, 1.000000, 0.000000
2950.330825, 269.736612, 1.000000, 0.000000
2950.387778, 269.693843, 1.000000, 0.000000
2950.719059, 269.459911, 1.000000, 0.000000
2950.783139, 269.426634, 1.000000, 0.000000
2950.847219, 269.393357, 1.000000, 0.000000
2950.904172, 269.350589, 1.000000, 0.000000
2951.228325, 269.107164, 1.000000, 0.000000
2951.292405, 269.073887, 1.000000, 0.000000
2951.349357, 269.031118, 1.000000, 0.000000
2951.406309, 268.988350, 1.000000, 0.000000
2951.470390, 268.955073, 1.000000, 0.000000
2951.794543, 268.711648, 1.000000, 0.000000
2951.851496, 268.668879, 1.000000, 0.000000
2951.908448, 268.626110, 1.000000, 0.000000
2951.965400, 268.583342, 1.000000, 0.000000
2952.029480, 268.550065, 1.000000, 0.000000
2952.353633, 268.306640, 1.000000, 0.000000
2952.410586, 268.263872, 1.000000, 0.000000
2952.467538, 268.221103, 1.000000, 0.000000
2952.531618, 268.187826, 1.000000, 0.000000
2952.855771, 267.944401, 1.000000, 0.000000
2952.912723, 267.901633, 1.000000, 0.000000
2952.969676, 267.858864, 1.000000, 0.000000
2953.033756, 267.825587, 1.000000, 0.000000
2953.083580, 267.773327, 1.000000, 0.000000
2953.407734, 267.529901, 1.000000, 0.000000
2953.464686, 267.487133, 1.000000, 0.000000
2953.521638, 267.444364, 1.000000, 0.000000
2953.578590, 267.401595, 1.000000, 0.000000
2953.635543, 267.358827, 1.000000, 0.000000
2953.965619, 267.125799, 1.000000, 0.000000
2954.022571, 267.083030, 1.000000, 0.000000
2954.079523, 267.040262, 1.000000, 0.000000
2954.136475, 266.997493, 1.000000, 0.000000
2954.452731, 266.759998, 1.000000, 0.000000
2954.516811, 266.726722, 1.000000, 0.000000
2954.573764, 266.683953, 1.000000, 0.000000
2954.630716, 266.641184, 1.000000, 0.000000
2954.687668, 266.598416, 1.000000, 0.000000
2954.997238, 266.365942, 1.000000, 0.000000
2955.054190, 266.323174, 1.000000, 0.000000
2955.104014, 266.270913, 1.000000, 0.000000
2955.160967, 266.228144, 1.000000, 0.000000
2955.182278, 266.137915, 1.000000, 0.000000
2955.494659, 265.903331, 1.000000, 0.000000
2955.565868, 265.879546, 1.000000, 0.000000
2955.629948, 265.846269, 0.000000, 0.000000
2955.686900, 265.803501, 0.000000, 0.000000
2955.992607, 265.573928, 0.000000, 0.000000
2956.049560, 265.531159, 0.000000, 0.000000
2956.106512, 265.488390, 0.000000, 0.000000
2956.163464, 265.445622, 0.000000, 0.000000
2956.220416, 265.402853, 0.000000, 0.000000
2956.512329, 265.168795, 0.000000, 0.000000
2956.569281, 265.126026, 0.000000, 0.000000
2956.626233, 265.083257, 0.000000, 0.000000
2956.683185, 265.040489, 0.000000, 0.000000
2956.985056, 264.813797, 0.000000, 0.000000
2957.042009, 264.771028, 0.000000, 0.000000
2957.098961, 264.728259, 0.000000, 0.000000
2957.155913, 264.685491, 0.000000, 0.000000
2957.212865, 264.642722, 0.000000, 0.000000
2957.509280, 264.420127, 0.000000, 0.000000
2957.566232, 264.377359, 0.000000, 0.000000
2957.623185, 264.334590, 0.000000, 0.000000
2957.673009, 264.282329, 0.000000, 0.000000
2957.969424, 264.059734, 0.000000, 0.000000
2958.026376, 264.016966, 0.000000, 0.000000
2958.083328, 263.974197, 0.000000, 0.000000
2958.140281, 263.931428, 0.000000, 0.000000
2958.436695, 263.708834, 0.000000, 0.000000
2958.493648, 263.666065, 0.000000, 0.000000
2958.550600, 263.623296, 0.000000, 0.000000
2958.607552, 263.580527, 0.000000, 0.000000
2958.664504, 263.537759, 0.000000, 0.000000
2958.960919, 263.315164, 0.000000, 0.000000
2959.017871, 263.272396, 0.000000, 0.000000
2959.074823, 263.229627, 0.000000, 0.000000
2959.124647, 263.177366, 0.000000, 0.000000
2959.421063, 262.954771, 0.000000, 0.000000
2959.478015, 262.912002, 0.000000, 0.000000
2959.534967, 262.869234, 0.000000, 0.000000
2959.591919, 262.826465, 0.000000, 0.000000
2959.888111, 262.603988, 0.000000, 0.000000
2959.945058, 262.561213, 0.000000, 0.000000
2960.002005, 262.518437, 0.000000, 0.000000
2960.058952, 262.475661, 0.000000, 0.000000
2960.115899, 262.432886, 0.000000, 0.000000
2960.410727, 262.211035, 0.000000, 0.000000
2960.467638, 262.168211, 0.000000, 0.000000
2960.524549, 262.125388, 0.000000, 0.000000
2960.574323, 262.073079, 0.000000, 0.000000
2960.864955, 261.853083, 0.000000, 0.000000
2960.921736, 261.810088, 0.000000, 0.000000
2960.978517, 261.767092, 0.000000, 0.000000
2961.035297, 261.724096, 0.000000, 0.000000
2961.324906, 261.503494, 0.000000, 0.000000
2961.381547, 261.460314, 0.000000, 0.000000
2961.438188, 261.417134, 0.000000, 0.000000
2961.494829, 261.373954, 0.000000, 0.000000
2961.551470, 261.330774, 0.000000, 0.000000
2961.840059, 261.109218, 0.000000, 0.000000
2961.896554, 261.065847, 0.000000, 0.000000
2961.945822, 261.013061, 0.000000, 0.000000
2962.002317, 260.969691, 0.000000, 0.000000
2962.290171, 260.747257, 0.000000, 0.000000
2962.346521, 260.703697, 0.000000, 0.000000
2962.402870, 260.660137, 0.000000, 0.000000
2962.459220, 260.616577, 0.000000, 0.000000
2962.746126, 260.393376, 0.000000, 0.000000
2962.802323, 260.349619, 0.000000, 0.000000
2962.858520, 260.305862, 0.000000, 0.000000
2962.914716, 260.262106, 0.000000, 0.000000
2962.970913, 260.218349, 0.000000, 0.000000
2963.256672, 259.994153, 0.000000, 0.000000
2963.312709, 259.950192, 0.000000, 0.000000
2963.361420, 259.896891, 0.000000, 0.000000
2963.417457, 259.852930, 0.000000, 0.000000
2963.703228, 259.627345, 0.000000, 0.000000
2963.759124, 259.583205, 0.000000, 0.000000
2963.815020, 259.539065, 0.000000, 0.000000
2963.870916, 259.494925, 0.000000, 0.000000
2964.168299, 259.275010, 1.000000, 0.000000
2964.231535, 259.240155, 1.000000, 0.000000
2964.294770, 259.205299, 1.000000, 0.000000
2964.358006, 259.170444, 1.000000, 0.000000
2964.413880, 259.126277, 1.000000, 0.000000
2964.704684, 258.896402, 1.000000, 0.000000
2964.760559, 258.852234, 1.000000, 0.000000
2964.816433, 258.808066, 1.000000, 0.000000
2964.872307, 258.763899, 1.000000, 0.000000
2965.163112, 258.534023, 1.000000, 0.000000
2965.226347, 258.499168, 1.000000, 0.000000
2965.282222, 258.455001, 1.000000, 0.000000
2965.338096, 258.410833, 1.000000, 0.000000
2965.628900, 258.180958, 1.000000, 0.000000
2965.684775, 258.136790, 1.000000, 0.000000
2965.740649, 258.092623, 1.000000, 0.000000
2965.796523, 258.048455, 1.000000, 0.000000
2965.852398, 258.004288, 1.000000, 0.000000
2966.150563, 257.783725, 1.000000, 0.000000
2966.206437, 257.739557, 1.000000, 0.000000
2966.262312, 257.695390, 1.000000, 0.000000
2966.318186, 257.651222, 1.000000, 0.000000
2966.608990, 257.421347, 1.000000, 0.000000
2966.664865, 257.377179, 1.000000, 0.000000
2966.720739, 257.333012, 1.000000, 0.000000
2966.776613, 257.288844, 1.000000, 0.000000
2967.067417, 257.058969, 1.000000, 0.000000
2967.123292, 257.014801, 1.000000, 0.000000
2967.179166, 256.970634, 1.000000, 0.000000
2967.235040, 256.926466, 1.000000, 0.000000
2967.283554, 256.872986, 1.000000, 0.000000
2967.574358, 256.643111, 1.000000, 0.000000
2967.630232, 256.598944, 1.000000, 0.000000
2967.686106, 256.554776, 1.000000, 0.000000
2967.741981, 256.510608, 1.000000, 0.000000
2968.025424, 256.271421, 1.000000, 0.000000
2968.081298, 256.227253, 1.000000, 0.000000
2968.137173, 256.183085, 1.000000, 0.000000
2968.200408, 256.148230, 1.000000, 0.000000
2968.493008, 255.916936, 1.000000, 0.000000
2968.548882, 255.872768, 1.000000, 0.000000
2968.604757, 255.828600, 1.000000, 0.000000
2968.667992, 255.793745, 1.000000, 0.000000
2968.731228, 255.758890, 1.000000, 0.000000
2969.063355, 255.572006, 1.000000, 0.000000
2969.126591, 255.537151, 0.000000, 0.000000
2969.182465, 255.492984, 0.000000, 0.000000
2969.238339, 255.448816, 0.000000, 0.000000
2969.536382, 255.213219, 0.000000, 0.000000
2969.592256, 255.169052, 0.000000, 0.000000
2969.648130, 255.124884, 0.000000, 0.000000
2969.704005, 255.080717, 0.000000, 0.000000
2970.004768, 254.842969, 0.000000, 0.000000
2970.060642, 254.798802, 0.000000, 0.000000
2970.116516, 254.754634, 0.000000, 0.000000
2970.165029, 254.701154, 0.000000, 0.000000
2970.220904, 254.656986, 0.000000, 0.000000
2970.515075, 254.424450, 0.000000, 0.000000
2970.570949, 254.380282, 0.000000, 0.000000
2970.626824, 254.336114, 0.000000, 0.000000
2970.682698, 254.291947, 0.000000, 0.000000
2970.979591, 254.057259, 0.000000, 0.000000
2971.035465, 254.013091, 0.000000, 0.000000
2971.091340, 253.968923, 0.000000, 0.000000
2971.147214, 253.924756, 0.000000, 0.000000
2971.203088, 253.880588, 0.000000, 0.000000
2971.502702, 253.643749, 0.000000, 0.000000
2971.558576, 253.599582, 0.000000, 0.000000
2971.614451, 253.555414, 0.000000, 0.000000
2971.670325, 253.511247, 0.000000, 0.000000
2971.970864, 253.273677, 0.000000, 0.000000
2972.026738, 253.229509, 0.000000, 0.000000
2972.082612, 253.185341, 0.000000, 0.000000
2972.138487, 253.141174, 0.000000, 0.000000
2972.194361, 253.097006, 0.000000, 0.000000
2972.494900, 252.859436, 0.000000, 0.000000
2972.543413, 252.805956, 0.000000, 0.000000
2972.599288, 252.761788, 0.000000, 0.000000
2972.655162, 252.717621, 0.000000, 0.000000
2972.955701, 252.480050, 0.000000, 0.000000
2973.011575, 252.435883, 0.000000, 0.000000
2973.067449, 252.391715, 0.000000, 0.000000
2973.123324, 252.347548, 0.000000, 0.000000
2973.179198, 252.303380, 0.000000, 0.000000
2973.479737, 252.065810, 0.000000, 0.000000
2973.535611, 252.021642, 0.000000, 0.000000
2973.591485, 251.977475, 0.000000, 0.000000
2973.647360, 251.933307, 0.000000, 0.000000
2973.947899, 251.695737, 0.000000, 0.000000
2974.003773, 251.651569, 0.000000, 0.000000
2974.059648, 251.607402, 0.000000, 0.000000
2974.115522, 251.563234, 0.000000, 0.000000
2974.171396, 251.519066, 0.000000, 0.000000
2974.471889, 251.281520, 0.000000, 0.000000
2974.527762, 251.237351, 0.000000, 0.000000
2974.583635, 251.193182, 0.000000, 0.000000
2974.639508, 251.149013, 0.000000, 0.000000
2974.932438, 250.902252, 0.000000, 0.000000
2974.988305, 250.858075, 0.000000, 0.000000
2975.044172, 250.813898, 0.000000, 0.000000
2975.100039, 250.769722, 0.000000, 0.000000
2975.155906, 250.725545, 0.000000, 0.000000
2975.456081, 250.488092, 0.000000, 0.000000
2975.511940, 250.443904, 0.000000, 0.000000
2975.567799, 250.399717, 0.000000, 0.000000
2975.623658, 250.355530, 0.000000, 0.000000
2975.923799, 250.118024, 0.000000, 0.000000
2975.979650, 250.073827, 0.000000, 0.000000
2976.035501, 250.029630, 0.000000, 0.000000
2976.091352, 249.985433, 0.000000, 0.000000
2976.147203, 249.941236, 0.000000, 0.000000
2976.447303, 249.703668, 0.000000, 0.000000
2976.503146, 249.659461, 0.000000, 0.000000
2976.558989, 249.615254, 0.000000, 0.000000
2976.614832, 249.571046, 0.000000, 0.000000
2976.914899, 249.333427, 0.000000, 0.000000
2976.970734, 249.289210, 0.000000, 0.000000
2977.026570, 249.244993, 0.000000, 0.000000
2977.075036, 249.191471, 0.000000, 0.000000
2977.130871, 249.147254, 0.000000, 0.000000
2977.430895, 248.909576, 0.000000, 0.000000
2977.486723, 248.865350, 0.000000, 0.000000
2977.542551, 248.821123, 0.000000, 0.000000
2977.598379, 248.776897, 0.000000, 0.000000
2977.898438, 248.539134, 0.000000, 0.000000
2977.954260, 248.494900, 0.000000, 0.000000
2978.010082, 248.450666, 0.000000, 0.000000
2978.065904, 248.406432, 0.000000, 0.000000
2978.129099, 248.371502, 1.000000, 0.000000
2978.429291, 248.133610, 1.000000, 0.000000
2978.492484, 248.098678, 1.000000, 0.000000
2978.555677, 248.063745, 1.000000, 0.000000
2978.611497, 248.019509, 1.000000, 0.000000
2978.911746, 247.781573, 1.000000, 0.000000
2978.974939, 247.746640, 1.000000, 0.000000
2979.030759, 247.702404, 1.000000, 0.000000
2979.086579, 247.658169, 1.000000, 0.000000
2979.142400, 247.613933, 1.000000, 0.000000
2979.442648, 247.375996, 1.000000, 0.000000
2979.498468, 247.331760, 1.000000, 0.000000
2979.554289, 247.287524, 1.000000, 0.000000
2979.617482, 247.252592, 1.000000, 0.000000
2979.917731, 247.014655, 1.000000, 0.000000
2979.973551, 246.970419, 1.000000, 0.000000
2980.029371, 246.926183, 1.000000, 0.000000
2980.092564, 246.891251, 1.000000, 0.000000
2980.141012, 246.837711, 1.000000, 0.000000
2980.441260, 246.599775, 1.000000, 0.000000
2980.497081, 246.555539, 1.000000, 0.000000
2980.552901, 246.511303, 1.000000, 0.000000
2980.608721, 246.467067, 1.000000, 0.000000
2980.908970, 246.229130, 1.000000, 0.000000
2980.964790, 246.184894, 1.000000, 0.000000
2981.020610, 246.140659, 1.000000, 0.000000
2981.076431, 246.096423, 1.000000, 0.000000
2981.132251, 246.052187, 1.000000, 0.000000
2981.425127, 245.804946, 1.000000, 0.000000
2981.480948, 245.760711, 1.000000, 0.000000
2981.536768, 245.716475, 1.000000, 0.000000
2981.592588, 245.672239, 1.000000, 0.000000
2981.892837, 245.434302, 1.000000, 0.000000
2981.941284, 245.380763, 1.000000, 0.000000
2981.997105, 245.336527, 1.000000, 0.000000
2982.052925, 245.292291, 1.000000, 0.000000
2982.108746, 245.248056, 1.000000, 0.000000
2982.408994, 245.010119, 1.000000, 0.000000
2982.464814, 244.965883, 1.000000, 0.000000
2982.520635, 244.921647, 1.000000, 0.000000
2982.576455, 244.877411, 1.000000, 0.000000
2982.869331, 244.630171, 1.000000, 0.000000
2982.925152, 244.585935, 1.000000, 0.000000
2982.980972, 244.541699, 1.000000, 0.000000
2983.036792, 244.497463, 1.000000, 0.000000
2983.092613, 244.453227, 1.000000, 0.000000
2983.392845, 244.215303, 1.000000, 0.000000
2983.441293, 244.161764, 0.000000, 0.000000
2983.497113, 244.117528, 0.000000, 0.000000
2983.552933, 244.073292, 0.000000, 0.000000
2983.853246, 243.835304, 0.000000, 0.000000
2983.909067, 243.791069, 0.000000, 0.000000
2983.964887, 243.746833, 0.000000, 0.000000
2984.020707, 243.702597, 0.000000, 0.000000
2984.076528, 243.658361, 0.000000, 0.000000
2984.369652, 243.410924, 0.000000, 0.000000
2984.425472, 243.366688, 0.000000, 0.000000
2984.481292, 243.322453, 0.000000, 0.000000
2984.537113, 243.278217, 0.000000, 0.000000
2984.837895, 243.039857, 0.000000, 0.000000
2984.893716, 242.995621, 0.000000, 0.000000
2984.949536, 242.951385, 0.000000, 0.000000
2985.005356, 242.907149, 0.000000, 0.000000
2985.061177, 242.862913, 0.000000, 0.000000
2985.362348, 242.624245, 0.000000, 0.000000
2985.418169, 242.580009, 0.000000, 0.000000
2985.473989, 242.535773, 0.000000, 0.000000
2985.529810, 242.491537, 0.000000, 0.000000
2985.831474, 242.252479, 0.000000, 0.000000
2985.887294, 242.208243, 0.000000, 0.000000
2985.943114, 242.164007, 0.000000, 0.000000
2985.998935, 242.119771, 0.000000, 0.000000
2986.047382, 242.066232, 0.000000, 0.000000
2986.349640, 241.826703, 0.000000, 0.000000
2986.405460, 241.782467, 0.000000, 0.000000
2986.461281, 241.738231, 0.000000, 0.000000
2986.517101, 241.693995, 0.000000, 0.000000
2986.819424, 241.454415, 0.000000, 0.000000
2986.875244, 241.410179, 0.000000, 0.000000
2986.931064, 241.365943, 0.000000, 0.000000
2986.986885, 241.321707, 0.000000, 0.000000
2987.042705, 241.277472, 0.000000, 0.000000
2987.345028, 241.037891, 0.000000, 0.000000
2987.400848, 240.993655, 0.000000, 0.000000
2987.456669, 240.949419, 0.000000, 0.000000
2987.512489, 240.905183, 0.000000, 0.000000
2987.814812, 240.665603, 0.000000, 0.000000
2987.870632, 240.621367, 0.000000, 0.000000
2987.926452, 240.577131, 0.000000, 0.000000
2987.974900, 240.523592, 0.000000, 0.000000
2988.030720, 240.479356, 0.000000, 0.000000
2988.333043, 240.239775, 0.000000, 0.000000
2988.388863, 240.195540, 0.000000, 0.000000
2988.444684, 240.151304, 0.000000, 0.000000
2988.500504, 240.107068, 0.000000, 0.000000
2988.802827, 239.867487, 0.000000, 0.000000
2988.858648, 239.823251, 0.000000, 0.000000
2988.914468, 239.779015, 0.000000, 0.000000
2988.970288, 239.734780, 0.000000, 0.000000
2989.026109, 239.690544, 0.000000, 0.000000
2989.319516, 239.455612, 0.000000, 0.000000
2989.375116, 239.411099, 0.000000, 0.000000
2989.430716, 239.366586, 0.000000, 0.000000
2989.486315, 239.322074, 0.000000, 0.000000
2989.763504, 239.094295, 0.000000, 0.000000
2989.818493, 239.049031, 0.000000, 0.000000
2989.865938, 238.994601, 0.000000, 0.000000
2989.920928, 238.949336, 0.000000, 0.000000
2989.975917, 238.904072, 0.000000, 0.000000
2990.247983, 238.673156, 0.000000, 0.000000
2990.302312, 238.627100, 0.000000, 0.000000
2990.356640, 238.581044, 0.000000, 0.000000
2990.410968, 238.534988, 0.000000, 0.000000
2990.680024, 238.300532, 0.000000, 0.000000
2990.733681, 238.253695, 0.000000, 0.000000
2990.787337, 238.206858, 0.000000, 0.000000
2990.840993, 238.160020, 0.000000, 0.000000
2990.894650, 238.113183, 0.000000, 0.000000
2991.159987, 237.874450, 0.000000, 0.000000
2991.212961, 237.826843, 0.000000, 0.000000
2991.265936, 237.779235, 0.000000, 0.000000
2991.318910, 237.731628, 0.000000, 0.000000
2991.581176, 237.489431, 0.000000, 0.000000
2991.625398, 237.432352, 0.000000, 0.000000
2991.677681, 237.383987, 0.000000, 0.000000
2991.729964, 237.335621, 0.000000, 0.000000
2991.782247, 237.287256, 0.000000, 0.000000
2992.040592, 237.041003, 0.000000, 0.000000
2992.092175, 236.991891, 0.000000, 0.000000
2992.143758, 236.942780, 0.000000, 0.000000
2992.195341, 236.893668, 0.000000, 0.000000
2992.467521, 236.646611, 1.000000, 0.000000
2992.526916, 236.605552, 1.000000, 0.000000
2992.586311, 236.564493, 1.000000, 0.000000
2992.645706, 236.523433, 1.000000, 0.000000
2992.696837, 236.473852, 1.000000, 0.000000
2992.972329, 236.206253, 1.000000, 0.000000
2993.023418, 236.156627, 1.000000, 0.000000
2993.074507, 236.107002, 1.000000, 0.000000
2993.125596, 236.057377, 1.000000, 0.000000
2993.394020, 235.780096, 1.000000, 0.000000
2993.445109, 235.730471, 1.000000, 0.000000
2993.496198, 235.680846, 1.000000, 0.000000
2993.547287, 235.631221, 1.000000, 0.000000
2993.598376, 235.581596, 1.000000, 0.000000
2993.875071, 235.312829, 1.000000, 0.000000
2993.926160, 235.263204, 1.000000, 0.000000
2993.977249, 235.213579, 1.000000, 0.000000
2994.028338, 235.163954, 1.000000, 0.000000
2994.296762, 234.886672, 1.000000, 0.000000
2994.347851, 234.837047, 1.000000, 0.000000
2994.398940, 234.787422, 1.000000, 0.000000
2994.450029, 234.737797, 1.000000, 0.000000
2994.501118, 234.688172, 1.000000, 0.000000
2994.777813, 234.419405, 1.000000, 0.000000
2994.828902, 234.369780, 1.000000, 0.000000
2994.879991, 234.320155, 1.000000, 0.000000
2994.931080, 234.270530, 1.000000, 0.000000
2995.207775, 234.001763, 1.000000, 0.000000
2995.258864, 233.952138, 1.000000, 0.000000
2995.309953, 233.902513, 1.000000, 0.000000
2995.361042, 233.852888, 1.000000, 0.000000
2995.412131, 233.803263, 1.000000, 0.000000
2995.680555, 233.525981, 1.000000, 0.000000
2995.731644, 233.476356, 1.000000, 0.000000
2995.782733, 233.426731, 1.000000, 0.000000
2995.833822, 233.377106, 1.000000, 0.000000
2996.110517, 233.108339, 1.000000, 0.000000
2996.161606, 233.058714, 1.000000, 0.000000
2996.212695, 233.009089, 1.000000, 0.000000
2996.263784, 232.959464, 1.000000, 0.000000
2996.306602, 232.901325, 1.000000, 0.000000
2996.575026, 232.624043, 1.000000, 0.000000
2996.626115, 232.574418, 1.000000, 0.000000
2996.677204, 232.524793, 1.000000, 0.000000
2996.728293, 232.475168, 1.000000, 0.000000
2996.996718, 232.197886, 1.000000, 0.000000
2997.047806, 232.148261, 1.000000, 0.000000
2997.098895, 232.098636, 1.000000, 0.000000
2997.158255, 232.057526, 1.000000, 0.000000
2998.615386, 233.455420, -1.000000, 0.000000
