2440.031942, 274.949011, 1.000000, -1.#QNAN0
2440.102149, 274.960994, 1.000000, -1.#QNAN0
2440.172357, 274.972976, 1.000000, -1.#QNAN0
2440.242565, 274.984959, 1.000000, -1.#QNAN0
2440.634844, 275.039868, 1.000000, -1.#QNAN0
2440.705052, 275.051850, 1.000000, -1.#QNAN0
2440.775260, 275.063833, 1.000000, -1.#QNAN0
2440.845468, 275.075815, 1.000000, -1.#QNAN0
2440.915676, 275.087798, 1.000000, -1.#QNAN0
2441.305958, 275.154408, 1.000000, -1.#QNAN0
2441.376166, 275.166390, 1.000000, -1.#QNAN0
2441.446374, 275.178373, 1.000000, -1.#QNAN0
2441.516582, 275.190355, 1.000000, -1.#QNAN0
2441.584793, 275.214039, 1.000000, -1.#QNAN0
2441.975075, 275.280650, 1.000000, -1.#QNAN0
2442.045283, 275.292632, 1.000000, -1.#QNAN0
2442.115491, 275.304615, 1.000000, -1.#QNAN0
2442.185698, 275.316597, 1.000000, -1.#QNAN0
2442.575981, 275.383207, 1.000000, -1.#QNAN0
2442.648185, 275.383489, 1.000000, -1.#QNAN0
2442.718393, 275.395471, 1.000000, -1.#QNAN0
2442.788601, 275.407454, 1.000000, -1.#QNAN0
2442.858809, 275.419436, 1.000000, -1.#QNAN0
2443.249092, 275.486046, 1.000000, -1.#QNAN0
2443.319300, 275.498029, 1.000000, -1.#QNAN0
2443.389507, 275.510011, 1.000000, -1.#QNAN0
2443.457718, 275.533695, 1.000000, -1.#QNAN0
2443.527926, 275.545678, 1.000000, -1.#QNAN0
2443.918208, 275.612288, 1.000000, -1.#QNAN0
2443.990413, 275.612569, 1.000000, -1.#QNAN0
2444.060621, 275.624552, 1.000000, -1.#QNAN0
2444.132826, 275.624833, 1.000000, -1.#QNAN0
2444.523108, 275.691443, 1.000000, -1.#QNAN0
2444.593316, 275.703426, 1.000000, -1.#QNAN0
2444.663524, 275.715408, 1.000000, -1.#QNAN0
2444.733731, 275.727391, 1.000000, -1.#QNAN0
2444.801942, 275.751074, 1.000000, -1.#QNAN0
2445.190228, 275.829386, 1.000000, -1.#QNAN0
2445.260436, 275.841369, 1.000000, -1.#QNAN0
2445.330644, 275.853351, 1.000000, -1.#QNAN0
2445.400851, 275.865334, 1.000000, -1.#QNAN0
2445.471059, 275.877316, 1.000000, -1.#QNAN0
2445.859029, 275.955574, 1.000000, -1.#QNAN0
2445.929237, 275.967556, 0.000000, -1.#QNAN0
2445.999444, 275.979539, 0.000000, -1.#QNAN0
2446.069652, 275.991521, 0.000000, -1.#QNAN0
2446.456306, 276.069555, 0.000000, -1.#QNAN0
2446.526514, 276.081537, 0.000000, -1.#QNAN0
2446.596722, 276.093520, 0.000000, -1.#QNAN0
2446.666930, 276.105502, 0.000000, -1.#QNAN0
2446.737138, 276.117485, 0.000000, -1.#QNAN0
2447.124475, 276.183592, 0.000000, -1.#QNAN0
2447.194682, 276.195575, 0.000000, -1.#QNAN0
2447.262893, 276.219259, 0.000000, -1.#QNAN0
2447.333101, 276.231241, 0.000000, -1.#QNAN0
2447.403309, 276.243224, 0.000000, -1.#QNAN0
2447.789330, 276.309107, 0.000000, -1.#QNAN0
2447.859538, 276.321089, 0.000000, -1.#QNAN0
2447.929745, 276.333072, 0.000000, -1.#QNAN0
2447.999953, 276.345054, 0.000000, -1.#QNAN0
2448.382662, 276.422414, 0.000000, -1.#QNAN0
2448.452870, 276.434396, 0.000000, -1.#QNAN0
2448.523078, 276.446379, 0.000000, -1.#QNAN0
2448.593286, 276.458361, 0.000000, -1.#QNAN0
2448.663493, 276.470344, 0.000000, -1.#QNAN0
2449.046885, 276.535778, 0.000000, -1.#QNAN0
2449.117093, 276.547761, 0.000000, -1.#QNAN0
2449.185303, 276.571444, 0.000000, -1.#QNAN0
2449.255511, 276.583427, 0.000000, -1.#QNAN0
2449.325719, 276.595409, 0.000000, -1.#QNAN0
2449.707795, 276.660619, 0.000000, -1.#QNAN0
2449.778003, 276.672602, 0.000000, -1.#QNAN0
2449.848210, 276.684584, 0.000000, -1.#QNAN0
2449.918418, 276.696567, 0.000000, -1.#QNAN0
2450.297497, 276.773307, 0.000000, -1.#QNAN0
2450.367705, 276.785289, 0.000000, -1.#QNAN0
2450.437913, 276.797272, 0.000000, -1.#QNAN0
2450.510118, 276.797553, 1.000000, -1.#QNAN0
2450.582323, 276.797834, 1.000000, -1.#QNAN0
2450.965397, 276.851172, 1.000000, -1.#QNAN0
2451.035605, 276.863155, 1.000000, -1.#QNAN0
2451.105812, 276.875137, 1.000000, -1.#QNAN0
2451.176020, 276.887120, 1.000000, -1.#QNAN0
2451.246228, 276.899102, 1.000000, -1.#QNAN0
2451.629301, 276.952440, 1.000000, -1.#QNAN0
2451.701506, 276.952721, 1.000000, -1.#QNAN0
2451.771714, 276.964704, 1.000000, -1.#QNAN0
2451.841922, 276.976686, 1.000000, -1.#QNAN0
2452.222998, 277.041725, 1.000000, -1.#QNAN0
2452.293206, 277.053708, 1.000000, -1.#QNAN0
2452.363414, 277.065690, 1.000000, -1.#QNAN0
2452.435619, 277.065972, 1.000000, -1.#QNAN0
2452.505827, 277.077954, 1.000000, -1.#QNAN0
2452.884906, 277.154694, 1.000000, -1.#QNAN0
2452.955114, 277.166677, 1.000000, -1.#QNAN0
2453.025322, 277.178660, 1.000000, -1.#QNAN0
2453.095530, 277.190642, 1.000000, -1.#QNAN0
2453.165738, 277.202625, 1.000000, -1.#QNAN0
2453.546751, 277.267664, 1.000000, -1.#QNAN0
2453.618956, 277.267948, 1.000000, -1.#QNAN0
2453.689163, 277.279932, 1.000000, -1.#QNAN0
2453.761368, 277.280216, 1.000000, -1.#QNAN0
2454.144162, 277.333563, 1.000000, -1.#QNAN0
2454.216367, 277.333856, 1.000000, -1.#QNAN0
2454.288572, 277.334149, 1.000000, -1.#QNAN0
2454.358778, 277.346143, 1.000000, -1.#QNAN0
2454.428984, 277.358137, 1.000000, -1.#QNAN0
2454.809691, 277.423241, 1.000000, -1.#QNAN0
2454.879895, 277.435248, 1.000000, -1.#QNAN0
2454.950099, 277.447255, 1.000000, -1.#QNAN0
2455.020302, 277.459261, 1.000000, -1.#QNAN0
2455.090506, 277.471268, 1.000000, -1.#QNAN0
2455.473201, 277.524743, 1.000000, -1.#QNAN0
2455.543403, 277.536762, 1.000000, -1.#QNAN0
2455.613604, 277.548782, 1.000000, -1.#QNAN0
2455.685809, 277.549100, 1.000000, -1.#QNAN0
2456.066493, 277.614336, 1.000000, -1.#QNAN0
2456.138698, 277.614668, 1.000000, -1.#QNAN0
2456.210903, 277.615000, 1.000000, -1.#QNAN0
2456.281102, 277.627032, 1.000000, -1.#QNAN0
2456.351301, 277.639063, 1.000000, -1.#QNAN0
2456.733983, 277.692673, 1.000000, -1.#QNAN0
2456.806188, 277.693018, 1.000000, -1.#QNAN0
2456.878392, 277.693363, 1.000000, -1.#QNAN0
2456.950597, 277.693707, 1.000000, -1.#QNAN0
2457.022802, 277.694052, 1.000000, -1.#QNAN0
2457.405481, 277.747737, 1.000000, -1.#QNAN0
2457.475676, 277.759794, 0.000000, -1.#QNAN0
2457.545871, 277.771851, 0.000000, -1.#QNAN0
2457.616066, 277.783908, 0.000000, -1.#QNAN0
2457.996779, 277.849353, 0.000000, -1.#QNAN0
2458.066973, 277.861421, 0.000000, -1.#QNAN0
2458.137166, 277.873489, 0.000000, -1.#QNAN0
2458.207359, 277.885557, 0.000000, -1.#QNAN0
2458.277552, 277.897625, 0.000000, -1.#QNAN0
2458.658456, 277.963129, 0.000000, -1.#QNAN0
2458.730661, 277.963502, 0.000000, -1.#QNAN0
2458.800853, 277.975573, 0.000000, -1.#QNAN0
2458.871046, 277.987644, 0.000000, -1.#QNAN0
2458.941239, 277.999716, 0.000000, -1.#QNAN0
2459.322232, 278.065237, 0.000000, -1.#QNAN0
2459.392425, 278.077308, 0.000000, -1.#QNAN0
2459.462617, 278.089380, 0.000000, -1.#QNAN0
2459.532810, 278.101451, 0.000000, -1.#QNAN0
2459.913804, 278.166972, 0.000000, -1.#QNAN0
2459.983996, 278.179044, 0.000000, -1.#QNAN0
2460.054189, 278.191115, 0.000000, -1.#QNAN0
2460.124382, 278.203186, 0.000000, -1.#QNAN0
2460.194574, 278.215258, 0.000000, -1.#QNAN0
2460.575568, 278.280779, 0.000000, -1.#QNAN0
2460.645761, 278.292851, 0.000000, -1.#QNAN0
2460.715954, 278.304922, 0.000000, -1.#QNAN0
2460.786146, 278.316993, 0.000000, -1.#QNAN0
2460.856339, 278.329065, 0.000000, -1.#QNAN0
2461.237332, 278.394586, 0.000000, -1.#QNAN0
2461.309537, 278.394959, 0.000000, -1.#QNAN0
2461.379729, 278.407030, 0.000000, -1.#QNAN0
2461.449922, 278.419101, 0.000000, -1.#QNAN0
2461.830916, 278.484623, 0.000000, -1.#QNAN0
2461.901108, 278.496694, 0.000000, -1.#QNAN0
2461.971301, 278.508765, 0.000000, -1.#QNAN0
2462.041493, 278.520837, 0.000000, -1.#QNAN0
2462.111686, 278.532908, 0.000000, -1.#QNAN0
2462.492680, 278.598429, 0.000000, -1.#QNAN0
2462.562873, 278.610501, 0.000000, -1.#QNAN0
2462.633066, 278.622572, 1.000000, -1.#QNAN0
2462.701246, 278.646342, 1.000000, -1.#QNAN0
2462.771439, 278.658414, 1.000000, -1.#QNAN0
2463.152432, 278.723935, 1.000000, -1.#QNAN0
2463.222625, 278.736006, 1.000000, -1.#QNAN0
2463.292818, 278.748078, 1.000000, -1.#QNAN0
2463.363010, 278.760149, 1.000000, -1.#QNAN0
2463.744004, 278.825670, 1.000000, -1.#QNAN0
2463.814196, 278.837742, 1.000000, -1.#QNAN0
2463.882377, 278.861512, 1.000000, -1.#QNAN0
2463.952570, 278.873583, 1.000000, -1.#QNAN0
2464.022762, 278.885655, 1.000000, -1.#QNAN0
2464.403757, 278.951176, 1.000000, -1.#QNAN0
2464.473949, 278.963247, 1.000000, -1.#QNAN0
2464.544142, 278.975319, 1.000000, -1.#QNAN0
2464.614334, 278.987390, 1.000000, -1.#QNAN0
2464.684527, 278.999461, 1.000000, -1.#QNAN0
2465.065521, 279.064983, 1.000000, -1.#QNAN0
2465.135713, 279.077054, 1.000000, -1.#QNAN0
2465.205906, 279.089126, 1.000000, -1.#QNAN0
2465.276098, 279.101197, 1.000000, -1.#QNAN0
2465.657524, 279.166792, 1.000000, -1.#QNAN0
2465.729728, 279.167165, 1.000000, -1.#QNAN0
2465.799921, 279.179236, 1.000000, -1.#QNAN0
2465.870114, 279.191308, 1.000000, -1.#QNAN0
2465.940306, 279.203379, 1.000000, -1.#QNAN0
2466.322259, 279.269065, 1.000000, -1.#QNAN0
2466.392452, 279.281137, 1.000000, -1.#QNAN0
2466.464656, 279.281509, 1.000000, -1.#QNAN0
2466.534849, 279.293581, 1.000000, -1.#QNAN0
2466.605042, 279.305652, 1.000000, -1.#QNAN0
2466.987521, 279.371429, 1.000000, -1.#QNAN0
2467.057714, 279.383500, 1.000000, -1.#QNAN0
2467.127906, 279.395572, 1.000000, -1.#QNAN0
2467.200111, 279.395944, 1.000000, -1.#QNAN0
2467.585129, 279.450113, 1.000000, -1.#QNAN0
2467.655322, 279.462184, 1.000000, -1.#QNAN0
2467.727526, 279.462557, 1.000000, -1.#QNAN0
2467.797719, 279.474628, 1.000000, -1.#QNAN0
2467.869924, 279.475001, 1.000000, -1.#QNAN0
2468.253458, 279.540959, 1.000000, -1.#QNAN0
2468.325663, 279.541332, 1.000000, -1.#QNAN0
2468.395855, 279.553403, 1.000000, -1.#QNAN0
2468.468060, 279.553776, 1.000000, -1.#QNAN0
2468.538252, 279.565847, 1.000000, -1.#QNAN0
2468.924326, 279.620197, 1.000000, -1.#QNAN0
2468.994519, 279.632269, 1.000000, -1.#QNAN0
2469.364484, 277.901224, -1.000000, -1.#QNAN0
2469.132892, 279.668110, 0.000000, -1.#QNAN0
2469.517482, 279.734250, 0.000000, -1.#QNAN0
2469.587674, 279.746321, 0.000000, -1.#QNAN0
2469.657867, 279.758393, 0.000000, -1.#QNAN0
2469.728059, 279.770464, 0.000000, -1.#QNAN0
2469.798252, 279.782535, 0.000000, -1.#QNAN0
2470.182937, 279.848692, 0.000000, -1.#QNAN0
2470.253130, 279.860763, 0.000000, -1.#QNAN0
2470.323322, 279.872834, 0.000000, -1.#QNAN0
2470.393515, 279.884906, 0.000000, -1.#QNAN0
2470.463708, 279.896977, 0.000000, -1.#QNAN0
2470.848392, 279.963133, 0.000000, -1.#QNAN0
2470.918585, 279.975204, 0.000000, -1.#QNAN0
2470.988777, 279.987276, 0.000000, -1.#QNAN0
2471.058970, 279.999347, 0.000000, -1.#QNAN0
2471.443654, 280.065503, 0.000000, -1.#QNAN0
2471.513847, 280.077575, 0.000000, -1.#QNAN0
2471.584040, 280.089646, 0.000000, -1.#QNAN0
2471.652220, 280.113416, 0.000000, -1.#QNAN0
2471.722413, 280.125487, 0.000000, -1.#QNAN0
2472.107098, 280.191644, 0.000000, -1.#QNAN0
2472.177291, 280.203715, 0.000000, -1.#QNAN0
2472.247483, 280.215786, 0.000000, -1.#QNAN0
2472.317676, 280.227858, 0.000000, -1.#QNAN0
2472.387869, 280.239929, 0.000000, -1.#QNAN0
2472.772553, 280.306085, 0.000000, -1.#QNAN0
2472.842746, 280.318157, 0.000000, -1.#QNAN0
2472.912938, 280.330228, 0.000000, -1.#QNAN0
2472.983131, 280.342299, 0.000000, -1.#QNAN0
2473.368372, 280.408448, 0.000000, -1.#QNAN0
2473.438569, 280.420498, 0.000000, -1.#QNAN0
2473.508765, 280.432548, 0.000000, -1.#QNAN0
2473.578961, 280.444598, 0.000000, -1.#QNAN0
2473.649158, 280.456648, 0.000000, -1.#QNAN0
2474.034785, 280.522663, 0.000000, -1.#QNAN0
2474.104987, 280.534678, 0.000000, -1.#QNAN0
2474.175190, 280.546692, 1.000000, -1.#QNAN0
2474.247394, 280.547006, 1.000000, -1.#QNAN0
2474.319599, 280.547320, 1.000000, -1.#QNAN0
2474.705299, 280.613124, 1.000000, -1.#QNAN0
2474.775508, 280.625102, 1.000000, -1.#QNAN0
2474.845716, 280.637079, 1.000000, -1.#QNAN0
2474.915925, 280.649056, 1.000000, -1.#QNAN0
2475.301653, 280.714680, 1.000000, -1.#QNAN0
2475.371868, 280.726620, 1.000000, -1.#QNAN0
2475.442083, 280.738559, 1.000000, -1.#QNAN0
2475.512298, 280.750499, 1.000000, -1.#QNAN0
2475.582513, 280.762439, 1.000000, -1.#QNAN0
2475.968277, 280.827846, 1.000000, -1.#QNAN0
2476.038498, 280.839749, 1.000000, -1.#QNAN0
2476.108719, 280.851652, 1.000000, -1.#QNAN0
2476.178941, 280.863554, 1.000000, -1.#QNAN0
2476.249162, 280.875457, 1.000000, -1.#QNAN0
2476.634959, 280.940647, 1.000000, -1.#QNAN0
2476.705187, 280.952513, 1.000000, -1.#QNAN0
2476.775414, 280.964378, 1.000000, -1.#QNAN0
2476.845642, 280.976244, 1.000000, -1.#QNAN0
2477.231467, 281.041255, 1.000000, -1.#QNAN0
2477.301701, 281.053084, 1.000000, -1.#QNAN0
2477.369963, 281.076618, 1.000000, -1.#QNAN0
2477.440197, 281.088447, 1.000000, -1.#QNAN0
2477.510431, 281.100275, 1.000000, -1.#QNAN0
2477.895734, 281.165089, 1.000000, -1.#QNAN0
2477.965970, 281.176903, 1.000000, -1.#QNAN0
2478.036207, 281.188716, 1.000000, -1.#QNAN0
2478.106443, 281.200530, 1.000000, -1.#QNAN0
2478.176680, 281.212343, 1.000000, -1.#QNAN0
2478.561653, 281.277084, 1.000000, -1.#QNAN0
2478.631890, 281.288895, 1.000000, -1.#QNAN0
2478.702127, 281.300707, 1.000000, -1.#QNAN0
2478.772363, 281.312518, 1.000000, -1.#QNAN0
2479.157290, 281.377251, 1.000000, -1.#QNAN0
2479.227527, 281.389062, 1.000000, -1.#QNAN0
2479.297764, 281.400874, 1.000000, -1.#QNAN0
2479.369969, 281.400979, 1.000000, -1.#QNAN0
2479.440206, 281.412791, 1.000000, -1.#QNAN0
2479.825133, 281.477523, 1.000000, -1.#QNAN0
2479.895370, 281.489335, 1.000000, -1.#QNAN0
2479.965607, 281.501146, 1.000000, -1.#QNAN0
2480.037812, 281.501252, 1.000000, -1.#QNAN0
2480.110018, 281.501357, 1.000000, -1.#QNAN0
2480.496913, 281.554383, 1.000000, -1.#QNAN0
2480.571087, 281.542783, 1.000000, -1.#QNAN0
2480.643292, 281.542888, 0.000000, -1.#QNAN0
2480.713529, 281.554700, 0.000000, -1.#QNAN0
2481.100424, 281.607726, 0.000000, -1.#QNAN0
2481.170661, 281.619538, 0.000000, -1.#QNAN0
2481.240898, 281.631349, 0.000000, -1.#QNAN0
2481.311135, 281.643161, 0.000000, -1.#QNAN0
2481.383340, 281.643266, 0.000000, -1.#QNAN0
2481.768267, 281.707999, 0.000000, -1.#QNAN0
2481.838504, 281.719810, 0.000000, -1.#QNAN0
2481.908741, 281.731622, 0.000000, -1.#QNAN0
2481.980946, 281.731727, 0.000000, -1.#QNAN0
2482.051183, 281.743539, 0.000000, -1.#QNAN0
2482.436110, 281.808271, 0.000000, -1.#QNAN0
2482.506347, 281.820083, 0.000000, -1.#QNAN0
2482.578552, 281.820188, 0.000000, -1.#QNAN0
2482.648789, 281.832000, 0.000000, -1.#QNAN0
2483.033715, 281.896732, 0.000000, -1.#QNAN0
2483.103952, 281.908544, 0.000000, -1.#QNAN0
2483.176158, 281.908649, 0.000000, -1.#QNAN0
2483.246394, 281.920461, 0.000000, -1.#QNAN0
2483.316631, 281.932272, 0.000000, -1.#QNAN0
2483.701559, 281.997005, 0.000000, -1.#QNAN0
2483.773764, 281.997110, 0.000000, -1.#QNAN0
2483.844001, 282.008922, 0.000000, -1.#QNAN0
2483.914237, 282.020733, 0.000000, -1.#QNAN0
2483.984474, 282.032545, 0.000000, -1.#QNAN0
2484.371370, 282.085571, 0.000000, -1.#QNAN0
2484.441606, 282.097383, 0.000000, -1.#QNAN0
2484.511843, 282.109194, 0.000000, -1.#QNAN0
2484.582080, 282.121006, 0.000000, -1.#QNAN0
2484.971813, 282.174509, 0.000000, -1.#QNAN0
2485.042050, 282.186321, 0.000000, -1.#QNAN0
2485.112286, 282.198132, 0.000000, -1.#QNAN0
2485.182523, 282.209944, 0.000000, -1.#QNAN0
2485.254729, 282.210049, 0.000000, -1.#QNAN0
2485.909312, 280.707146, -1.000000, -1.#QNAN0
2485.709852, 282.322698, 1.000000, -1.#QNAN0
2485.776151, 282.357922, 1.000000, -1.#QNAN0
2485.846388, 282.369733, 1.000000, -1.#QNAN0
2485.914656, 282.393251, 1.000000, -1.#QNAN0
2486.308482, 282.459480, 1.000000, -1.#QNAN0
2486.378719, 282.471292, 1.000000, -1.#QNAN0
2486.446987, 282.494809, 1.000000, -1.#QNAN0
2486.517224, 282.506621, 1.000000, -1.#QNAN0
2486.914093, 282.573362, 1.000000, -1.#QNAN0
2486.984330, 282.585173, 1.000000, -1.#QNAN0
2487.054567, 282.596985, 1.000000, -1.#QNAN0
2487.124804, 282.608796, 1.000000, -1.#QNAN0
2487.197009, 282.608902, 1.000000, -1.#QNAN0
2487.596930, 282.676156, 1.000000, -1.#QNAN0
2487.667167, 282.687967, 1.000000, -1.#QNAN0
2487.737404, 282.699779, 1.000000, -1.#QNAN0
2487.805672, 282.723296, 1.000000, -1.#QNAN0
2487.875909, 282.735108, 1.000000, -1.#QNAN0
2488.280856, 282.791170, 1.000000, -1.#QNAN0
2488.351093, 282.802982, 1.000000, -1.#QNAN0
2488.423298, 282.803087, 1.000000, -1.#QNAN0
2488.495504, 282.803192, 1.000000, -1.#QNAN0
2488.889843, 282.869508, 1.000000, -1.#QNAN0
2488.962048, 282.869613, 1.000000, -1.#QNAN0
2489.032285, 282.881425, 1.000000, -1.#QNAN0
2489.100553, 282.904942, 1.000000, -1.#QNAN0
2489.170790, 282.916754, 1.000000, -1.#QNAN0
2489.563346, 282.994806, 1.000000, -1.#QNAN0
2489.631614, 283.018324, 1.000000, -1.#QNAN0
2489.699882, 283.041842, 1.000000, -1.#QNAN0
2489.768150, 283.065360, 1.000000, -1.#QNAN0
2489.838387, 283.077171, 1.000000, -1.#QNAN0
2490.232911, 283.143517, 1.000000, -1.#QNAN0
2490.303147, 283.155329, 1.000000, -1.#QNAN0
2490.373384, 283.167141, 1.000000, -1.#QNAN0
2490.443621, 283.178952, 1.000000, -1.#QNAN0
2490.513858, 283.190764, 1.000000, -1.#QNAN0
2490.908381, 283.257110, 1.000000, -1.#QNAN0
2490.978618, 283.268921, 1.000000, -1.#QNAN0
2491.048855, 283.280733, 1.000000, -1.#QNAN0
2491.119092, 283.292545, 1.000000, -1.#QNAN0
2491.191297, 283.292650, 1.000000, -1.#QNAN0
2491.585821, 283.358996, 1.000000, -1.#QNAN0
2491.656058, 283.370808, 1.000000, -1.#QNAN0
2491.726295, 283.382620, 1.000000, -1.#QNAN0
2491.798500, 283.382725, 1.000000, -1.#QNAN0
2491.870706, 283.382830, 1.000000, -1.#QNAN0
2492.265142, 283.449183, 0.000000, -1.#QNAN0
2492.335378, 283.460998, 0.000000, -1.#QNAN0
2492.405614, 283.472813, 0.000000, -1.#QNAN0
2492.475850, 283.484628, 0.000000, -1.#QNAN0
2492.866520, 283.539502, 0.000000, -1.#QNAN0
2492.936715, 283.551562, 0.000000, -1.#QNAN0
2493.006909, 283.563622, 0.000000, -1.#QNAN0
2493.077104, 283.575681, 0.000000, -1.#QNAN0
2493.147299, 283.587741, 0.000000, -1.#QNAN0
2493.535488, 283.655724, 0.000000, -1.#QNAN0
2493.605638, 283.668039, 0.000000, -1.#QNAN0
2493.675788, 283.680355, 0.000000, -1.#QNAN0
2493.747991, 283.680978, 0.000000, -1.#QNAN0
2493.818141, 283.693293, 0.000000, -1.#QNAN0
2494.206199, 283.762736, 0.000000, -1.#QNAN0
2494.276305, 283.775303, 0.000000, -1.#QNAN0
2494.346410, 283.787870, 0.000000, -1.#QNAN0
2494.416516, 283.800437, 0.000000, -1.#QNAN0
2494.486621, 283.813004, 0.000000, -1.#QNAN0
2494.874503, 283.883879, 0.000000, -1.#QNAN0
2494.946699, 283.885017, 0.000000, -1.#QNAN0
2495.016760, 283.897832, 0.000000, -1.#QNAN0
2495.086820, 283.910648, 0.000000, -1.#QNAN0
2495.156881, 283.923463, 0.000000, -1.#QNAN0
2495.544624, 283.995755, 0.000000, -1.#QNAN0
2495.614640, 284.008815, 0.000000, -1.#QNAN0
2495.684655, 284.021875, 0.000000, -1.#QNAN0
2495.754671, 284.034935, 0.000000, -1.#QNAN0
2495.826863, 284.036325, 0.000000, -1.#QNAN0
2496.214463, 284.110015, 0.000000, -1.#QNAN0
2496.284433, 284.123316, 0.000000, -1.#QNAN0
2496.354403, 284.136617, 0.000000, -1.#QNAN0
2496.424373, 284.149918, 0.000000, -1.#QNAN0
2496.812425, 284.224730, 0.000000, -1.#QNAN0
2496.882354, 284.238243, 0.000000, -1.#QNAN0
2496.952283, 284.251756, 0.000000, -1.#QNAN0
2497.022213, 284.265269, 0.000000, -1.#QNAN0
2497.094394, 284.267128, 0.000000, -1.#QNAN0
2497.486898, 284.343041, 0.000000, -1.#QNAN0
2497.556825, 284.356566, 0.000000, -1.#QNAN0
2497.928829, 282.808392, -1.000000, -1.#QNAN0
2497.694425, 284.395273, 1.000000, -1.#QNAN0
2497.764351, 284.408798, 1.000000, -1.#QNAN0
2498.157134, 284.484774, 1.000000, -1.#QNAN0
2498.227061, 284.498299, 1.000000, -1.#QNAN0
2498.296988, 284.511825, 1.000000, -1.#QNAN0
2498.366915, 284.525351, 1.000000, -1.#QNAN0
2498.439096, 284.527223, 1.000000, -1.#QNAN0
2498.831879, 284.603198, 1.000000, -1.#QNAN0
2498.901805, 284.616724, 1.000000, -1.#QNAN0
2498.973987, 284.618595, 1.000000, -1.#QNAN0
2499.043914, 284.632121, 1.000000, -1.#QNAN0
2499.113840, 284.645647, 1.000000, -1.#QNAN0
2499.508878, 284.709968, 1.000000, -1.#QNAN0
2499.581059, 284.711839, 1.000000, -1.#QNAN0
2499.650986, 284.725365, 1.000000, -1.#QNAN0
2499.718659, 284.750545, 1.000000, -1.#QNAN0
2499.786331, 284.775725, 1.000000, -1.#QNAN0
2500.179114, 284.851701, 1.000000, -1.#QNAN0
2500.249041, 284.865226, 1.000000, -1.#QNAN0
2500.316713, 284.890407, 1.000000, -1.#QNAN0
2500.386640, 284.903933, 1.000000, -1.#QNAN0
2500.779423, 284.979908, 1.000000, -1.#QNAN0
2500.849350, 284.993434, 1.000000, -1.#QNAN0
2500.919277, 285.006960, 1.000000, -1.#QNAN0
2500.986949, 285.032140, 1.000000, -1.#QNAN0
2501.056876, 285.045666, 1.000000, -1.#QNAN0
2501.449659, 285.121641, 1.000000, -1.#QNAN0
2501.519586, 285.135167, 1.000000, -1.#QNAN0
2501.589513, 285.148693, 1.000000, -1.#QNAN0
2501.659440, 285.162219, 1.000000, -1.#QNAN0
2501.729367, 285.175744, 1.000000, -1.#QNAN0
2502.122150, 285.251720, 1.000000, -1.#QNAN0
2502.192076, 285.265246, 1.000000, -1.#QNAN0
2502.262003, 285.278771, 1.000000, -1.#QNAN0
2502.331930, 285.292297, 1.000000, -1.#QNAN0
2502.401857, 285.305823, 1.000000, -1.#QNAN0
2502.794640, 285.381798, 1.000000, -1.#QNAN0
2502.862312, 285.406979, 1.000000, -1.#QNAN0
2502.932239, 285.420505, 1.000000, -1.#QNAN0
2503.002166, 285.434030, 1.000000, -1.#QNAN0
2503.074347, 285.435902, 1.000000, -1.#QNAN0
2503.467131, 285.511877, 1.000000, -1.#QNAN0
2503.537058, 285.525403, 1.000000, -1.#QNAN0
2503.609239, 285.527274, 1.000000, -1.#QNAN0
2503.681420, 285.529146, 1.000000, -1.#QNAN0
2503.753601, 285.531017, 1.000000, -1.#QNAN0
2504.149786, 285.595560, 1.000000, -1.#QNAN0
2504.224221, 285.585777, 0.000000, -1.#QNAN0
2504.294148, 285.599303, 0.000000, -1.#QNAN0
2504.364075, 285.612828, 0.000000, -1.#QNAN0
2504.761506, 285.689703, 0.000000, -1.#QNAN0
2504.829179, 285.714883, 0.000000, -1.#QNAN0
2504.899105, 285.728409, 0.000000, -1.#QNAN0
2504.969032, 285.741935, 0.000000, -1.#QNAN0
2505.038959, 285.755461, 0.000000, -1.#QNAN0
2505.439923, 285.833018, 0.000000, -1.#QNAN0
2505.509850, 285.846544, 0.000000, -1.#QNAN0
2505.579777, 285.860070, 0.000000, -1.#QNAN0
2505.647450, 285.885250, 0.000000, -1.#QNAN0
2505.717377, 285.898776, 0.000000, -1.#QNAN0
2506.121904, 285.977023, 0.000000, -1.#QNAN0
2506.191831, 285.990549, 0.000000, -1.#QNAN0
2506.261758, 286.004075, 0.000000, -1.#QNAN0
2506.331685, 286.017601, 0.000000, -1.#QNAN0
2506.401612, 286.031127, 0.000000, -1.#QNAN0
2506.809736, 286.110069, 0.000000, -1.#QNAN0
2506.877409, 286.135250, 0.000000, -1.#QNAN0
2506.947335, 286.148776, 0.000000, -1.#QNAN0
2507.017262, 286.162301, 0.000000, -1.#QNAN0
2507.087189, 286.175827, 0.000000, -1.#QNAN0
2507.498941, 286.255472, 0.000000, -1.#QNAN0
2507.568867, 286.268997, 0.000000, -1.#QNAN0
2507.638794, 286.282523, 0.000000, -1.#QNAN0
2507.708721, 286.296049, 0.000000, -1.#QNAN0
2507.776394, 286.321229, 0.000000, -1.#QNAN0
2508.180148, 286.399327, 0.000000, -1.#QNAN0
2508.250074, 286.412853, 0.000000, -1.#QNAN0
2508.320001, 286.426378, 0.000000, -1.#QNAN0
2508.389928, 286.439904, 0.000000, -1.#QNAN0
2508.459855, 286.453430, 0.000000, -1.#QNAN0
2508.866076, 286.532005, 0.000000, -1.#QNAN0
2508.933748, 286.557185, 0.000000, -1.#QNAN0
2509.003675, 286.570711, 0.000000, -1.#QNAN0
2509.073602, 286.584237, 0.000000, -1.#QNAN0
2509.143529, 286.597762, 0.000000, -1.#QNAN0
2509.545242, 286.699646, 1.000000, -1.#QNAN0
2509.612914, 286.724826, 1.000000, -1.#QNAN0
2509.680587, 286.750007, 1.000000, -1.#QNAN0
2509.750514, 286.763533, 1.000000, -1.#QNAN0
2509.820441, 286.777058, 1.000000, -1.#QNAN0
2510.226661, 286.855633, 1.000000, -1.#QNAN0
2510.296588, 286.869159, 1.000000, -1.#QNAN0
2510.366515, 286.882685, 1.000000, -1.#QNAN0
2510.438696, 286.884556, 1.000000, -1.#QNAN0
2510.508623, 286.898082, 1.000000, -1.#QNAN0
2510.914844, 286.976656, 1.000000, -1.#QNAN0
2510.987025, 286.978528, 1.000000, -1.#QNAN0
2511.056952, 286.992054, 1.000000, -1.#QNAN0
2511.126879, 287.005580, 1.000000, -1.#QNAN0
2511.199060, 287.007451, 1.000000, -1.#QNAN0
2511.606872, 287.085927, 1.000000, -1.#QNAN0
2511.676812, 287.099385, 1.000000, -1.#QNAN0
2511.746752, 287.112844, 1.000000, -1.#QNAN0
2511.816692, 287.126302, 1.000000, -1.#QNAN0
2511.888875, 287.128104, 1.000000, -1.#QNAN0
2512.302565, 287.205793, 1.000000, -1.#QNAN0
2512.372565, 287.218936, 1.000000, -1.#QNAN0
2512.442565, 287.232078, 1.000000, -1.#QNAN0
2512.512565, 287.245221, 1.000000, -1.#QNAN0
2512.582565, 287.258364, 1.000000, -1.#QNAN0
2513.000991, 287.333857, 1.000000, -1.#QNAN0
2513.071083, 287.346496, 1.000000, -1.#QNAN0
2513.141176, 287.359136, 1.000000, -1.#QNAN0
2513.211269, 287.371775, 1.000000, -1.#QNAN0
2513.283468, 287.372732, 1.000000, -1.#QNAN0
2513.702159, 287.445216, 1.000000, -1.#QNAN0
2513.772339, 287.457359, 1.000000, -1.#QNAN0
2513.842519, 287.469502, 1.000000, -1.#QNAN0
2513.912699, 287.481645, 1.000000, -1.#QNAN0
2513.982880, 287.493788, 1.000000, -1.#QNAN0
2514.401890, 287.563324, 1.000000, -1.#QNAN0
2514.472154, 287.574978, 1.000000, -1.#QNAN0
2514.544359, 287.574921, 1.000000, -1.#QNAN0
2514.614622, 287.586575, 1.000000, -1.#QNAN0
2514.686827, 287.586518, 1.000000, -1.#QNAN0
2515.105972, 287.653126, 1.000000, -1.#QNAN0
2515.176314, 287.664298, 1.000000, -1.#QNAN0
2515.246655, 287.675470, 1.000000, -1.#QNAN0
2515.560919, 286.150857, -1.000000, -1.#QNAN0
2515.387338, 287.697815, 0.000000, -1.#QNAN0
2515.806756, 287.761568, 0.000000, -1.#QNAN0
2515.875388, 287.784001, 0.000000, -1.#QNAN0
2515.945803, 287.794698, 0.000000, -1.#QNAN0
2516.016218, 287.805396, 0.000000, -1.#QNAN0
2516.086633, 287.816093, 0.000000, -1.#QNAN0
2516.504467, 287.877265, 0.000000, -1.#QNAN0
2516.574940, 287.887579, 0.000000, -1.#QNAN0
2516.645412, 287.897892, 0.000000, -1.#QNAN0
2516.714165, 287.919951, 0.000000, -1.#QNAN0
2516.784638, 287.930265, 0.000000, -1.#QNAN0
2517.197261, 287.989814, 0.000000, -1.#QNAN0
2517.267754, 287.999987, 0.000000, -1.#QNAN0
2517.338246, 288.010160, 0.000000, -1.#QNAN0
2517.408739, 288.020333, 0.000000, -1.#QNAN0
2517.477536, 288.042255, 0.000000, -1.#QNAN0
2517.887046, 288.101352, 0.000000, -1.#QNAN0
2517.957538, 288.111525, 0.000000, -1.#QNAN0
2518.028031, 288.121698, 0.000000, -1.#QNAN0
2518.098524, 288.131871, 0.000000, -1.#QNAN0
2518.169017, 288.142044, 0.000000, -1.#QNAN0
2518.578525, 288.201141, 0.000000, -1.#QNAN0
2518.647322, 288.223063, 0.000000, -1.#QNAN0
2518.717815, 288.233236, 0.000000, -1.#QNAN0
2518.788308, 288.243409, 0.000000, -1.#QNAN0
2518.858801, 288.253581, 0.000000, -1.#QNAN0
2519.268309, 288.312678, 0.000000, -1.#QNAN0
2519.338802, 288.322851, 0.000000, -1.#QNAN0
2519.407599, 288.344773, 0.000000, -1.#QNAN0
2519.478092, 288.354946, 0.000000, -1.#QNAN0
2519.548585, 288.365119, 0.000000, -1.#QNAN0
2519.958094, 288.424216, 0.000000, -1.#QNAN0
2520.028587, 288.434389, 0.000000, -1.#QNAN0
2520.099080, 288.444562, 0.000000, -1.#QNAN0
2520.169572, 288.454735, 0.000000, -1.#QNAN0
2520.238370, 288.476657, 0.000000, -1.#QNAN0
2520.647878, 288.535754, 0.000000, -1.#QNAN0
2520.718371, 288.545927, 0.000000, -1.#QNAN0
2520.788864, 288.556100, 0.000000, -1.#QNAN0
2520.859356, 288.566273, 0.000000, -1.#QNAN0
2520.929849, 288.576446, 0.000000, -1.#QNAN0
2521.337662, 288.647291, 0.000000, -1.#QNAN0
2521.408155, 288.657464, 0.000000, -1.#QNAN0
2521.478648, 288.667637, 0.000000, -1.#QNAN0
2521.783118, 287.056477, -1.000000, -1.#QNAN0
2521.619633, 288.687983, 1.000000, -1.#QNAN0
2522.029143, 288.747080, 1.000000, -1.#QNAN0
2522.099635, 288.757253, 1.000000, -1.#QNAN0
2522.170128, 288.767426, 1.000000, -1.#QNAN0
2522.240621, 288.777599, 1.000000, -1.#QNAN0
2522.311114, 288.787772, 1.000000, -1.#QNAN0
2522.720622, 288.846869, 1.000000, -1.#QNAN0
2522.791115, 288.857042, 1.000000, -1.#QNAN0
2522.861608, 288.867215, 1.000000, -1.#QNAN0
2522.932100, 288.877388, 1.000000, -1.#QNAN0
2523.002593, 288.887561, 1.000000, -1.#QNAN0
2523.410406, 288.958407, 1.000000, -1.#QNAN0
2523.480899, 288.968580, 1.000000, -1.#QNAN0
2523.551392, 288.978752, 1.000000, -1.#QNAN0
2523.621884, 288.988925, 1.000000, -1.#QNAN0
2523.692377, 288.999098, 1.000000, -1.#QNAN0
2524.101886, 289.058195, 1.000000, -1.#QNAN0
2524.172379, 289.068368, 1.000000, -1.#QNAN0
2524.242872, 289.078541, 1.000000, -1.#QNAN0
2524.315060, 289.076966, 1.000000, -1.#QNAN0
2524.385553, 289.087138, 1.000000, -1.#QNAN0
2524.792601, 289.157874, 1.000000, -1.#QNAN0
2524.864789, 289.156298, 1.000000, -1.#QNAN0
2524.935282, 289.166471, 1.000000, -1.#QNAN0
2525.005774, 289.176644, 1.000000, -1.#QNAN0
2525.074572, 289.198566, 1.000000, -1.#QNAN0
2525.491423, 289.258722, 1.000000, -1.#QNAN0
2525.561916, 289.268895, 1.000000, -1.#QNAN0
2525.632409, 289.279068, 1.000000, -1.#QNAN0
2525.702902, 289.289241, 1.000000, -1.#QNAN0
2526.116122, 289.348874, 1.000000, -1.#QNAN0
2526.186615, 289.359047, 1.000000, -1.#QNAN0
2526.257107, 289.369220, 1.000000, -1.#QNAN0
2526.327600, 289.379393, 1.000000, -1.#QNAN0
2526.398093, 289.389566, 1.000000, -1.#QNAN0
2526.805993, 289.460424, 1.000000, -1.#QNAN0
2526.876486, 289.470597, 1.000000, -1.#QNAN0
2526.946979, 289.480770, 1.000000, -1.#QNAN0
2527.017471, 289.490943, 1.000000, -1.#QNAN0
2527.089660, 289.489367, 1.000000, -1.#QNAN0
2527.495640, 289.547955, 1.000000, -1.#QNAN0
2527.567828, 289.546379, 1.000000, -1.#QNAN0
2527.638321, 289.556552, 1.000000, -1.#QNAN0
2527.708813, 289.566725, 1.000000, -1.#QNAN0
2527.779306, 289.576898, 1.000000, -1.#QNAN0
2528.183375, 289.623216, 1.000000, -1.#QNAN0
2528.253868, 289.633389, 1.000000, -1.#QNAN0
2528.326056, 289.631813, 1.000000, -1.#QNAN0
2528.396549, 289.641986, 0.000000, -1.#QNAN0
2528.467042, 289.652159, 0.000000, -1.#QNAN0
2528.865816, 289.709707, 0.000000, -1.#QNAN0
2528.936309, 289.719880, 0.000000, -1.#QNAN0
2529.006802, 289.730053, 0.000000, -1.#QNAN0
2529.077295, 289.740226, 0.000000, -1.#QNAN0
2529.147787, 289.750399, 0.000000, -1.#QNAN0
2529.543725, 289.807538, 0.000000, -1.#QNAN0
2529.614218, 289.817711, 0.000000, -1.#QNAN0
2529.684711, 289.827883, 0.000000, -1.#QNAN0
2529.755203, 289.838056, 0.000000, -1.#QNAN0
2530.151142, 289.895195, 0.000000, -1.#QNAN0
2530.221635, 289.905368, 0.000000, -1.#QNAN0
2530.292127, 289.915541, 0.000000, -1.#QNAN0
2530.362620, 289.925714, 0.000000, -1.#QNAN0
2530.433113, 289.935887, 0.000000, -1.#QNAN0
2530.829051, 289.993025, 0.000000, -1.#QNAN0
2530.899543, 290.003198, 0.000000, -1.#QNAN0
2530.970036, 290.013371, 0.000000, -1.#QNAN0
2531.040529, 290.023544, 0.000000, -1.#QNAN0
2531.111022, 290.033717, 0.000000, -1.#QNAN0
2531.506960, 290.090856, 0.000000, -1.#QNAN0
2531.577452, 290.101029, 0.000000, -1.#QNAN0
2531.647945, 290.111202, 0.000000, -1.#QNAN0
2531.718438, 290.121375, 0.000000, -1.#QNAN0
2531.788931, 290.131548, 0.000000, -1.#QNAN0
2532.185171, 290.188660, 0.000000, -1.#QNAN0
2532.255666, 290.198820, 0.000000, -1.#QNAN0
2532.326161, 290.208980, 0.000000, -1.#QNAN0
2532.396655, 290.219140, 0.000000, -1.#QNAN0
2532.467150, 290.229301, 0.000000, -1.#QNAN0
2532.865213, 290.286168, 0.000000, -1.#QNAN0
2532.935721, 290.296238, 0.000000, -1.#QNAN0
2533.006228, 290.306308, 0.000000, -1.#QNAN0
2533.076736, 290.316378, 0.000000, -1.#QNAN0
2533.147243, 290.326448, 0.000000, -1.#QNAN0
2533.548740, 290.382442, 0.000000, -1.#QNAN0
2533.619281, 290.392279, 0.000000, -1.#QNAN0
2533.688182, 290.413872, 1.000000, -1.#QNAN0
2533.755444, 290.447222, 1.000000, -1.#QNAN0
2534.155704, 290.513854, 1.000000, -1.#QNAN0
2534.226277, 290.523453, 1.000000, -1.#QNAN0
2534.296851, 290.533052, 1.000000, -1.#QNAN0
2534.367424, 290.542651, 1.000000, -1.#QNAN0
2534.437997, 290.552250, 1.000000, -1.#QNAN0
2534.840175, 290.605727, 1.000000, -1.#QNAN0
2534.910781, 290.615085, 1.000000, -1.#QNAN0
2534.982946, 290.612675, 1.000000, -1.#QNAN0
2535.053552, 290.622033, 1.000000, -1.#QNAN0
2535.124157, 290.631391, 1.000000, -1.#QNAN0
2535.525055, 290.695212, 1.000000, -1.#QNAN0
2535.595693, 290.704325, 1.000000, -1.#QNAN0
2535.666331, 290.713437, 1.000000, -1.#QNAN0
2535.738487, 290.710777, 1.000000, -1.#QNAN0
2535.809125, 290.719890, 1.000000, -1.#QNAN0
2536.211820, 290.770490, 1.000000, -1.#QNAN0
2536.282490, 290.779353, 1.000000, -1.#QNAN0
2536.353159, 290.788217, 1.000000, -1.#QNAN0
2536.423828, 290.797080, 1.000000, -1.#QNAN0
2536.494498, 290.805943, 1.000000, -1.#QNAN0
2536.897324, 290.855086, 1.000000, -1.#QNAN0
2536.968024, 290.863702, 1.000000, -1.#QNAN0
2537.038724, 290.872318, 1.000000, -1.#QNAN0
2537.109424, 290.880934, 1.000000, -1.#QNAN0
2537.178688, 290.901333, 1.000000, -1.#QNAN0
2537.580108, 290.949222, 1.000000, -1.#QNAN0
2537.650830, 290.957658, 1.000000, -1.#QNAN0
2537.721552, 290.966094, 1.000000, -1.#QNAN0
2537.792273, 290.974530, 1.000000, -1.#QNAN0
2538.189498, 291.021914, 1.000000, -1.#QNAN0
2538.260219, 291.030350, 1.000000, -1.#QNAN0
2538.330941, 291.038786, 1.000000, -1.#QNAN0
2538.401663, 291.047222, 1.000000, -1.#QNAN0
2538.472384, 291.055658, 1.000000, -1.#QNAN0
2538.869608, 291.103041, 1.000000, -1.#QNAN0
2538.940330, 291.111477, 1.000000, -1.#QNAN0
2539.011051, 291.119913, 1.000000, -1.#QNAN0
2539.081773, 291.128349, 1.000000, -1.#QNAN0
2539.152495, 291.136785, 1.000000, -1.#QNAN0
2539.549718, 291.184168, 1.000000, -1.#QNAN0
2539.620440, 291.192604, 1.000000, -1.#QNAN0
2539.691161, 291.201040, 1.000000, -1.#QNAN0
2539.763289, 291.197689, 1.000000, -1.#QNAN0
2539.834011, 291.206126, 1.000000, -1.#QNAN0
2540.231235, 291.253509, 1.000000, -1.#QNAN0
2540.301957, 291.261945, 0.000000, -1.#QNAN0
2540.372678, 291.270381, 0.000000, -1.#QNAN0
2540.443400, 291.278817, 0.000000, -1.#QNAN0
2540.514122, 291.287253, 0.000000, -1.#QNAN0
2540.911345, 291.334636, 0.000000, -1.#QNAN0
2540.982067, 291.343072, 0.000000, -1.#QNAN0
2541.052788, 291.351508, 0.000000, -1.#QNAN0
2541.123510, 291.359944, 0.000000, -1.#QNAN0
2541.194232, 291.368380, 0.000000, -1.#QNAN0
2541.590049, 291.427550, 0.000000, -1.#QNAN0
2541.660771, 291.435986, 0.000000, -1.#QNAN0
2541.731493, 291.444422, 0.000000, -1.#QNAN0
2541.802214, 291.452858, 0.000000, -1.#QNAN0
2542.199439, 291.500242, 0.000000, -1.#QNAN0
2542.270160, 291.508678, 0.000000, -1.#QNAN0
2542.340882, 291.517114, 0.000000, -1.#QNAN0
2542.411603, 291.525550, 0.000000, -1.#QNAN0
2542.482325, 291.533986, 0.000000, -1.#QNAN0
2542.879549, 291.581369, 0.000000, -1.#QNAN0
2542.950270, 291.589805, 0.000000, -1.#QNAN0
2543.020992, 291.598241, 0.000000, -1.#QNAN0
2543.091714, 291.606677, 0.000000, -1.#QNAN0
2543.162435, 291.615113, 0.000000, -1.#QNAN0
2543.559659, 291.662496, 0.000000, -1.#QNAN0
2543.630381, 291.670932, 0.000000, -1.#QNAN0
2543.701102, 291.679368, 0.000000, -1.#QNAN0
2543.771824, 291.687804, 0.000000, -1.#QNAN0
2543.842546, 291.696241, 0.000000, -1.#QNAN0
2544.238364, 291.755411, 0.000000, -1.#QNAN0
2544.309086, 291.763847, 0.000000, -1.#QNAN0
2544.379807, 291.772283, 0.000000, -1.#QNAN0
2544.450529, 291.780719, 0.000000, -1.#QNAN0
2544.521250, 291.789155, 0.000000, -1.#QNAN0
2544.918474, 291.836538, 0.000000, -1.#QNAN0
2544.989196, 291.844974, 0.000000, -1.#QNAN0
2545.059917, 291.853410, 0.000000, -1.#QNAN0
2545.130639, 291.861846, 0.000000, -1.#QNAN0
2545.201361, 291.870282, 1.000000, -1.#QNAN0
2545.602418, 291.906168, 1.000000, -1.#QNAN0
2545.674546, 291.902817, 1.000000, -1.#QNAN0
2545.745268, 291.911253, 1.000000, -1.#QNAN0
2545.815989, 291.919689, 1.000000, -1.#QNAN0
2546.220620, 291.967956, 1.000000, -1.#QNAN0
2546.291341, 291.976392, 1.000000, -1.#QNAN0
2546.362063, 291.984828, 1.000000, -1.#QNAN0
2546.432785, 291.993264, 1.000000, -1.#QNAN0
2546.503506, 292.001700, 1.000000, -1.#QNAN0
2546.913144, 292.050564, 1.000000, -1.#QNAN0
2546.983866, 292.059000, 1.000000, -1.#QNAN0
2547.054587, 292.067436, 1.000000, -1.#QNAN0
2547.125309, 292.075872, 1.000000, -1.#QNAN0
2547.194625, 292.096095, 1.000000, -1.#QNAN0
2547.609301, 292.145560, 1.000000, -1.#QNAN0
2547.680022, 292.153996, 1.000000, -1.#QNAN0
2547.750744, 292.162432, 1.000000, -1.#QNAN0
2547.821466, 292.170868, 1.000000, -1.#QNAN0
2547.892187, 292.179304, 1.000000, -1.#QNAN0
2548.300144, 292.227968, 1.000000, -1.#QNAN0
2548.370865, 292.236404, 1.000000, -1.#QNAN0
2548.441587, 292.244840, 1.000000, -1.#QNAN0
2548.512309, 292.253276, 1.000000, -1.#QNAN0
2548.583030, 292.261712, 1.000000, -1.#QNAN0
2548.996081, 292.310983, 1.000000, -1.#QNAN0
2549.065397, 292.331206, 1.000000, -1.#QNAN0
2549.136118, 292.339642, 1.000000, -1.#QNAN0
2549.206840, 292.348078, 1.000000, -1.#QNAN0
2549.277562, 292.356514, 1.000000, -1.#QNAN0
2549.695735, 292.406396, 1.000000, -1.#QNAN0
2549.766457, 292.414832, 1.000000, -1.#QNAN0
2549.837178, 292.423268, 1.000000, -1.#QNAN0
2549.907900, 292.431704, 1.000000, -1.#QNAN0
2549.978622, 292.440140, 1.000000, -1.#QNAN0
2550.398013, 292.502122, 1.000000, -1.#QNAN0
2550.468735, 292.510559, 1.000000, -1.#QNAN0
2550.539456, 292.518995, 1.000000, -1.#QNAN0
2550.610178, 292.527431, 1.000000, -1.#QNAN0
2550.680900, 292.535867, 1.000000, -1.#QNAN0
2551.101696, 292.586062, 1.000000, -1.#QNAN0
2551.171012, 292.606285, 1.000000, -1.#QNAN0
2551.241734, 292.614721, 1.000000, -1.#QNAN0
2551.313861, 292.611370, 1.000000, -1.#QNAN0
2551.384583, 292.619806, 1.000000, -1.#QNAN0
2551.805380, 292.670001, 1.000000, -1.#QNAN0
2551.876101, 292.678437, 1.000000, -1.#QNAN0
2551.946823, 292.686873, 1.000000, -1.#QNAN0
2552.018951, 292.683522, 0.000000, -1.#QNAN0
2552.089672, 292.691958, 0.000000, -1.#QNAN0
2552.510470, 292.742153, 0.000000, -1.#QNAN0
2552.579785, 292.762376, 0.000000, -1.#QNAN0
2552.650507, 292.770812, 0.000000, -1.#QNAN0
2552.721229, 292.779249, 0.000000, -1.#QNAN0
2552.791950, 292.787685, 0.000000, -1.#QNAN0
2553.209682, 292.838228, 0.000000, -1.#QNAN0
2553.280389, 292.846790, 0.000000, -1.#QNAN0
2553.349668, 292.867137, 0.000000, -1.#QNAN0
2553.420375, 292.875699, 0.000000, -1.#QNAN0
2553.491081, 292.884260, 0.000000, -1.#QNAN0
2553.902306, 292.936233, 0.000000, -1.#QNAN0
2553.972965, 292.945182, 0.000000, -1.#QNAN0
2554.043624, 292.954130, 0.000000, -1.#QNAN0
2554.114282, 292.963078, 0.000000, -1.#QNAN0
2554.183449, 292.983803, 0.000000, -1.#QNAN0
2554.591738, 293.038268, 0.000000, -1.#QNAN0
2554.662333, 293.047707, 0.000000, -1.#QNAN0
2554.732927, 293.057146, 0.000000, -1.#QNAN0
2554.803522, 293.066585, 0.000000, -1.#QNAN0
2554.874117, 293.076023, 0.000000, -1.#QNAN0
2555.280630, 293.145053, 0.000000, -1.#QNAN0
2555.351159, 293.154972, 0.000000, -1.#QNAN0
2555.421688, 293.164890, 0.000000, -1.#QNAN0
2555.492217, 293.174808, 0.000000, -1.#QNAN0
2555.562746, 293.184726, 0.000000, -1.#QNAN0
2555.970696, 293.244739, 0.000000, -1.#QNAN0
2556.039426, 293.266869, 0.000000, -1.#QNAN0
2556.109888, 293.277256, 0.000000, -1.#QNAN0
2556.180349, 293.287642, 0.000000, -1.#QNAN0
2556.250811, 293.298029, 0.000000, -1.#QNAN0
2556.658533, 293.360720, 0.000000, -1.#QNAN0
2556.728926, 293.371565, 0.000000, -1.#QNAN0
2556.799319, 293.382409, 0.000000, -1.#QNAN0
2556.867904, 293.404985, 0.000000, -1.#QNAN0
2556.938296, 293.415829, 0.000000, -1.#QNAN0
2557.622419, 291.758245, -1.000000, -1.#QNAN0
2557.416101, 293.492432, 1.000000, -1.#QNAN0
2557.484542, 293.515444, 1.000000, -1.#QNAN0
2557.554864, 293.526735, 1.000000, -1.#QNAN0
2557.625186, 293.538027, 1.000000, -1.#QNAN0
2558.036272, 293.605671, 1.000000, -1.#QNAN0
2558.106547, 293.617249, 1.000000, -1.#QNAN0
2558.176823, 293.628827, 1.000000, -1.#QNAN0
2558.245169, 293.652118, 1.000000, -1.#QNAN0
2558.315445, 293.663696, 1.000000, -1.#QNAN0
2558.731934, 293.732684, 1.000000, -1.#QNAN0
2558.802199, 293.744326, 1.000000, -1.#QNAN0
2558.874405, 293.744257, 1.000000, -1.#QNAN0
2558.944670, 293.755900, 1.000000, -1.#QNAN0
2559.014935, 293.767542, 1.000000, -1.#QNAN0
2559.431074, 293.848525, 1.000000, -1.#QNAN0
2559.501339, 293.860167, 1.000000, -1.#QNAN0
2559.571604, 293.871810, 1.000000, -1.#QNAN0
2559.641869, 293.883452, 1.000000, -1.#QNAN0
2559.712134, 293.895094, 1.000000, -1.#QNAN0
2560.128273, 293.976077, 1.000000, -1.#QNAN0
2560.198538, 293.987720, 1.000000, -1.#QNAN0
2560.268803, 293.999362, 1.000000, -1.#QNAN0
2560.339068, 294.011004, 1.000000, -1.#QNAN0
2560.409333, 294.022647, 1.000000, -1.#QNAN0
2560.827413, 294.091919, 1.000000, -1.#QNAN0
2560.897678, 294.103561, 1.000000, -1.#QNAN0
2560.967943, 294.115204, 1.000000, -1.#QNAN0
2561.038208, 294.126846, 1.000000, -1.#QNAN0
2561.108473, 294.138488, 1.000000, -1.#QNAN0
2561.526552, 294.207760, 1.000000, -1.#QNAN0
2561.596817, 294.219403, 1.000000, -1.#QNAN0
2561.667082, 294.231045, 1.000000, -1.#QNAN0
2561.737347, 294.242687, 1.000000, -1.#QNAN0
2561.809553, 294.242619, 1.000000, -1.#QNAN0
2562.227632, 294.311891, 1.000000, -1.#QNAN0
2562.297897, 294.323533, 1.000000, -1.#QNAN0
2562.368162, 294.335176, 1.000000, -1.#QNAN0
2562.438427, 294.346818, 1.000000, -1.#QNAN0
2562.508692, 294.358460, 1.000000, -1.#QNAN0
2562.928713, 294.416022, 1.000000, -1.#QNAN0
2562.998978, 294.427664, 1.000000, -1.#QNAN0
2563.069243, 294.439307, 1.000000, -1.#QNAN0
2563.139508, 294.450949, 1.000000, -1.#QNAN0
2563.211713, 294.450880, 1.000000, -1.#QNAN0
2563.629793, 294.520153, 1.000000, -1.#QNAN0
2563.701998, 294.520084, 1.000000, -1.#QNAN0
2563.774203, 294.520016, 1.000000, -1.#QNAN0
2563.844468, 294.531658, 1.000000, -1.#QNAN0
2563.916674, 294.531589, 1.000000, -1.#QNAN0
2564.334753, 294.600862, 0.000000, -1.#QNAN0
2564.405018, 294.612504, 0.000000, -1.#QNAN0
2564.475283, 294.624146, 0.000000, -1.#QNAN0
2564.545548, 294.635788, 0.000000, -1.#QNAN0
2564.615813, 294.647431, 0.000000, -1.#QNAN0
2565.033893, 294.716703, 0.000000, -1.#QNAN0
2565.102218, 294.740056, 0.000000, -1.#QNAN0
2565.172483, 294.751699, 0.000000, -1.#QNAN0
2565.242748, 294.763341, 0.000000, -1.#QNAN0
2565.313013, 294.774983, 0.000000, -1.#QNAN0
2565.731092, 294.844255, 0.000000, -1.#QNAN0
2565.801357, 294.855898, 0.000000, -1.#QNAN0
2565.871622, 294.867540, 0.000000, -1.#QNAN0
2565.941888, 294.879182, 0.000000, -1.#QNAN0
2566.012153, 294.890825, 0.000000, -1.#QNAN0
2566.429014, 294.959895, 0.000000, -1.#QNAN0
2566.499279, 294.971538, 0.000000, -1.#QNAN0
2566.569544, 294.983180, 0.000000, -1.#QNAN0
2566.639809, 294.994822, 0.000000, -1.#QNAN0
2566.708134, 295.018175, 0.000000, -1.#QNAN0
2567.123260, 295.086958, 0.000000, -1.#QNAN0
2567.193525, 295.098600, 0.000000, -1.#QNAN0
2567.263790, 295.110243, 0.000000, -1.#QNAN0
2567.334055, 295.121885, 0.000000, -1.#QNAN0
2567.404320, 295.133527, 0.000000, -1.#QNAN0
2567.817712, 295.202023, 0.000000, -1.#QNAN0
2567.887977, 295.213665, 0.000000, -1.#QNAN0
2567.958242, 295.225308, 0.000000, -1.#QNAN0
2568.028507, 295.236950, 0.000000, -1.#QNAN0
2568.098772, 295.248592, 0.000000, -1.#QNAN0
2568.510434, 295.316801, 0.000000, -1.#QNAN0
2568.578758, 295.340154, 0.000000, -1.#QNAN0
2568.649023, 295.351797, 0.000000, -1.#QNAN0
2568.719288, 295.363439, 0.000000, -1.#QNAN0
2568.789553, 295.375081, 0.000000, -1.#QNAN0
2569.199490, 295.443004, 0.000000, -1.#QNAN0
2569.269755, 295.454647, 0.000000, -1.#QNAN0
2569.625257, 293.744796, -1.000000, -1.#QNAN0
2569.408345, 295.489642, 1.000000, -1.#QNAN0
2569.476669, 295.512995, 1.000000, -1.#QNAN0
2569.884882, 295.580633, 1.000000, -1.#QNAN0
2569.955147, 295.592275, 1.000000, -1.#QNAN0
2570.025412, 295.603917, 1.000000, -1.#QNAN0
2570.095677, 295.615560, 1.000000, -1.#QNAN0
2570.165942, 295.627202, 1.000000, -1.#QNAN0
2570.574376, 295.682844, 1.000000, -1.#QNAN0
2570.644641, 295.694486, 1.000000, -1.#QNAN0
2570.714906, 295.706128, 1.000000, -1.#QNAN0
2570.785171, 295.717771, 1.000000, -1.#QNAN0
2570.855436, 295.729413, 1.000000, -1.#QNAN0
2571.261415, 295.796680, 1.000000, -1.#QNAN0
2571.331680, 295.808323, 1.000000, -1.#QNAN0
2571.400005, 295.831676, 1.000000, -1.#QNAN0
2571.470270, 295.843318, 1.000000, -1.#QNAN0
2571.540535, 295.854960, 1.000000, -1.#QNAN0
2571.946513, 295.922228, 1.000000, -1.#QNAN0
2572.016778, 295.933870, 1.000000, -1.#QNAN0
2572.087044, 295.945512, 1.000000, -1.#QNAN0
2572.157309, 295.957155, 1.000000, -1.#QNAN0
2572.227574, 295.968797, 1.000000, -1.#QNAN0
2572.633552, 296.036064, 1.000000, -1.#QNAN0
2572.703817, 296.047706, 1.000000, -1.#QNAN0
2572.774082, 296.059349, 1.000000, -1.#QNAN0
2572.844347, 296.070991, 1.000000, -1.#QNAN0
2572.914612, 296.082633, 1.000000, -1.#QNAN0
2573.320591, 296.149901, 1.000000, -1.#QNAN0
2573.390856, 296.161543, 1.000000, -1.#QNAN0
2573.461121, 296.173185, 1.000000, -1.#QNAN0
2573.531386, 296.184828, 1.000000, -1.#QNAN0
2573.603592, 296.184759, 1.000000, -1.#QNAN0
2574.011147, 296.251942, 1.000000, -1.#QNAN0
2574.081422, 296.263522, 1.000000, -1.#QNAN0
2574.151697, 296.275103, 1.000000, -1.#QNAN0
2574.221972, 296.286684, 1.000000, -1.#QNAN0
2574.292248, 296.298264, 1.000000, -1.#QNAN0
2574.701674, 296.364989, 1.000000, -1.#QNAN0
2574.771971, 296.376437, 1.000000, -1.#QNAN0
2574.842267, 296.387885, 1.000000, -1.#QNAN0
2574.912564, 296.399333, 1.000000, -1.#QNAN0
2574.982861, 296.410781, 1.000000, -1.#QNAN0
2575.392951, 296.476703, 1.000000, -1.#QNAN0
2575.463273, 296.487997, 1.000000, -1.#QNAN0
2575.535477, 296.487571, 1.000000, -1.#QNAN0
2575.605799, 296.498865, 1.000000, -1.#QNAN0
2575.678003, 296.498439, 1.000000, -1.#QNAN0
2576.088213, 296.563454, 1.000000, -1.#QNAN0
2576.158559, 296.574593, 1.000000, -1.#QNAN0
2576.228906, 296.585733, 0.000000, -1.#QNAN0
2576.299252, 296.596872, 0.000000, -1.#QNAN0
2576.369599, 296.608012, 0.000000, -1.#QNAN0
2576.778150, 296.683849, 0.000000, -1.#QNAN0
2576.848521, 296.694832, 0.000000, -1.#QNAN0
2576.918892, 296.705816, 0.000000, -1.#QNAN0
2576.989263, 296.716799, 0.000000, -1.#QNAN0
2577.059634, 296.727782, 0.000000, -1.#QNAN0
2577.470213, 296.790983, 0.000000, -1.#QNAN0
2577.540609, 296.801809, 0.000000, -1.#QNAN0
2577.609200, 296.824367, 0.000000, -1.#QNAN0
2577.679595, 296.835193, 0.000000, -1.#QNAN0
2577.749991, 296.846019, 0.000000, -1.#QNAN0
2578.160766, 296.908303, 0.000000, -1.#QNAN0
2578.231186, 296.918971, 0.000000, -1.#QNAN0
2578.301605, 296.929638, 0.000000, -1.#QNAN0
2578.370247, 296.952042, 0.000000, -1.#QNAN0
2578.440667, 296.962709, 0.000000, -1.#QNAN0
2578.850164, 297.024170, 0.000000, -1.#QNAN0
2578.920599, 297.034735, 0.000000, -1.#QNAN0
2578.991034, 297.045300, 0.000000, -1.#QNAN0
2579.061469, 297.055865, 0.000000, -1.#QNAN0
2579.131904, 297.066430, 0.000000, -1.#QNAN0
2579.537710, 297.139172, 0.000000, -1.#QNAN0
2579.608149, 297.149714, 0.000000, -1.#QNAN0
2579.678587, 297.160256, 0.000000, -1.#QNAN0
2579.749026, 297.170797, 0.000000, -1.#QNAN0
2579.819464, 297.181339, 0.000000, -1.#QNAN0
2580.226446, 297.242246, 0.000000, -1.#QNAN0
2580.296884, 297.252788, 0.000000, -1.#QNAN0
2580.365566, 297.275069, 0.000000, -1.#QNAN0
2580.436004, 297.285611, 0.000000, -1.#QNAN0
2580.506443, 297.296153, 0.000000, -1.#QNAN0
2580.913424, 297.357060, 0.000000, -1.#QNAN0
2580.983863, 297.367602, 0.000000, -1.#QNAN0
2581.054301, 297.378143, 0.000000, -1.#QNAN0
2581.122983, 297.400425, 0.000000, -1.#QNAN0
2581.193422, 297.410966, 0.000000, -1.#QNAN0
2581.600404, 297.471874, 0.000000, -1.#QNAN0
2581.937897, 295.697972, -1.000000, -1.#QNAN0
2581.743038, 297.481217, 1.000000, -1.#QNAN0
2581.813476, 297.491759, 1.000000, -1.#QNAN0
2581.883915, 297.502301, 1.000000, -1.#QNAN0
2582.290896, 297.563208, 1.000000, -1.#QNAN0
2582.361335, 297.573750, 1.000000, -1.#QNAN0
2582.431773, 297.584292, 1.000000, -1.#QNAN0
2582.503969, 297.583093, 1.000000, -1.#QNAN0
2582.574407, 297.593635, 1.000000, -1.#QNAN0
2582.979632, 297.666282, 1.000000, -1.#QNAN0
2583.050070, 297.676824, 1.000000, -1.#QNAN0
2583.120509, 297.687366, 1.000000, -1.#QNAN0
2583.192704, 297.686167, 1.000000, -1.#QNAN0
2583.263143, 297.696709, 1.000000, -1.#QNAN0
2583.670125, 297.757617, 1.000000, -1.#QNAN0
2583.740564, 297.768158, 1.000000, -1.#QNAN0
2583.811002, 297.778700, 1.000000, -1.#QNAN0
2583.881441, 297.789241, 1.000000, -1.#QNAN0
2583.951879, 297.799783, 1.000000, -1.#QNAN0
2584.358861, 297.860691, 1.000000, -1.#QNAN0
2584.429299, 297.871232, 1.000000, -1.#QNAN0
2584.499738, 297.881774, 1.000000, -1.#QNAN0
2584.570176, 297.892316, 1.000000, -1.#QNAN0
2584.638858, 297.914597, 1.000000, -1.#QNAN0
2585.045839, 297.975504, 1.000000, -1.#QNAN0
2585.116278, 297.986046, 1.000000, -1.#QNAN0
2585.186716, 297.996588, 1.000000, -1.#QNAN0
2585.257155, 298.007129, 1.000000, -1.#QNAN0
2585.327594, 298.017671, 1.000000, -1.#QNAN0
2585.734576, 298.078579, 1.000000, -1.#QNAN0
2585.803257, 298.100860, 1.000000, -1.#QNAN0
2585.873696, 298.111402, 1.000000, -1.#QNAN0
2585.944134, 298.121943, 1.000000, -1.#QNAN0
2586.014573, 298.132485, 1.000000, -1.#QNAN0
2586.421554, 298.193392, 1.000000, -1.#QNAN0
2586.491993, 298.203934, 1.000000, -1.#QNAN0
2586.562431, 298.214476, 1.000000, -1.#QNAN0
2586.632870, 298.225017, 1.000000, -1.#QNAN0
2586.701552, 298.247299, 1.000000, -1.#QNAN0
2587.107879, 298.308108, 1.000000, -1.#QNAN0
2587.178317, 298.318650, 1.000000, -1.#QNAN0
2587.248756, 298.329191, 1.000000, -1.#QNAN0
2587.320951, 298.327993, 1.000000, -1.#QNAN0
2587.391390, 298.338535, 1.000000, -1.#QNAN0
2587.808041, 298.400890, 1.000000, -1.#QNAN0
2587.878480, 298.411431, 1.000000, -1.#QNAN0
2587.950675, 298.410233, 1.000000, -1.#QNAN0
2588.021114, 298.420775, 1.000000, -1.#QNAN0
2588.089796, 298.443056, 1.000000, -1.#QNAN0
2588.505038, 298.505200, 0.000000, -1.#QNAN0
2588.575476, 298.515742, 0.000000, -1.#QNAN0
2588.645915, 298.526283, 0.000000, -1.#QNAN0
2588.714597, 298.548565, 0.000000, -1.#QNAN0
2588.785035, 298.559106, 0.000000, -1.#QNAN0
2589.198877, 298.621041, 0.000000, -1.#QNAN0
2589.269316, 298.631582, 0.000000, -1.#QNAN0
2589.339754, 298.642124, 0.000000, -1.#QNAN0
2589.410193, 298.652665, 0.000000, -1.#QNAN0
2589.822643, 298.714391, 0.000000, -1.#QNAN0
2589.893082, 298.724933, 0.000000, -1.#QNAN0
2589.961763, 298.747214, 0.000000, -1.#QNAN0
2590.032202, 298.757756, 0.000000, -1.#QNAN0
2590.102640, 298.768298, 0.000000, -1.#QNAN0
2590.513706, 298.829816, 0.000000, -1.#QNAN0
2590.584145, 298.840358, 0.000000, -1.#QNAN0
2590.654583, 298.850900, 0.000000, -1.#QNAN0
2590.725022, 298.861441, 0.000000, -1.#QNAN0
2590.793703, 298.883723, 0.000000, -1.#QNAN0
2591.203393, 298.945035, 0.000000, -1.#QNAN0
2591.273831, 298.955577, 0.000000, -1.#QNAN0
2591.344270, 298.966119, 0.000000, -1.#QNAN0
2591.414709, 298.976660, 0.000000, -1.#QNAN0
2591.485147, 298.987202, 0.000000, -1.#QNAN0
2591.894098, 299.048404, 0.000000, -1.#QNAN0
2591.962779, 299.070686, 0.000000, -1.#QNAN0
2592.033218, 299.081227, 0.000000, -1.#QNAN0
2592.103656, 299.091769, 0.000000, -1.#QNAN0
2440.667015, 271.227997, 0.000000, 0.000000
2440.737222, 271.239979, 0.000000, 0.000000
2440.807430, 271.251962, 0.000000, 0.000000
2440.877638, 271.263944, 0.000000, 0.000000
2441.269917, 271.318853, 0.000000, 0.000000
2441.340125, 271.330835, 0.000000, 0.000000
2441.410333, 271.342818, 0.000000, 0.000000
2441.480541, 271.354800, 0.000000, 0.000000
2441.550749, 271.366783, 0.000000, 0.000000
2441.941031, 271.433393, 0.000000, 0.000000
2442.013236, 271.433675, 0.000000, 0.000000
2442.083444, 271.445657, 0.000000, 0.000000
2442.153652, 271.457640, 0.000000, 0.000000
2442.223860, 271.469622, 0.000000, 0.000000
2442.614142, 271.536232, 0.000000, 0.000000
2442.684350, 271.548215, 0.000000, 0.000000
2442.754558, 271.560197, 0.000000, 0.000000
2442.826763, 271.560479, 0.000000, 0.000000
2443.217045, 271.627089, 0.000000, 0.000000
2443.287253, 271.639071, 0.000000, 0.000000
2443.357460, 271.651054, 0.000000, 0.000000
2443.427668, 271.663036, 0.000000, 0.000000
2443.497876, 271.675019, 0.000000, 0.000000
2443.890156, 271.729928, 0.000000, 0.000000
2443.960364, 271.741910, 0.000000, 0.000000
2444.030572, 271.753893, 0.000000, 0.000000
2444.100780, 271.765875, 0.000000, 0.000000
2444.170987, 271.777858, 0.000000, 0.000000
2444.561269, 271.844468, 0.000000, 0.000000
2444.631477, 271.856451, 0.000000, 0.000000
2444.703682, 271.856732, 0.000000, 0.000000
2444.773890, 271.868714, 0.000000, 0.000000
2445.164172, 271.935325, 0.000000, 0.000000
2445.234380, 271.947307, 0.000000, 0.000000
2445.304588, 271.959290, 0.000000, 0.000000
2445.374796, 271.971272, 0.000000, 0.000000
2445.447001, 271.971553, 0.000000, 0.000000
2445.837283, 272.038164, 0.000000, 0.000000
2445.907491, 272.050146, 0.000000, 0.000000
2445.977699, 272.062129, 0.000000, 0.000000
2446.047907, 272.074111, 0.000000, 0.000000
2446.118115, 272.086094, 0.000000, 0.000000
2446.508081, 272.152650, 0.000000, 0.000000
2446.580286, 272.152931, 0.000000, 0.000000
2446.650494, 272.164914, 0.000000, 0.000000
2446.720702, 272.176896, 0.000000, 0.000000
2447.109353, 272.243228, 0.000000, 0.000000
2447.179561, 272.255211, 0.000000, 0.000000
2447.249769, 272.267193, 0.000000, 0.000000
2447.321974, 272.267475, 0.000000, 0.000000
2447.392182, 272.279457, 0.000000, 0.000000
2447.779518, 272.345565, 0.000000, 0.000000
2447.849726, 272.357547, 0.000000, 0.000000
2447.919934, 272.369530, 0.000000, 0.000000
2447.990142, 272.381512, 0.000000, 0.000000
2448.060350, 272.393495, 0.000000, 0.000000
2448.448368, 272.447676, 0.000000, 0.000000
2448.518576, 272.459659, 0.000000, 0.000000
2448.588784, 272.471641, 0.000000, 0.000000
2448.653000, 272.518728, 1.000000, 0.000000
2449.033712, 272.607789, 1.000000, 0.000000
2449.103920, 272.619771, 1.000000, 0.000000
2449.164142, 272.690260, 1.000000, 0.000000
2449.232353, 272.713944, 1.000000, 0.000000
2449.302561, 272.725927, 1.000000, 0.000000
2449.685952, 272.791361, 1.000000, 0.000000
2449.756160, 272.803343, 1.000000, 0.000000
2449.826368, 272.815326, 1.000000, 0.000000
2449.896576, 272.827308, 1.000000, 0.000000
2449.966783, 272.839291, 1.000000, 0.000000
2450.348859, 272.904501, 1.000000, 0.000000
2450.419067, 272.916483, 1.000000, 0.000000
2450.489275, 272.928466, 1.000000, 0.000000
2450.559482, 272.940448, 1.000000, 0.000000
2450.940559, 273.005487, 1.000000, 0.000000
2451.010767, 273.017470, 1.000000, 0.000000
2451.080974, 273.029452, 1.000000, 0.000000
2451.151182, 273.041435, 1.000000, 0.000000
2451.221390, 273.053417, 1.000000, 0.000000
2451.602467, 273.118456, 1.000000, 0.000000
2451.670678, 273.142140, 1.000000, 0.000000
2451.742883, 273.142421, 1.000000, 0.000000
2451.813090, 273.154404, 1.000000, 0.000000
2451.881301, 273.178088, 1.000000, 0.000000
2452.262377, 273.243127, 1.000000, 0.000000
2452.334582, 273.243408, 1.000000, 0.000000
2452.404790, 273.255390, 1.000000, 0.000000
2452.474998, 273.267373, 1.000000, 0.000000
2452.856074, 273.332412, 1.000000, 0.000000
2452.926282, 273.344395, 1.000000, 0.000000
2452.996490, 273.356377, 1.000000, 0.000000
2453.068695, 273.356658, 1.000000, 0.000000
2453.138903, 273.368641, 1.000000, 0.000000
2453.519979, 273.433680, 1.000000, 0.000000
2453.590187, 273.445662, 1.000000, 0.000000
2453.660395, 273.457645, 1.000000, 0.000000
2453.730603, 273.469627, 1.000000, 0.000000
2453.800811, 273.481610, 1.000000, 0.000000
2454.181936, 273.546669, 1.000000, 0.000000
2454.254141, 273.546952, 1.000000, 0.000000
2454.324348, 273.558937, 1.000000, 0.000000
2454.394556, 273.570921, 1.000000, 0.000000
2454.785850, 273.577551, 1.000000, 0.000000
2454.856056, 273.589545, 1.000000, 0.000000
2454.924263, 273.613240, 1.000000, 0.000000
2454.992469, 273.636935, 1.000000, 0.000000
2455.062675, 273.648929, 0.000000, 0.000000
2455.444040, 273.714146, 0.000000, 0.000000
2455.514243, 273.726152, 0.000000, 0.000000
2455.586448, 273.726458, 0.000000, 0.000000
2455.656652, 273.738465, 0.000000, 0.000000
2455.726856, 273.750471, 0.000000, 0.000000
2456.108211, 273.815761, 0.000000, 0.000000
2456.178413, 273.827780, 0.000000, 0.000000
2456.248614, 273.839799, 0.000000, 0.000000
2456.318816, 273.851818, 0.000000, 0.000000
2456.700163, 273.917167, 0.000000, 0.000000
2456.772368, 273.917499, 0.000000, 0.000000
2456.842567, 273.929531, 0.000000, 0.000000
2456.912766, 273.941563, 0.000000, 0.000000
2456.982966, 273.953594, 0.000000, 0.000000
2457.364305, 274.019018, 0.000000, 0.000000
2457.434502, 274.031062, 0.000000, 0.000000
2457.504700, 274.043106, 0.000000, 0.000000
2457.576904, 274.043451, 0.000000, 0.000000
2457.647101, 274.055496, 0.000000, 0.000000
2458.028432, 274.120993, 0.000000, 0.000000
2458.098627, 274.133050, 0.000000, 0.000000
2458.168822, 274.145107, 0.000000, 0.000000
2458.239017, 274.157164, 0.000000, 0.000000
2458.620289, 274.222705, 0.000000, 0.000000
2458.692494, 274.223074, 0.000000, 0.000000
2458.762687, 274.235142, 0.000000, 0.000000
2458.832880, 274.247210, 0.000000, 0.000000
2458.903073, 274.259278, 0.000000, 0.000000
2459.284155, 274.324813, 0.000000, 0.000000
2459.354348, 274.336884, 0.000000, 0.000000
2459.424540, 274.348955, 0.000000, 0.000000
2459.496745, 274.349328, 0.000000, 0.000000
2459.566938, 274.361399, 0.000000, 0.000000
2459.947931, 274.426921, 0.000000, 0.000000
2460.018124, 274.438992, 0.000000, 0.000000
2460.088316, 274.451063, 0.000000, 0.000000
2460.158509, 274.463135, 0.000000, 0.000000
2460.539503, 274.528656, 0.000000, 0.000000
2460.611707, 274.529029, 0.000000, 0.000000
2460.681900, 274.541100, 0.000000, 0.000000
2460.752092, 274.553171, 0.000000, 0.000000
2460.822285, 274.565243, 0.000000, 0.000000
2461.203279, 274.630764, 0.000000, 0.000000
2461.273472, 274.642835, 0.000000, 0.000000
2461.343664, 274.654907, 0.000000, 0.000000
2461.413857, 274.666978, 0.000000, 0.000000
2461.486061, 274.667351, 0.000000, 0.000000
2461.867055, 274.732872, 0.000000, 0.000000
2461.937248, 274.744943, 0.000000, 0.000000
2462.007440, 274.757015, 0.000000, 0.000000
2462.077633, 274.769086, 0.000000, 0.000000
2462.458626, 274.834607, 0.000000, 0.000000
2462.528819, 274.846679, 0.000000, 0.000000
2462.601024, 274.847051, 0.000000, 0.000000
2462.671216, 274.859123, 0.000000, 0.000000
2462.741409, 274.871194, 0.000000, 0.000000
2463.122403, 274.936716, 0.000000, 0.000000
2463.192596, 274.948787, 0.000000, 0.000000
2463.262788, 274.960858, 0.000000, 0.000000
2463.332981, 274.972930, 0.000000, 0.000000
2463.405185, 274.973302, 0.000000, 0.000000
2463.786179, 275.038824, 0.000000, 0.000000
2463.856372, 275.050895, 0.000000, 0.000000
2463.926564, 275.062966, 0.000000, 0.000000
2463.996757, 275.075038, 0.000000, 0.000000
2464.377750, 275.140559, 0.000000, 0.000000
2464.447943, 275.152630, 0.000000, 0.000000
2464.520147, 275.153003, 0.000000, 0.000000
2464.590340, 275.165074, 0.000000, 0.000000
2464.660533, 275.177146, 0.000000, 0.000000
2465.041527, 275.242667, 0.000000, 0.000000
2465.111719, 275.254738, 0.000000, 0.000000
2465.181912, 275.266810, 0.000000, 0.000000
2465.252105, 275.278881, 0.000000, 0.000000
2465.322297, 275.290952, 0.000000, 0.000000
2465.705303, 275.344775, 0.000000, 0.000000
2465.775495, 275.356846, 0.000000, 0.000000
2465.845688, 275.368918, 0.000000, 0.000000
2465.913869, 275.392688, 1.000000, 0.000000
2466.295294, 275.458283, 1.000000, 0.000000
2466.363475, 275.482054, 1.000000, 0.000000
2466.433668, 275.494125, 1.000000, 0.000000
2466.493801, 275.564690, 1.000000, 0.000000
2466.563993, 275.576762, 1.000000, 0.000000
2466.945946, 275.642448, 1.000000, 0.000000
2467.014127, 275.666218, 1.000000, 0.000000
2467.086332, 275.666591, 1.000000, 0.000000
2467.156524, 275.678662, 1.000000, 0.000000
2467.226717, 275.690733, 1.000000, 0.000000
2467.609196, 275.756510, 1.000000, 0.000000
2467.679389, 275.768581, 1.000000, 0.000000
2467.749581, 275.780653, 1.000000, 0.000000
2467.819774, 275.792724, 1.000000, 0.000000
2468.200769, 275.870290, 1.000000, 0.000000
2468.270961, 275.882362, 1.000000, 0.000000
2468.341154, 275.894433, 1.000000, 0.000000
2468.411347, 275.906505, 1.000000, 0.000000
2468.481539, 275.918576, 1.000000, 0.000000
2468.865074, 275.984534, 1.000000, 0.000000
2468.935267, 275.996606, 1.000000, 0.000000
2469.005459, 276.008677, 1.000000, 0.000000
2469.075652, 276.020748, 1.000000, 0.000000
2469.145844, 276.032820, 1.000000, 0.000000
2469.527894, 276.110567, 1.000000, 0.000000
2469.598087, 276.122639, 1.000000, 0.000000
2469.668279, 276.134710, 1.000000, 0.000000
2469.738472, 276.146782, 1.000000, 0.000000
2470.123062, 276.212921, 1.000000, 0.000000
2470.195266, 276.213294, 1.000000, 0.000000
2470.267471, 276.213666, 1.000000, 0.000000
2470.337663, 276.225738, 1.000000, 0.000000
2470.409868, 276.226110, 1.000000, 0.000000
2470.794553, 276.292267, 1.000000, 0.000000
2470.864745, 276.304338, 1.000000, 0.000000
2470.934938, 276.316409, 1.000000, 0.000000
2471.007143, 276.316782, 1.000000, 0.000000
2471.077335, 276.328853, 1.000000, 0.000000
2471.462020, 276.395009, 1.000000, 0.000000
2471.532212, 276.407081, 1.000000, 0.000000
2471.604417, 276.407453, 1.000000, 0.000000
2471.680645, 276.384428, 1.000000, 0.000000
2472.065330, 276.450584, 1.000000, 0.000000
2472.135522, 276.462656, 1.000000, 0.000000
2472.205715, 276.474727, 1.000000, 0.000000
2472.275907, 276.486798, 1.000000, 0.000000
2472.346100, 276.498870, 1.000000, 0.000000
2472.732797, 276.553327, 0.000000, 0.000000
2472.802990, 276.565399, 0.000000, 0.000000
2472.873182, 276.577470, 0.000000, 0.000000
2472.945387, 276.577843, 0.000000, 0.000000
2473.015579, 276.589914, 0.000000, 0.000000
2473.400264, 276.656070, 0.000000, 0.000000
2473.470456, 276.668141, 0.000000, 0.000000
2473.540649, 276.680213, 0.000000, 0.000000
2473.610842, 276.692284, 0.000000, 0.000000
2473.994968, 276.758242, 0.000000, 0.000000
2474.067172, 276.758592, 0.000000, 0.000000
2474.137369, 276.770642, 0.000000, 0.000000
2474.207565, 276.782692, 0.000000, 0.000000
2474.277761, 276.794742, 0.000000, 0.000000
2474.661540, 276.860440, 0.000000, 0.000000
2474.731742, 276.872454, 0.000000, 0.000000
2474.803947, 276.872769, 0.000000, 0.000000
2474.874150, 276.884783, 0.000000, 0.000000
2474.944352, 276.896797, 0.000000, 0.000000
2475.328109, 276.962270, 0.000000, 0.000000
2475.398318, 276.974247, 0.000000, 0.000000
2475.468526, 276.986224, 0.000000, 0.000000
2475.538735, 276.998201, 0.000000, 0.000000
2475.924515, 277.051793, 0.000000, 0.000000
2475.994730, 277.063732, 0.000000, 0.000000
2476.064945, 277.075672, 0.000000, 0.000000
2476.135161, 277.087612, 0.000000, 0.000000
2476.205376, 277.099552, 0.000000, 0.000000
2476.589199, 277.164630, 0.000000, 0.000000
2476.661404, 277.164829, 0.000000, 0.000000
2476.731626, 277.176732, 0.000000, 0.000000
2476.801847, 277.188634, 0.000000, 0.000000
2476.872069, 277.200537, 0.000000, 0.000000
2477.255924, 277.265399, 0.000000, 0.000000
2477.326152, 277.277264, 0.000000, 0.000000
2477.396380, 277.289130, 0.000000, 0.000000
2477.468585, 277.289291, 0.000000, 0.000000
2477.852467, 277.353975, 0.000000, 0.000000
2477.922701, 277.365803, 0.000000, 0.000000
2477.992935, 277.377632, 0.000000, 0.000000
2478.063169, 277.389460, 0.000000, 0.000000
2478.133403, 277.401289, 0.000000, 0.000000
2478.517908, 277.465969, 0.000000, 0.000000
2478.590114, 277.466076, 0.000000, 0.000000
2478.660350, 277.477889, 0.000000, 0.000000
2478.730587, 277.489703, 0.000000, 0.000000
2478.800823, 277.501516, 0.000000, 0.000000
2479.185698, 277.566240, 0.000000, 0.000000
2479.255935, 277.578052, 0.000000, 0.000000
2479.328140, 277.578157, 0.000000, 0.000000
2479.398377, 277.589969, 0.000000, 0.000000
2479.783304, 277.654701, 0.000000, 0.000000
2479.853540, 277.666513, 0.000000, 0.000000
2479.923777, 277.678324, 0.000000, 0.000000
2479.994014, 277.690136, 0.000000, 0.000000
2480.064251, 277.701947, 0.000000, 0.000000
2480.451147, 277.754974, 0.000000, 0.000000
2480.521383, 277.766785, 0.000000, 0.000000
2480.591620, 277.778597, 0.000000, 0.000000
2480.661857, 277.790408, 0.000000, 0.000000
2480.732094, 277.802220, 0.000000, 0.000000
2481.117021, 277.866952, 0.000000, 0.000000
2481.189226, 277.867058, 0.000000, 0.000000
2481.259463, 277.878869, 0.000000, 0.000000
2481.329699, 277.890681, 0.000000, 0.000000
2481.714626, 277.955413, 0.000000, 0.000000
2481.784863, 277.967225, 0.000000, 0.000000
2481.855100, 277.979036, 0.000000, 0.000000
2481.925336, 277.990848, 0.000000, 0.000000
2481.997542, 277.990953, 0.000000, 0.000000
2482.382469, 278.055686, 0.000000, 0.000000
2482.452706, 278.067497, 0.000000, 0.000000
2482.522943, 278.079309, 0.000000, 0.000000
2482.593180, 278.091121, 0.000000, 0.000000
2482.663416, 278.102932, 0.000000, 0.000000
2483.050312, 278.155958, 0.000000, 0.000000
2483.120548, 278.167770, 0.000000, 0.000000
2483.190785, 278.179582, 0.000000, 0.000000
2482.922424, 280.204848, -1.000000, 0.000000
2483.643980, 278.267832, 1.000000, 0.000000
2483.714217, 278.279643, 1.000000, 0.000000
2483.782485, 278.303161, 1.000000, 0.000000
2483.852722, 278.314972, 1.000000, 0.000000
2483.922959, 278.326784, 1.000000, 0.000000
2484.307886, 278.391516, 1.000000, 0.000000
2484.380091, 278.391622, 1.000000, 0.000000
2484.450328, 278.403433, 1.000000, 0.000000
2484.520565, 278.415245, 1.000000, 0.000000
2484.584896, 278.462175, 1.000000, 0.000000
2484.969823, 278.526907, 1.000000, 0.000000
2485.040059, 278.538719, 1.000000, 0.000000
2485.110296, 278.550531, 1.000000, 0.000000
2485.180533, 278.562342, 1.000000, 0.000000
2485.568297, 278.627552, 1.000000, 0.000000
2485.638534, 278.639363, 1.000000, 0.000000
2485.708771, 278.651175, 1.000000, 0.000000
2485.780976, 278.651280, 1.000000, 0.000000
2485.851213, 278.663092, 1.000000, 0.000000
2486.242005, 278.728810, 1.000000, 0.000000
2486.314210, 278.728916, 1.000000, 0.000000
2486.384447, 278.740727, 1.000000, 0.000000
2486.456653, 278.740833, 1.000000, 0.000000
2486.526889, 278.752645, 1.000000, 0.000000
2486.920716, 278.818873, 1.000000, 0.000000
2486.990952, 278.830685, 1.000000, 0.000000
2487.061189, 278.842497, 1.000000, 0.000000
2487.131426, 278.854308, 1.000000, 0.000000
2487.530264, 278.909343, 1.000000, 0.000000
2487.600501, 278.921154, 1.000000, 0.000000
2487.670737, 278.932966, 1.000000, 0.000000
2487.742943, 278.933071, 1.000000, 0.000000
2487.813180, 278.944883, 1.000000, 0.000000
2488.213100, 279.012137, 1.000000, 0.000000
2488.289243, 278.988830, 1.000000, 0.000000
2488.361448, 278.988935, 1.000000, 0.000000
2488.431685, 279.000747, 1.000000, 0.000000
2488.501922, 279.012559, 1.000000, 0.000000
2488.904901, 279.080327, 1.000000, 0.000000
2488.975138, 279.092138, 1.000000, 0.000000
2489.047343, 279.092244, 1.000000, 0.000000
2489.117580, 279.104055, 1.000000, 0.000000
2489.511919, 279.170371, 1.000000, 0.000000
2489.580187, 279.193888, 1.000000, 0.000000
2489.650424, 279.205700, 1.000000, 0.000000
2489.720661, 279.217511, 1.000000, 0.000000
2489.790898, 279.229323, 0.000000, 0.000000
2490.185422, 279.295669, 0.000000, 0.000000
2490.255659, 279.307481, 0.000000, 0.000000
2490.325896, 279.319292, 0.000000, 0.000000
2490.398101, 279.319398, 0.000000, 0.000000
2490.468338, 279.331209, 0.000000, 0.000000
2490.862861, 279.397556, 0.000000, 0.000000
2490.933098, 279.409367, 0.000000, 0.000000
2491.003335, 279.421179, 0.000000, 0.000000
2491.073572, 279.432990, 0.000000, 0.000000
2491.143808, 279.444802, 0.000000, 0.000000
2491.538332, 279.511148, 0.000000, 0.000000
2491.610537, 279.511254, 0.000000, 0.000000
2491.680774, 279.523065, 0.000000, 0.000000
2491.751011, 279.534877, 0.000000, 0.000000
2491.821248, 279.546688, 0.000000, 0.000000
2492.215772, 279.613035, 0.000000, 0.000000
2492.286009, 279.624846, 0.000000, 0.000000
2492.356246, 279.636658, 0.000000, 0.000000
2492.426482, 279.648469, 0.000000, 0.000000
2492.496719, 279.660281, 0.000000, 0.000000
2492.893317, 279.714960, 0.000000, 0.000000
2492.963553, 279.726775, 0.000000, 0.000000
2493.033789, 279.738590, 0.000000, 0.000000
2493.104025, 279.750405, 0.000000, 0.000000
2493.505677, 279.819187, 0.000000, 0.000000
2493.575872, 279.831247, 0.000000, 0.000000
2493.646066, 279.843306, 0.000000, 0.000000
2493.716261, 279.855366, 0.000000, 0.000000
2493.788466, 279.855726, 0.000000, 0.000000
2494.190243, 279.926070, 0.000000, 0.000000
2494.260393, 279.938385, 0.000000, 0.000000
2494.330543, 279.950700, 0.000000, 0.000000
2494.400693, 279.963015, 0.000000, 0.000000
2494.470844, 279.975330, 0.000000, 0.000000
2494.872250, 280.047142, 0.000000, 0.000000
2494.942355, 280.059709, 0.000000, 0.000000
2495.014555, 280.060591, 0.000000, 0.000000
2495.084661, 280.073158, 0.000000, 0.000000
2495.154766, 280.085725, 0.000000, 0.000000
2495.555844, 280.158989, 0.000000, 0.000000
2495.625904, 280.171805, 0.000000, 0.000000
2495.695965, 280.184620, 0.000000, 0.000000
2495.766025, 280.197435, 0.000000, 0.000000
2495.836086, 280.210250, 0.000000, 0.000000
2496.238970, 280.273268, 0.000000, 0.000000
2496.308986, 280.286328, 0.000000, 0.000000
2496.379001, 280.299388, 0.000000, 0.000000
2496.449017, 280.312448, 0.000000, 0.000000
2496.519032, 280.325507, 0.000000, 0.000000
2496.919409, 280.401604, 0.000000, 0.000000
2496.989379, 280.414904, 0.000000, 0.000000
2497.059349, 280.428205, 0.000000, 0.000000
2497.129319, 280.441506, 0.000000, 0.000000
2497.530880, 280.506821, 0.000000, 0.000000
2497.600809, 280.520334, 0.000000, 0.000000
2497.670738, 280.533847, 0.000000, 0.000000
2497.740668, 280.547360, 0.000000, 0.000000
2497.810597, 280.560874, 0.000000, 0.000000
2498.203768, 280.636915, 0.000000, 0.000000
2498.273694, 280.650441, 0.000000, 0.000000
2498.343621, 280.663967, 0.000000, 0.000000
2498.415803, 280.665838, 0.000000, 0.000000
2498.485729, 280.679364, 0.000000, 0.000000
2498.878512, 280.755339, 0.000000, 0.000000
2498.948439, 280.768865, 0.000000, 0.000000
2499.018366, 280.782391, 0.000000, 0.000000
2499.088293, 280.795917, 0.000000, 0.000000
2499.158220, 280.809443, 0.000000, 0.000000
2499.551002, 280.885418, 0.000000, 0.000000
2499.623183, 280.887289, 0.000000, 0.000000
2499.693110, 280.900815, 0.000000, 0.000000
2499.763037, 280.914341, 0.000000, 0.000000
2499.832964, 280.927867, 0.000000, 0.000000
2500.225747, 281.003842, 0.000000, 0.000000
2500.295674, 281.017368, 0.000000, 0.000000
2500.365601, 281.030894, 0.000000, 0.000000
2500.435528, 281.044420, 0.000000, 0.000000
2500.505455, 281.057946, 0.000000, 0.000000
2500.900492, 281.122266, 0.000000, 0.000000
2500.970419, 281.135792, 0.000000, 0.000000
2501.040346, 281.149318, 0.000000, 0.000000
2501.110273, 281.162844, 0.000000, 0.000000
2501.498547, 281.262128, 1.000000, 0.000000
2501.566219, 281.287308, 1.000000, 0.000000
2501.636146, 281.300834, 1.000000, 0.000000
2501.694801, 281.372632, 1.000000, 0.000000
2501.762474, 281.397813, 1.000000, 0.000000
2502.155257, 281.473788, 1.000000, 0.000000
2502.225184, 281.487314, 1.000000, 0.000000
2502.295111, 281.500840, 1.000000, 0.000000
2502.365038, 281.514366, 1.000000, 0.000000
2502.434965, 281.527892, 1.000000, 0.000000
2502.827747, 281.603867, 1.000000, 0.000000
2502.897674, 281.617393, 1.000000, 0.000000
2502.967601, 281.630918, 1.000000, 0.000000
2503.037528, 281.644444, 1.000000, 0.000000
2503.107455, 281.657970, 1.000000, 0.000000
2503.500238, 281.733945, 1.000000, 0.000000
2503.572419, 281.735817, 1.000000, 0.000000
2503.642346, 281.749343, 1.000000, 0.000000
2503.712273, 281.762868, 1.000000, 0.000000
2503.784454, 281.764740, 1.000000, 0.000000
2504.177237, 281.840715, 1.000000, 0.000000
2504.247164, 281.854241, 1.000000, 0.000000
2504.317091, 281.867767, 1.000000, 0.000000
2504.389272, 281.869638, 1.000000, 0.000000
2504.459199, 281.883164, 1.000000, 0.000000
2504.853130, 281.959361, 1.000000, 0.000000
2504.923056, 281.972887, 1.000000, 0.000000
2504.992983, 281.986413, 1.000000, 0.000000
2505.062910, 281.999939, 1.000000, 0.000000
2505.462595, 282.065159, 1.000000, 0.000000
2505.532522, 282.078685, 1.000000, 0.000000
2505.602449, 282.092210, 1.000000, 0.000000
2505.672376, 282.105736, 1.000000, 0.000000
2505.744557, 282.107608, 1.000000, 0.000000
2506.145521, 282.185165, 1.000000, 0.000000
2506.215448, 282.198691, 1.000000, 0.000000
2506.285375, 282.212217, 1.000000, 0.000000
2506.357556, 282.214088, 1.000000, 0.000000
2506.427483, 282.227614, 1.000000, 0.000000
2506.832011, 282.305861, 1.000000, 0.000000
2506.901938, 282.319387, 1.000000, 0.000000
2506.971865, 282.332913, 1.000000, 0.000000
2507.044046, 282.334784, 1.000000, 0.000000
2507.122990, 282.301692, 1.000000, 0.000000
2507.528860, 282.392289, 1.000000, 0.000000
2507.598787, 282.405815, 1.000000, 0.000000
2507.244904, 284.610384, -1.000000, 0.000000
2507.738640, 282.432867, 0.000000, 0.000000
2507.808567, 282.446393, 0.000000, 0.000000
2508.220319, 282.526037, 0.000000, 0.000000
2508.290246, 282.539563, 0.000000, 0.000000
2508.360172, 282.553089, 0.000000, 0.000000
2508.430099, 282.566615, 0.000000, 0.000000
2508.500026, 282.580141, 0.000000, 0.000000
2508.903780, 282.658238, 0.000000, 0.000000
2508.973707, 282.671764, 0.000000, 0.000000
2509.043634, 282.685290, 0.000000, 0.000000
2509.113560, 282.698815, 0.000000, 0.000000
2509.183487, 282.712341, 0.000000, 0.000000
2509.589708, 282.790916, 0.000000, 0.000000
2509.659635, 282.804442, 0.000000, 0.000000
2509.729562, 282.817968, 0.000000, 0.000000
2509.799489, 282.831493, 0.000000, 0.000000
2509.869416, 282.845019, 0.000000, 0.000000
2510.275637, 282.923594, 0.000000, 0.000000
2510.345564, 282.937120, 0.000000, 0.000000
2510.415491, 282.950646, 0.000000, 0.000000
2510.485418, 282.964171, 0.000000, 0.000000
2510.555345, 282.977697, 0.000000, 0.000000
2510.961565, 283.056272, 0.000000, 0.000000
2511.031492, 283.069798, 0.000000, 0.000000
2511.101419, 283.083323, 0.000000, 0.000000
2511.171346, 283.096849, 0.000000, 0.000000
2511.241273, 283.110375, 0.000000, 0.000000
2511.647494, 283.188950, 0.000000, 0.000000
2511.717420, 283.202476, 0.000000, 0.000000
2511.787347, 283.216001, 0.000000, 0.000000
2511.857274, 283.229527, 0.000000, 0.000000
2511.927201, 283.243053, 0.000000, 0.000000
2512.331387, 283.320829, 0.000000, 0.000000
2512.401327, 283.334288, 0.000000, 0.000000
2512.471267, 283.347746, 0.000000, 0.000000
2512.541207, 283.361205, 0.000000, 0.000000
2512.611147, 283.374663, 0.000000, 0.000000
2513.007897, 283.449132, 0.000000, 0.000000
2513.077897, 283.462275, 0.000000, 0.000000
2513.147896, 283.475417, 0.000000, 0.000000
2513.217896, 283.488560, 0.000000, 0.000000
2513.290087, 283.490036, 0.000000, 0.000000
2513.681403, 283.560540, 0.000000, 0.000000
2513.751495, 283.573180, 0.000000, 0.000000
2513.821588, 283.585819, 0.000000, 0.000000
2513.891680, 283.598458, 0.000000, 0.000000
2513.961773, 283.611097, 0.000000, 0.000000
2514.353829, 283.678876, 0.000000, 0.000000
2514.424009, 283.691019, 0.000000, 0.000000
2514.494189, 283.703161, 0.000000, 0.000000
2514.564369, 283.715304, 0.000000, 0.000000
2514.634550, 283.727447, 0.000000, 0.000000
2515.027315, 283.792536, 0.000000, 0.000000
2515.097578, 283.804190, 0.000000, 0.000000
2515.167841, 283.815844, 0.000000, 0.000000
2515.238104, 283.827498, 0.000000, 0.000000
2515.308367, 283.839152, 0.000000, 0.000000
2515.701814, 283.901588, 0.000000, 0.000000
2515.772156, 283.912760, 0.000000, 0.000000
2515.842497, 283.923932, 0.000000, 0.000000
2515.912838, 283.935104, 0.000000, 0.000000
2515.983180, 283.946276, 0.000000, 0.000000
2516.377282, 284.006096, 0.000000, 0.000000
2516.447697, 284.016793, 0.000000, 0.000000
2516.518112, 284.027491, 0.000000, 0.000000
2516.588527, 284.038188, 0.000000, 0.000000
2516.658942, 284.048885, 0.000000, 0.000000
2517.056237, 284.106995, 0.000000, 0.000000
2517.126710, 284.117309, 0.000000, 0.000000
2517.197182, 284.127622, 0.000000, 0.000000
2517.267654, 284.137935, 0.000000, 0.000000
2517.338127, 284.148249, 0.000000, 0.000000
2517.743209, 284.206703, 0.000000, 0.000000
2517.813702, 284.216876, 0.000000, 0.000000
2517.884195, 284.227049, 0.000000, 0.000000
2517.954687, 284.237222, 0.000000, 0.000000
2518.025180, 284.247394, 0.000000, 0.000000
2518.434689, 284.306492, 0.000000, 0.000000
2518.505182, 284.316665, 0.000000, 0.000000
2518.575675, 284.326837, 0.000000, 0.000000
2518.646168, 284.337010, 0.000000, 0.000000
2518.716661, 284.347183, 0.000000, 0.000000
2519.126169, 284.406280, 0.000000, 0.000000
2519.194966, 284.428202, 1.000000, 0.000000
2519.263764, 284.450124, 1.000000, 0.000000
2519.332561, 284.472046, 1.000000, 0.000000
2519.401358, 284.493967, 1.000000, 0.000000
2519.810867, 284.553064, 1.000000, 0.000000
2519.881359, 284.563237, 1.000000, 0.000000
2519.951852, 284.573410, 1.000000, 0.000000
2520.022345, 284.583583, 1.000000, 0.000000
2520.092838, 284.593756, 1.000000, 0.000000
2520.502347, 284.652853, 1.000000, 0.000000
2520.572840, 284.663026, 1.000000, 0.000000
2520.643332, 284.673199, 1.000000, 0.000000
2520.715521, 284.671623, 1.000000, 0.000000
2520.784318, 284.693545, 1.000000, 0.000000
2521.193827, 284.752642, 1.000000, 0.000000
2521.266015, 284.751066, 1.000000, 0.000000
2521.336508, 284.761239, 1.000000, 0.000000
2521.407000, 284.771412, 1.000000, 0.000000
2521.477493, 284.781585, 1.000000, 0.000000
2521.887002, 284.840682, 1.000000, 0.000000
2521.957494, 284.850855, 1.000000, 0.000000
2522.027987, 284.861028, 1.000000, 0.000000
2522.098480, 284.871201, 1.000000, 0.000000
2522.168973, 284.881374, 1.000000, 0.000000
2522.578482, 284.940471, 1.000000, 0.000000
2522.648975, 284.950644, 1.000000, 0.000000
2522.719467, 284.960817, 1.000000, 0.000000
2522.789960, 284.970990, 1.000000, 0.000000
2522.860453, 284.981163, 1.000000, 0.000000
2523.268266, 285.052008, 1.000000, 0.000000
2523.338759, 285.062181, 1.000000, 0.000000
2523.410947, 285.060606, 1.000000, 0.000000
2523.481440, 285.070779, 1.000000, 0.000000
2523.551933, 285.080951, 1.000000, 0.000000
2523.959746, 285.151797, 1.000000, 0.000000
2524.030238, 285.161970, 1.000000, 0.000000
2524.102427, 285.160394, 1.000000, 0.000000
2524.172919, 285.170567, 1.000000, 0.000000
2524.243412, 285.180740, 1.000000, 0.000000
2524.651226, 285.251586, 1.000000, 0.000000
2524.721719, 285.261759, 1.000000, 0.000000
2524.792211, 285.271932, 1.000000, 0.000000
2524.862704, 285.282105, 1.000000, 0.000000
2524.933197, 285.292278, 1.000000, 0.000000
2525.340244, 285.363013, 1.000000, 0.000000
2525.410737, 285.373186, 1.000000, 0.000000
2525.481230, 285.383359, 1.000000, 0.000000
2525.553418, 285.381783, 0.000000, 0.000000
2525.625606, 285.380207, 0.000000, 0.000000
2526.044154, 285.428615, 0.000000, 0.000000
2526.116342, 285.427040, 0.000000, 0.000000
2526.188530, 285.425464, 0.000000, 0.000000
2526.260718, 285.423888, 0.000000, 0.000000
2526.675634, 285.471772, 0.000000, 0.000000
2526.747822, 285.470196, 0.000000, 0.000000
2526.820011, 285.468620, 0.000000, 0.000000
2526.892199, 285.467044, 0.000000, 0.000000
2526.964387, 285.465468, 0.000000, 0.000000
2527.375678, 285.512829, 0.000000, 0.000000
2527.447867, 285.511253, 0.000000, 0.000000
2527.520055, 285.509677, 0.000000, 0.000000
2527.592243, 285.508102, 0.000000, 0.000000
2527.664431, 285.506526, 0.000000, 0.000000
2528.072107, 285.553365, 0.000000, 0.000000
2528.144295, 285.551789, 0.000000, 0.000000
2528.216483, 285.550213, 0.000000, 0.000000
2528.288672, 285.548637, 0.000000, 0.000000
2528.360860, 285.547061, 0.000000, 0.000000
2528.764929, 285.593380, 0.000000, 0.000000
2528.837117, 285.591804, 0.000000, 0.000000
2528.909305, 285.590228, 0.000000, 0.000000
2528.981494, 285.588652, 0.000000, 0.000000
2529.053682, 285.587077, 0.000000, 0.000000
2529.454152, 285.632876, 0.000000, 0.000000
2529.526340, 285.631300, 0.000000, 0.000000
2529.598528, 285.629724, 0.000000, 0.000000
2529.670717, 285.628148, 0.000000, 0.000000
2529.742905, 285.626572, 0.000000, 0.000000
2530.140538, 285.671962, 0.000000, 0.000000
2530.212726, 285.670386, 0.000000, 0.000000
2530.284915, 285.668810, 0.000000, 0.000000
2530.357103, 285.667235, 0.000000, 0.000000
2530.754737, 285.712624, 0.000000, 0.000000
2530.826925, 285.711049, 0.000000, 0.000000
2530.899113, 285.709473, 0.000000, 0.000000
2530.971302, 285.707897, 0.000000, 0.000000
2531.043490, 285.706321, 0.000000, 0.000000
2531.441123, 285.751711, 0.000000, 0.000000
2531.513312, 285.750135, 0.000000, 0.000000
2531.585500, 285.748559, 0.000000, 0.000000
2531.657688, 285.746983, 0.000000, 0.000000
2531.729876, 285.745407, 0.000000, 0.000000
2532.127510, 285.790797, 0.000000, 0.000000
2532.199698, 285.789221, 0.000000, 0.000000
2532.271886, 285.787646, 0.000000, 0.000000
2532.344074, 285.786070, 0.000000, 0.000000
2532.416263, 285.784494, 0.000000, 0.000000
2532.813401, 285.829743, 0.000000, 0.000000
2532.885589, 285.828154, 0.000000, 0.000000
2532.957777, 285.826565, 0.000000, 0.000000
2533.029965, 285.824976, 0.000000, 0.000000
2533.102153, 285.823386, 0.000000, 0.000000
2533.496255, 285.867694, 0.000000, 0.000000
2533.568441, 285.866012, 0.000000, 0.000000
2533.640627, 285.864331, 0.000000, 0.000000
2533.712813, 285.862650, 0.000000, 0.000000
2533.784999, 285.860968, 0.000000, 0.000000
2534.173350, 285.903120, 0.000000, 0.000000
2534.245530, 285.901199, 0.000000, 0.000000
2534.317710, 285.899279, 0.000000, 0.000000
2534.389890, 285.897358, 0.000000, 0.000000
2534.778044, 285.938358, 0.000000, 0.000000
2534.850217, 285.936195, 0.000000, 0.000000
2534.922390, 285.934032, 0.000000, 0.000000
2534.994563, 285.931869, 0.000000, 0.000000
2535.066736, 285.929706, 0.000000, 0.000000
2535.454673, 285.969293, 0.000000, 0.000000
2535.526838, 285.966883, 0.000000, 0.000000
2535.597444, 285.976241, 1.000000, 0.000000
2535.666490, 285.997367, 1.000000, 0.000000
2535.740215, 285.983189, 1.000000, 0.000000
2536.129524, 286.009581, 1.000000, 0.000000
2536.198643, 286.030466, 1.000000, 0.000000
2536.266243, 286.063125, 1.000000, 0.000000
2536.335362, 286.084010, 1.000000, 0.000000
2536.412074, 286.046031, 1.000000, 0.000000
2536.686005, 286.989678, 1.000000, 0.000000
2536.755197, 287.010320, 1.000000, 0.000000
2536.825867, 287.019183, 1.000000, 0.000000
2536.895059, 287.039825, 1.000000, 0.000000
2536.965728, 287.048688, 1.000000, 0.000000
2537.353969, 287.107988, 1.000000, 0.000000
2537.424669, 287.116604, 1.000000, 0.000000
2537.495369, 287.125220, 1.000000, 0.000000
2537.566069, 287.133836, 1.000000, 0.000000
2537.636769, 287.142452, 1.000000, 0.000000
2538.028626, 287.189188, 1.000000, 0.000000
2538.099348, 287.197624, 1.000000, 0.000000
2538.171475, 287.194273, 1.000000, 0.000000
2538.242197, 287.202709, 1.000000, 0.000000
2538.638015, 287.261879, 1.000000, 0.000000
2538.708737, 287.270315, 1.000000, 0.000000
2538.779459, 287.278751, 1.000000, 0.000000
2538.850180, 287.287187, 1.000000, 0.000000
2538.920902, 287.295624, 1.000000, 0.000000
2539.318126, 287.343007, 1.000000, 0.000000
2539.388847, 287.351443, 1.000000, 0.000000
2539.459569, 287.359879, 1.000000, 0.000000
2539.530291, 287.368315, 1.000000, 0.000000
2539.601012, 287.376751, 1.000000, 0.000000
2539.998236, 287.424134, 1.000000, 0.000000
2540.068958, 287.432570, 1.000000, 0.000000
2540.139679, 287.441006, 1.000000, 0.000000
2540.210401, 287.449442, 1.000000, 0.000000
2540.281122, 287.457878, 1.000000, 0.000000
2540.678347, 287.505261, 1.000000, 0.000000
2540.749068, 287.513697, 1.000000, 0.000000
2540.819790, 287.522133, 1.000000, 0.000000
2540.890512, 287.530570, 1.000000, 0.000000
2540.959827, 287.550793, 1.000000, 0.000000
2541.357051, 287.598176, 1.000000, 0.000000
2541.427773, 287.606612, 1.000000, 0.000000
2541.498494, 287.615048, 1.000000, 0.000000
2541.569216, 287.623484, 1.000000, 0.000000
2541.639938, 287.631920, 1.000000, 0.000000
2542.037161, 287.679303, 1.000000, 0.000000
2542.107883, 287.687739, 1.000000, 0.000000
2542.178604, 287.696175, 1.000000, 0.000000
2542.247920, 287.716398, 1.000000, 0.000000
2542.645144, 287.763781, 1.000000, 0.000000
2542.715866, 287.772217, 1.000000, 0.000000
2542.915941, 286.696255, 0.000000, 0.000000
2542.857309, 287.789089, 0.000000, 0.000000
2542.928031, 287.797525, 0.000000, 0.000000
2543.325254, 287.844909, 0.000000, 0.000000
2543.395976, 287.853345, 0.000000, 0.000000
2543.466698, 287.861781, 0.000000, 0.000000
2543.537419, 287.870217, 0.000000, 0.000000
2543.608141, 287.878653, 0.000000, 0.000000
2544.005365, 287.926036, 0.000000, 0.000000
2544.076086, 287.934472, 0.000000, 0.000000
2544.146808, 287.942908, 0.000000, 0.000000
2544.217530, 287.951344, 0.000000, 0.000000
2544.288251, 287.959780, 0.000000, 0.000000
2544.685476, 288.007163, 0.000000, 0.000000
2544.756197, 288.015599, 0.000000, 0.000000
2544.826919, 288.024035, 0.000000, 0.000000
2544.897641, 288.032471, 0.000000, 0.000000
2544.968362, 288.040908, 0.000000, 0.000000
2545.365586, 288.088291, 0.000000, 0.000000
2545.436307, 288.096727, 0.000000, 0.000000
2545.507029, 288.105163, 0.000000, 0.000000
2545.576345, 288.125386, 0.000000, 0.000000
2545.647066, 288.133822, 0.000000, 0.000000
2546.046718, 288.181494, 0.000000, 0.000000
2546.117440, 288.189931, 0.000000, 0.000000
2546.188161, 288.198367, 0.000000, 0.000000
2546.258883, 288.206803, 0.000000, 0.000000
2546.663513, 288.255069, 0.000000, 0.000000
2546.734235, 288.263505, 0.000000, 0.000000
2546.804957, 288.271941, 0.000000, 0.000000
2546.875678, 288.280377, 0.000000, 0.000000
2546.946400, 288.288814, 0.000000, 0.000000
2547.356038, 288.337677, 0.000000, 0.000000
2547.426760, 288.346113, 0.000000, 0.000000
2547.497481, 288.354550, 0.000000, 0.000000
2547.568203, 288.362986, 0.000000, 0.000000
2547.638925, 288.371422, 0.000000, 0.000000
2548.053600, 288.420887, 0.000000, 0.000000
2548.124322, 288.429323, 0.000000, 0.000000
2548.195044, 288.437759, 0.000000, 0.000000
2548.265765, 288.446195, 0.000000, 0.000000
2548.336487, 288.454631, 0.000000, 0.000000
2548.744443, 288.503294, 0.000000, 0.000000
2548.815165, 288.511730, 0.000000, 0.000000
2548.885887, 288.520166, 0.000000, 0.000000
2548.956608, 288.528602, 0.000000, 0.000000
2549.027330, 288.537038, 0.000000, 0.000000
2549.440381, 288.586309, 0.000000, 0.000000
2549.511102, 288.594746, 0.000000, 0.000000
2549.581824, 288.603182, 0.000000, 0.000000
2549.652546, 288.611618, 0.000000, 0.000000
2549.723267, 288.620054, 0.000000, 0.000000
2550.141441, 288.669936, 0.000000, 0.000000
2550.212163, 288.678372, 0.000000, 0.000000
2550.282884, 288.686808, 0.000000, 0.000000
2550.353606, 288.695244, 0.000000, 0.000000
2550.424328, 288.703680, 0.000000, 0.000000
2550.845125, 288.753875, 0.000000, 0.000000
2550.915847, 288.762311, 0.000000, 0.000000
2550.986568, 288.770747, 0.000000, 0.000000
2551.057290, 288.779183, 0.000000, 0.000000
2551.128012, 288.787619, 0.000000, 0.000000
2551.547402, 288.849601, 0.000000, 0.000000
2551.618124, 288.858037, 0.000000, 0.000000
2551.688845, 288.866473, 0.000000, 0.000000
2551.759567, 288.874910, 0.000000, 0.000000
2551.830289, 288.883346, 0.000000, 0.000000
2552.251085, 288.933541, 0.000000, 0.000000
2552.321807, 288.941977, 0.000000, 0.000000
2552.392529, 288.950413, 0.000000, 0.000000
2552.463250, 288.958849, 0.000000, 0.000000
2552.533972, 288.967285, 0.000000, 0.000000
2552.954769, 289.017480, 0.000000, 0.000000
2553.025491, 289.025916, 0.000000, 0.000000
2553.096213, 289.034352, 0.000000, 0.000000
2553.166934, 289.042788, 0.000000, 0.000000
2553.237656, 289.051224, 0.000000, 0.000000
2553.662038, 289.102567, 0.000000, 0.000000
2553.732744, 289.111129, 0.000000, 0.000000
2553.803451, 289.119691, 0.000000, 0.000000
2553.874157, 289.128253, 0.000000, 0.000000
2553.944864, 289.136815, 0.000000, 0.000000
2554.376567, 289.191324, 0.000000, 0.000000
2554.445734, 289.212049, 1.000000, 0.000000
2554.514902, 289.232774, 1.000000, 0.000000
2554.585560, 289.241722, 1.000000, 0.000000
2554.654728, 289.262447, 1.000000, 0.000000
2555.088849, 289.320275, 1.000000, 0.000000
2555.159444, 289.329714, 1.000000, 0.000000
2555.230038, 289.339152, 1.000000, 0.000000
2555.300633, 289.348591, 1.000000, 0.000000
2555.371228, 289.358030, 1.000000, 0.000000
2555.804637, 289.418768, 1.000000, 0.000000
2555.875166, 289.428686, 1.000000, 0.000000
2555.945695, 289.438604, 1.000000, 0.000000
2556.016224, 289.448522, 1.000000, 0.000000
2556.086753, 289.458440, 1.000000, 0.000000
2556.519448, 289.522017, 1.000000, 0.000000
2556.589910, 289.532403, 1.000000, 0.000000
2556.660372, 289.542790, 1.000000, 0.000000
2556.730833, 289.553176, 1.000000, 0.000000
2556.801295, 289.563563, 1.000000, 0.000000
2557.233275, 289.629911, 1.000000, 0.000000
2557.301860, 289.652487, 1.000000, 0.000000
2557.374060, 289.651599, 1.000000, 0.000000
2557.444453, 289.662443, 1.000000, 0.000000
2557.514845, 289.673288, 1.000000, 0.000000
2557.946107, 289.742339, 1.000000, 0.000000
2558.016430, 289.753631, 1.000000, 0.000000
2558.086752, 289.764922, 1.000000, 0.000000
2558.157074, 289.776214, 1.000000, 0.000000
2558.227396, 289.787505, 1.000000, 0.000000
2558.653772, 289.857637, 1.000000, 0.000000
2558.724048, 289.869215, 1.000000, 0.000000
2558.794324, 289.880793, 1.000000, 0.000000
2558.864599, 289.892371, 1.000000, 0.000000
2558.934875, 289.903949, 1.000000, 0.000000
2559.354798, 289.973504, 1.000000, 0.000000
2559.425063, 289.985146, 1.000000, 0.000000
2559.495328, 289.996789, 1.000000, 0.000000
2559.565594, 290.008431, 1.000000, 0.000000
2559.635859, 290.020073, 1.000000, 0.000000
2560.053938, 290.089346, 1.000000, 0.000000
2560.124203, 290.100988, 1.000000, 0.000000
2560.194468, 290.112630, 1.000000, 0.000000
2560.264733, 290.124273, 1.000000, 0.000000
2560.333058, 290.147626, 1.000000, 0.000000
2560.751137, 290.216898, 1.000000, 0.000000
2560.819462, 290.240251, 1.000000, 0.000000
2560.891667, 290.240183, 0.000000, 0.000000
2560.961932, 290.251825, 0.000000, 0.000000
2561.032197, 290.263467, 0.000000, 0.000000
2561.450277, 290.332740, 0.000000, 0.000000
2561.520542, 290.344382, 0.000000, 0.000000
2561.590807, 290.356024, 0.000000, 0.000000
2561.661072, 290.367667, 0.000000, 0.000000
2561.731337, 290.379309, 0.000000, 0.000000
2562.149417, 290.448581, 0.000000, 0.000000
2562.219682, 290.460223, 0.000000, 0.000000
2562.289947, 290.471866, 0.000000, 0.000000
2562.360212, 290.483508, 0.000000, 0.000000
2562.430477, 290.495150, 0.000000, 0.000000
2562.848556, 290.564423, 0.000000, 0.000000
2562.918821, 290.576065, 0.000000, 0.000000
2562.989086, 290.587707, 0.000000, 0.000000
2563.059351, 290.599350, 0.000000, 0.000000
2563.129616, 290.610992, 0.000000, 0.000000
2563.547696, 290.680264, 0.000000, 0.000000
2563.617961, 290.691907, 0.000000, 0.000000
2563.688226, 290.703549, 0.000000, 0.000000
2563.758491, 290.715191, 0.000000, 0.000000
2563.828756, 290.726833, 0.000000, 0.000000
2564.246836, 290.796106, 0.000000, 0.000000
2564.317101, 290.807748, 0.000000, 0.000000
2564.387366, 290.819390, 0.000000, 0.000000
2564.457631, 290.831033, 0.000000, 0.000000
2564.527896, 290.842675, 0.000000, 0.000000
2564.945975, 290.911947, 0.000000, 0.000000
2565.016240, 290.923590, 0.000000, 0.000000
2565.086505, 290.935232, 0.000000, 0.000000
2565.156770, 290.946874, 0.000000, 0.000000
2565.227035, 290.958516, 0.000000, 0.000000
2565.645115, 291.027789, 0.000000, 0.000000
2565.715380, 291.039431, 0.000000, 0.000000
2565.785645, 291.051073, 0.000000, 0.000000
2565.855910, 291.062716, 0.000000, 0.000000
2565.926175, 291.074358, 0.000000, 0.000000
2566.344255, 291.143630, 0.000000, 0.000000
2566.414520, 291.155273, 0.000000, 0.000000
2566.484785, 291.166915, 0.000000, 0.000000
2566.555050, 291.178557, 0.000000, 0.000000
2566.623374, 291.201910, 0.000000, 0.000000
2567.040236, 291.270981, 0.000000, 0.000000
2567.110501, 291.282623, 0.000000, 0.000000
2567.180766, 291.294266, 0.000000, 0.000000
2567.251031, 291.305908, 0.000000, 0.000000
2567.321296, 291.317550, 0.000000, 0.000000
2567.736422, 291.386333, 0.000000, 0.000000
2567.806687, 291.397975, 0.000000, 0.000000
2567.876952, 291.409618, 0.000000, 0.000000
2567.947217, 291.421260, 0.000000, 0.000000
2568.017482, 291.432902, 0.000000, 0.000000
2568.430874, 291.501398, 0.000000, 0.000000
2568.501139, 291.513040, 0.000000, 0.000000
2568.571404, 291.524682, 0.000000, 0.000000
2568.641669, 291.536325, 0.000000, 0.000000
2568.711934, 291.547967, 0.000000, 0.000000
2569.123596, 291.616176, 0.000000, 0.000000
2569.193861, 291.627818, 0.000000, 0.000000
2569.264126, 291.639461, 0.000000, 0.000000
2569.334391, 291.651103, 0.000000, 0.000000
2569.404656, 291.662745, 0.000000, 0.000000
2569.814592, 291.730668, 0.000000, 0.000000
2569.884857, 291.742311, 0.000000, 0.000000
2569.955123, 291.753953, 0.000000, 0.000000
2570.025388, 291.765595, 0.000000, 0.000000
2570.095653, 291.777238, 0.000000, 0.000000
2570.503865, 291.844875, 0.000000, 0.000000
2570.574130, 291.856517, 0.000000, 0.000000
2570.644395, 291.868160, 0.000000, 0.000000
2570.714661, 291.879802, 0.000000, 0.000000
2570.784926, 291.891444, 0.000000, 0.000000
2571.191419, 291.958797, 0.000000, 0.000000
2571.261684, 291.970439, 0.000000, 0.000000
2571.331949, 291.982081, 0.000000, 0.000000
2571.402214, 291.993724, 0.000000, 0.000000
2571.472479, 292.005366, 0.000000, 0.000000
2571.878458, 292.072633, 0.000000, 0.000000
2571.948723, 292.084276, 0.000000, 0.000000
2572.018988, 292.095918, 0.000000, 0.000000
2572.089253, 292.107560, 0.000000, 0.000000
2572.159518, 292.119203, 0.000000, 0.000000
2572.565497, 292.186470, 0.000000, 0.000000
2572.635762, 292.198112, 0.000000, 0.000000
2572.706027, 292.209754, 1.000000, 0.000000
2572.772411, 292.244818, 1.000000, 0.000000
2572.838796, 292.279882, 1.000000, 0.000000
2573.242834, 292.358861, 1.000000, 0.000000
2573.315039, 292.358792, 1.000000, 0.000000
2573.385304, 292.370434, 1.000000, 0.000000
2573.455569, 292.382077, 1.000000, 0.000000
2573.523894, 292.405430, 1.000000, 0.000000
2573.927932, 292.484408, 1.000000, 0.000000
2573.998197, 292.496050, 1.000000, 0.000000
2574.070403, 292.495982, 1.000000, 0.000000
2574.142608, 292.495913, 1.000000, 0.000000
2574.208993, 292.530977, 1.000000, 0.000000
2574.613341, 292.597630, 1.000000, 0.000000
2574.681686, 292.620923, 1.000000, 0.000000
2574.753891, 292.620791, 1.000000, 0.000000
2574.826096, 292.620660, 1.000000, 0.000000
2574.894442, 292.643953, 1.000000, 0.000000
2575.296972, 292.709548, 1.000000, 0.000000
2575.365361, 292.732712, 1.000000, 0.000000
2575.435658, 292.744160, 1.000000, 0.000000
2575.509771, 292.732176, 1.000000, 0.000000
2575.580068, 292.743624, 1.000000, 0.000000
2575.980258, 292.819969, 1.000000, 0.000000
2576.048697, 292.842983, 1.000000, 0.000000
2576.119019, 292.854278, 1.000000, 0.000000
2576.191223, 292.853852, 1.000000, 0.000000
2576.263427, 292.853426, 1.000000, 0.000000
2576.665608, 292.917160, 1.000000, 0.000000
2576.728528, 292.975197, 1.000000, 0.000000
2576.802588, 292.962887, 1.000000, 0.000000
2576.872934, 292.974027, 1.000000, 0.000000
2576.946994, 292.961718, 1.000000, 0.000000
2577.341961, 293.071468, 1.000000, 0.000000
2577.410501, 293.094180, 1.000000, 0.000000
2577.482703, 293.093435, 1.000000, 0.000000
2577.556735, 293.080961, 1.000000, 0.000000
2577.625276, 293.103673, 1.000000, 0.000000
2578.025947, 293.177350, 1.000000, 0.000000
2578.094538, 293.199909, 1.000000, 0.000000
2578.164934, 293.210735, 1.000000, 0.000000
2578.240742, 293.186363, 1.000000, 0.000000
2578.312942, 293.185457, 1.000000, 0.000000
2578.715470, 293.246482, 1.000000, 0.000000
2578.785890, 293.257149, 1.000000, 0.000000
2578.856310, 293.267817, 1.000000, 0.000000
2578.930285, 293.255011, 0.000000, 0.000000
2579.000705, 293.265678, 0.000000, 0.000000
2579.404829, 293.326329, 0.000000, 0.000000
2579.475264, 293.336894, 0.000000, 0.000000
2579.545699, 293.347459, 0.000000, 0.000000
2579.616134, 293.358024, 0.000000, 0.000000
2579.686570, 293.368589, 0.000000, 0.000000
2580.092902, 293.429407, 0.000000, 0.000000
2580.163340, 293.439949, 0.000000, 0.000000
2580.233779, 293.450491, 0.000000, 0.000000
2580.304218, 293.461032, 0.000000, 0.000000
2580.374656, 293.471574, 0.000000, 0.000000
2580.781637, 293.532481, 0.000000, 0.000000
2580.852076, 293.543023, 0.000000, 0.000000
2580.922515, 293.553565, 0.000000, 0.000000
2580.992953, 293.564106, 0.000000, 0.000000
2581.063392, 293.574648, 0.000000, 0.000000
2581.470373, 293.635555, 0.000000, 0.000000
2581.540812, 293.646097, 0.000000, 0.000000
2581.611250, 293.656639, 0.000000, 0.000000
2581.683446, 293.655440, 0.000000, 0.000000
2581.753884, 293.665982, 0.000000, 0.000000
2582.160866, 293.726890, 0.000000, 0.000000
2582.231305, 293.737431, 0.000000, 0.000000
2582.301743, 293.747973, 0.000000, 0.000000
2582.372182, 293.758515, 0.000000, 0.000000
2582.442621, 293.769056, 0.000000, 0.000000
2582.849602, 293.829964, 0.000000, 0.000000
2582.920040, 293.840505, 0.000000, 0.000000
2582.990479, 293.851047, 0.000000, 0.000000
2583.060918, 293.861589, 0.000000, 0.000000
2583.131356, 293.872130, 0.000000, 0.000000
2583.538337, 293.933038, 0.000000, 0.000000
2583.608776, 293.943579, 0.000000, 0.000000
2583.679215, 293.954121, 0.000000, 0.000000
2583.749653, 293.964663, 0.000000, 0.000000
2583.820092, 293.975204, 0.000000, 0.000000
2584.227074, 294.036112, 0.000000, 0.000000
2584.297512, 294.046653, 0.000000, 0.000000
2584.367951, 294.057195, 0.000000, 0.000000
2584.438390, 294.067737, 0.000000, 0.000000
2584.508828, 294.078278, 0.000000, 0.000000
2584.915809, 294.139186, 0.000000, 0.000000
2584.986248, 294.149727, 0.000000, 0.000000
2585.056687, 294.160269, 0.000000, 0.000000
2585.127125, 294.170811, 0.000000, 0.000000
2585.197564, 294.181352, 0.000000, 0.000000
2585.604545, 294.242260, 0.000000, 0.000000
2585.674984, 294.252801, 0.000000, 0.000000
2585.745422, 294.263343, 0.000000, 0.000000
2585.815861, 294.273885, 0.000000, 0.000000
2585.886299, 294.284426, 0.000000, 0.000000
2586.293281, 294.345334, 0.000000, 0.000000
2586.363720, 294.355876, 0.000000, 0.000000
2586.434158, 294.366417, 0.000000, 0.000000
2586.504597, 294.376959, 0.000000, 0.000000
2586.575036, 294.387500, 0.000000, 0.000000
2586.982017, 294.448408, 0.000000, 0.000000
2587.054212, 294.447210, 0.000000, 0.000000
2587.124651, 294.457751, 0.000000, 0.000000
2587.195090, 294.468293, 0.000000, 0.000000
2587.265528, 294.478835, 0.000000, 0.000000
2587.671855, 294.539644, 0.000000, 0.000000
2587.742294, 294.550186, 0.000000, 0.000000
2587.812732, 294.560728, 0.000000, 0.000000
2587.883171, 294.571269, 0.000000, 0.000000
2587.953610, 294.581811, 0.000000, 0.000000
2588.370261, 294.644166, 0.000000, 0.000000
2588.440699, 294.654707, 0.000000, 0.000000
2588.511138, 294.665249, 0.000000, 0.000000
2588.581577, 294.675790, 0.000000, 0.000000
2588.652015, 294.686332, 0.000000, 0.000000
2589.067257, 294.748476, 0.000000, 0.000000
2589.137696, 294.759018, 0.000000, 0.000000
2589.208135, 294.769559, 0.000000, 0.000000
2589.278573, 294.780101, 0.000000, 0.000000
2589.349012, 294.790642, 0.000000, 0.000000
2589.467688, 296.824857, -1.000000, 0.000000
2589.829778, 294.886598, 1.000000, 0.000000
2589.898460, 294.908879, 1.000000, 0.000000
2589.967142, 294.931161, 1.000000, 0.000000
2590.370807, 295.051585, 1.000000, 0.000000
2590.439489, 295.073867, 1.000000, 0.000000
2590.509927, 295.084408, 1.000000, 0.000000
2590.580366, 295.094950, 1.000000, 0.000000
2590.650805, 295.105492, 1.000000, 0.000000
2591.060113, 295.178750, 1.000000, 0.000000
2591.130552, 295.189292, 1.000000, 0.000000
2591.200990, 295.199833, 1.000000, 0.000000
2591.271429, 295.210375, 1.000000, 0.000000
2591.341867, 295.220917, 1.000000, 0.000000
2591.751557, 295.282229, 1.000000, 0.000000
2591.821995, 295.292771, 1.000000, 0.000000
2591.892434, 295.303313, 1.000000, 0.000000
2591.962873, 295.313854, 1.000000, 0.000000
2592.033311, 295.324396, 1.000000, 0.000000
2592.442262, 295.385598, 1.000000, 0.000000
2592.512700, 295.396140, 1.000000, 0.000000
2592.583139, 295.406681, 1.000000, 0.000000
2592.653578, 295.417223, 1.000000, 0.000000
