495.827084, 88.047901, 1.000000, -1.#QNAN0
495.870967, 87.990561, 1.000000, -1.#QNAN0
496.106774, 87.769816, 1.000000, -1.#QNAN0
496.158770, 87.721142, 1.000000, -1.#QNAN0
496.210765, 87.672467, 1.000000, -1.#QNAN0
496.262761, 87.623793, 1.000000, -1.#QNAN0
496.488517, 87.396197, 1.000000, -1.#QNAN0
496.540513, 87.347523, 1.000000, -1.#QNAN0
496.592508, 87.298848, 1.000000, -1.#QNAN0
496.824449, 87.081723, 1.000000, -1.#QNAN0
496.876445, 87.033049, 1.000000, -1.#QNAN0
496.928440, 86.984374, 1.000000, -1.#QNAN0
496.980436, 86.935700, 1.000000, -1.#QNAN0
497.210459, 86.720370, 1.000000, -1.#QNAN0
497.254342, 86.663030, 1.000000, -1.#QNAN0
497.306337, 86.614356, 1.000000, -1.#QNAN0
497.534453, 86.400811, 1.000000, -1.#QNAN0
497.586449, 86.352136, 1.000000, -1.#QNAN0
497.638444, 86.303462, 1.000000, -1.#QNAN0
497.682327, 86.246122, 1.000000, -1.#QNAN0
497.908548, 86.034352, 1.000000, -1.#QNAN0
497.960543, 85.985678, 1.000000, -1.#QNAN0
498.012539, 85.937003, 1.000000, -1.#QNAN0
498.228761, 85.718333, 1.000000, -1.#QNAN0
498.280756, 85.669658, 1.000000, -1.#QNAN0
498.332752, 85.620984, 1.000000, -1.#QNAN0
498.384747, 85.572310, 1.000000, -1.#QNAN0
498.607600, 85.363692, 1.000000, -1.#QNAN0
498.651483, 85.306352, 1.000000, -1.#QNAN0
498.703479, 85.257677, 1.000000, -1.#QNAN0
498.926332, 85.049059, 1.000000, -1.#QNAN0
498.978328, 85.000385, 1.000000, -1.#QNAN0
499.022211, 84.943044, 1.000000, -1.#QNAN0
499.074206, 84.894370, 1.000000, -1.#QNAN0
499.297059, 84.685752, 1.000000, -1.#QNAN0
499.349055, 84.637078, 1.000000, -1.#QNAN0
499.401050, 84.588403, 1.000000, -1.#QNAN0
499.623903, 84.379785, 1.000000, -1.#QNAN0
499.667787, 84.322445, 1.000000, -1.#QNAN0
499.719782, 84.273771, 1.000000, -1.#QNAN0
499.771778, 84.225097, 1.000000, -1.#QNAN0
499.994631, 84.016478, 1.000000, -1.#QNAN0
500.038514, 83.959138, 1.000000, -1.#QNAN0
500.090510, 83.910464, 1.000000, -1.#QNAN0
500.313363, 83.701846, 1.000000, -1.#QNAN0
500.365358, 83.653171, 1.000000, -1.#QNAN0
500.409241, 83.595831, 1.000000, -1.#QNAN0
500.461237, 83.547157, 1.000000, -1.#QNAN0
500.684090, 83.338539, 1.000000, -1.#QNAN0
500.736085, 83.289865, 1.000000, -1.#QNAN0
500.788081, 83.241190, 1.000000, -1.#QNAN0
501.010934, 83.032572, 1.000000, -1.#QNAN0
501.062930, 82.983898, 1.000000, -1.#QNAN0
501.106813, 82.926557, 1.000000, -1.#QNAN0
501.158808, 82.877883, 1.000000, -1.#QNAN0
501.381661, 82.669265, 1.000000, -1.#QNAN0
501.433657, 82.620591, 1.000000, -1.#QNAN0
501.485652, 82.571916, 1.000000, -1.#QNAN0
501.707489, 82.364491, 1.000000, -1.#QNAN0
501.759516, 82.315850, 1.000000, -1.#QNAN0
501.811543, 82.267210, 1.000000, -1.#QNAN0
501.855464, 82.209898, 1.000000, -1.#QNAN0
502.073275, 82.007662, 1.000000, -1.#QNAN0
502.125467, 81.959199, 1.000000, -1.#QNAN0
502.177659, 81.910735, 1.000000, -1.#QNAN0
502.393294, 81.712357, 1.000000, -1.#QNAN0
502.445735, 81.664164, 1.000000, -1.#QNAN0
502.498176, 81.615970, 1.000000, -1.#QNAN0
502.550617, 81.567776, 1.000000, -1.#QNAN0
502.759283, 81.362019, 1.000000, -1.#QNAN0
502.811976, 81.314101, 1.000000, -1.#QNAN0
502.864669, 81.266183, 1.000000, -1.#QNAN0
503.082139, 81.070316, 1.000000, -1.#QNAN0
503.135087, 81.022680, 1.000000, -1.#QNAN0
503.180096, 80.966218, 1.000000, -1.#QNAN0
503.233043, 80.918582, 1.000000, -1.#QNAN0
503.451595, 80.724130, 1.000000, -1.#QNAN0
503.504800, 80.676781, 1.000000, -1.#QNAN0
503.550113, 80.620564, 1.000000, -1.#QNAN0
503.769497, 80.427264, 1.000000, -1.#QNAN0
503.822962, 80.380208, 1.000000, -1.#QNAN0
503.876427, 80.333152, 1.000000, -1.#QNAN0
503.929891, 80.286096, 1.000000, -1.#QNAN0
504.143363, 80.084416, 1.000000, -1.#QNAN0
504.197065, 80.037631, 1.000000, -1.#QNAN0
504.250767, 79.990846, 1.000000, -1.#QNAN0
504.477048, 79.794583, 1.000000, -1.#QNAN0
504.530864, 79.747930, 1.000000, -1.#QNAN0
504.584681, 79.701278, 1.000000, -1.#QNAN0
504.630723, 79.645656, 1.000000, -1.#QNAN0
504.861382, 79.445702, 1.000000, -1.#QNAN0
504.915199, 79.399050, 1.000000, -1.#QNAN0
504.961241, 79.343428, 1.000000, -1.#QNAN0
505.191901, 79.143474, 1.000000, -1.#QNAN0
505.245717, 79.096821, 1.000000, -1.#QNAN0
505.299534, 79.050169, 1.000000, -1.#QNAN0
505.353351, 79.003516, 1.000000, -1.#QNAN0
505.584011, 78.803563, 1.000000, -1.#QNAN0
505.637828, 78.756910, 1.000000, -1.#QNAN0
505.691644, 78.710258, 1.000000, -1.#QNAN0
505.922304, 78.510305, 1.000000, -1.#QNAN0
505.968345, 78.454683, 1.000000, -1.#QNAN0
506.022162, 78.408030, 1.000000, -1.#QNAN0
506.075979, 78.361377, 1.000000, -1.#QNAN0
506.306639, 78.161424, 1.000000, -1.#QNAN0
506.360456, 78.114771, 1.000000, -1.#QNAN0
506.414273, 78.068119, 1.000000, -1.#QNAN0
506.644932, 77.868165, 1.000000, -1.#QNAN0
506.698749, 77.821513, 1.000000, -1.#QNAN0
506.752566, 77.774860, 1.000000, -1.#QNAN0
506.806383, 77.728208, 1.000000, -1.#QNAN0
507.039277, 77.526317, 1.000000, -1.#QNAN0
507.093094, 77.479665, 1.000000, -1.#QNAN0
507.146911, 77.433012, 1.000000, -1.#QNAN0
507.382314, 77.228946, 1.000000, -1.#QNAN0
507.436131, 77.182294, 1.000000, -1.#QNAN0
507.489948, 77.135641, 1.000000, -1.#QNAN0
507.543765, 77.088989, 1.000000, -1.#QNAN0
507.781882, 76.882571, 1.000000, -1.#QNAN0
507.835699, 76.835918, 1.000000, -1.#QNAN0
507.889516, 76.789265, 1.000000, -1.#QNAN0
508.130547, 76.580321, 1.000000, -1.#QNAN0
508.192139, 76.542638, 1.000000, -1.#QNAN0
508.245956, 76.495985, 1.000000, -1.#QNAN0
508.299773, 76.449333, 1.000000, -1.#QNAN0
508.543914, 76.237693, 1.000000, -1.#QNAN0
508.597731, 76.191040, 1.000000, -1.#QNAN0
508.651548, 76.144387, 1.000000, -1.#QNAN0
508.890020, 75.937662, 1.000000, -1.#QNAN0
508.951612, 75.899979, 1.000000, -1.#QNAN0
509.005429, 75.853326, 1.000000, -1.#QNAN0
509.059246, 75.806674, 1.000000, -1.#QNAN0
509.301204, 75.596926, 1.000000, -1.#QNAN0
509.355021, 75.550273, 1.000000, -1.#QNAN0
509.408838, 75.503620, 1.000000, -1.#QNAN0
509.650904, 75.293779, 1.000000, -1.#QNAN0
509.704721, 75.247126, 1.000000, -1.#QNAN0
509.750763, 75.191504, 1.000000, -1.#QNAN0
509.804579, 75.144852, 1.000000, -1.#QNAN0
510.046645, 74.935011, 1.000000, -1.#QNAN0
510.100462, 74.888358, 1.000000, -1.#QNAN0
510.154279, 74.841706, 1.000000, -1.#QNAN0
510.208096, 74.795053, 1.000000, -1.#QNAN0
510.442386, 74.576243, 1.000000, -1.#QNAN0
510.496203, 74.529590, 1.000000, -1.#QNAN0
510.550020, 74.482937, 1.000000, -1.#QNAN0
510.792086, 74.273096, 1.000000, -1.#QNAN0
510.845903, 74.226443, 1.000000, -1.#QNAN0
510.891944, 74.170821, 1.000000, -1.#QNAN0
510.945761, 74.124169, 1.000000, -1.#QNAN0
511.187827, 73.914328, 1.000000, -1.#QNAN0
511.241644, 73.867675, 1.000000, -1.#QNAN0
511.295461, 73.821023, 1.000000, -1.#QNAN0
511.349278, 73.774370, 1.000000, -1.#QNAN0
511.591343, 73.564529, 1.000000, -1.#QNAN0
511.645160, 73.517876, 1.000000, -1.#QNAN0
511.698977, 73.471224, 1.000000, -1.#QNAN0
511.941043, 73.261382, 1.000000, -1.#QNAN0
511.994860, 73.214730, 1.000000, -1.#QNAN0
512.040901, 73.159108, 1.000000, -1.#QNAN0
512.094718, 73.112455, 1.000000, -1.#QNAN0
512.336784, 72.902614, 1.000000, -1.#QNAN0
512.390601, 72.855962, 1.000000, -1.#QNAN0
512.444418, 72.809309, 1.000000, -1.#QNAN0
512.498235, 72.762656, 1.000000, -1.#QNAN0
512.735077, 72.558730, 1.000000, -1.#QNAN0
512.789054, 72.512263, 1.000000, -1.#QNAN0
512.835287, 72.456800, 1.000000, -1.#QNAN0
513.039938, 72.288151, 1.000000, -1.#QNAN0
513.095035, 72.243017, 1.000000, -1.#QNAN0
513.150132, 72.197883, 1.000000, -1.#QNAN0
513.205229, 72.152749, 1.000000, -1.#QNAN0
513.414111, 71.989800, 1.000000, -1.#QNAN0
513.470300, 71.946033, 1.000000, -1.#QNAN0
513.526489, 71.902266, 1.000000, -1.#QNAN0
513.582677, 71.858499, 1.000000, -1.#QNAN0
513.796707, 71.700358, 1.000000, -1.#QNAN0
513.853932, 71.657955, 1.000000, -1.#QNAN0
513.911156, 71.615551, 1.000000, -1.#QNAN0
514.136029, 71.470545, 1.000000, -1.#QNAN0
514.194233, 71.429498, 1.000000, -1.#QNAN0
514.252438, 71.388450, 1.000000, -1.#QNAN0
514.310643, 71.347402, 1.000000, -1.#QNAN0
514.526697, 71.187769, 1.000000, -1.#QNAN0
514.585827, 71.148066, 1.000000, -1.#QNAN0
514.644958, 71.108363, 1.000000, -1.#QNAN0
514.704088, 71.068660, 1.000000, -1.#QNAN0
514.931674, 70.923468, 1.000000, -1.#QNAN0
514.991676, 70.885096, 1.000000, -1.#QNAN0
515.058074, 70.856724, 1.000000, -1.#QNAN0
515.301205, 70.705590, 1.000000, -1.#QNAN0
515.361777, 70.668123, 1.000000, -1.#QNAN0
515.422350, 70.630657, 1.000000, -1.#QNAN0
515.482922, 70.593191, 1.000000, -1.#QNAN0
515.754591, 70.425300, 1.000000, -1.#QNAN0
515.815179, 70.387861, 1.000000, -1.#QNAN0
515.875768, 70.350421, 1.000000, -1.#QNAN0
515.936357, 70.312981, 1.000000, -1.#QNAN0
516.202643, 70.134481, 1.000000, -1.#QNAN0
516.263232, 70.097042, 1.000000, -1.#QNAN0
516.323820, 70.059602, 1.000000, -1.#QNAN0
516.596347, 69.891200, 1.000000, -1.#QNAN0
516.663175, 69.863858, 1.000000, -1.#QNAN0
516.717524, 69.816320, 1.000000, -1.#QNAN0
516.778113, 69.778881, 1.000000, -1.#QNAN0
517.050639, 69.610479, 1.000000, -1.#QNAN0
517.111228, 69.573039, 1.000000, -1.#QNAN0
517.171817, 69.535600, 1.000000, -1.#QNAN0
517.232405, 69.498160, 1.000000, -1.#QNAN0
517.504931, 69.329758, 1.000000, -1.#QNAN0
517.565520, 69.292318, 1.000000, -1.#QNAN0
517.626109, 69.254879, 1.000000, -1.#QNAN0
517.898635, 69.086476, 1.000000, -1.#QNAN0
517.959224, 69.049037, 1.000000, -1.#QNAN0
518.019813, 69.011597, 1.000000, -1.#QNAN0
518.080401, 68.974158, 1.000000, -1.#QNAN0
518.352870, 68.805791, 1.000000, -1.#QNAN0
518.407219, 68.758253, 1.000000, -1.#QNAN0
518.467807, 68.720814, 1.000000, -1.#QNAN0
518.528396, 68.683374, 1.000000, -1.#QNAN0
518.806549, 68.525449, 1.000000, -1.#QNAN0
518.867138, 68.488009, 1.000000, -1.#QNAN0
518.927727, 68.450570, 1.000000, -1.#QNAN0
519.205486, 68.292888, 1.000000, -1.#QNAN0
519.266075, 68.255448, 1.000000, -1.#QNAN0
519.326663, 68.218009, 1.000000, -1.#QNAN0
519.387252, 68.180569, 1.000000, -1.#QNAN0
519.658537, 68.012934, 1.000000, -1.#QNAN0
519.719126, 67.975494, 1.000000, -1.#QNAN0
519.779714, 67.938055, 1.000000, -1.#QNAN0
519.840303, 67.900615, 1.000000, -1.#QNAN0
520.111515, 67.733025, 1.000000, -1.#QNAN0
520.172104, 67.695586, 1.000000, -1.#QNAN0
520.226452, 67.648048, 1.000000, -1.#QNAN0
520.497753, 67.480403, 1.000000, -1.#QNAN0
520.558341, 67.442964, 1.000000, -1.#QNAN0
520.618930, 67.405524, 1.000000, -1.#QNAN0
520.679519, 67.368084, 1.000000, -1.#QNAN0
520.951067, 67.200286, 1.000000, -1.#QNAN0
521.011656, 67.162847, 1.000000, -1.#QNAN0
521.072245, 67.125407, 1.000000, -1.#QNAN0
521.132834, 67.087968, 1.000000, -1.#QNAN0
521.404748, 66.919943, 1.000000, -1.#QNAN0
521.465337, 66.882504, 1.000000, -1.#QNAN0
521.525926, 66.845064, 1.000000, -1.#QNAN0
521.797841, 66.677040, 1.000000, -1.#QNAN0
521.858429, 66.639600, 1.000000, -1.#QNAN0
521.919018, 66.602160, 1.000000, -1.#QNAN0
521.979607, 66.564721, 1.000000, -1.#QNAN0
522.251522, 66.396697, 1.000000, -1.#QNAN0
522.312110, 66.359257, 1.000000, -1.#QNAN0
522.372699, 66.321817, 1.000000, -1.#QNAN0
522.433288, 66.284378, 1.000000, -1.#QNAN0
522.705202, 66.116353, 1.000000, -1.#QNAN0
522.765791, 66.078914, 1.000000, -1.#QNAN0
522.826380, 66.041474, 1.000000, -1.#QNAN0
523.098295, 65.873450, 1.000000, -1.#QNAN0
523.158884, 65.836010, 1.000000, -1.#QNAN0
523.213233, 65.788472, 1.000000, -1.#QNAN0
523.273821, 65.751033, 1.000000, -1.#QNAN0
523.545736, 65.583008, 1.000000, -1.#QNAN0
523.606325, 65.545569, 1.000000, -1.#QNAN0
523.666913, 65.508129, 1.000000, -1.#QNAN0
523.727502, 65.470690, 1.000000, -1.#QNAN0
523.999417, 65.302665, 1.000000, -1.#QNAN0
524.060005, 65.265226, 1.000000, -1.#QNAN0
524.120594, 65.227786, 1.000000, -1.#QNAN0
524.386269, 65.049663, 1.000000, -1.#QNAN0
524.446858, 65.012224, 1.000000, -1.#QNAN0
524.507447, 64.974784, 1.000000, -1.#QNAN0
524.568036, 64.937345, 1.000000, -1.#QNAN0
524.839058, 64.770041, 1.000000, -1.#QNAN0
524.899666, 64.732633, 1.000000, -1.#QNAN0
524.954039, 64.685123, 1.000000, -1.#QNAN0
525.020882, 64.657815, 1.000000, -1.#QNAN0
525.280909, 64.499740, 1.000000, -1.#QNAN0
525.341772, 64.462748, 1.000000, -1.#QNAN0
525.402635, 64.425756, 1.000000, -1.#QNAN0
525.641465, 64.285968, 1.000000, -1.#QNAN0
525.703027, 64.250152, 1.000000, -1.#QNAN0
525.764590, 64.214337, 1.000000, -1.#QNAN0
525.820183, 64.168260, 1.000000, -1.#QNAN0
526.061978, 64.033445, 1.000000, -1.#QNAN0
526.124220, 63.998822, 1.000000, -1.#QNAN0
526.186461, 63.964199, 1.000000, -1.#QNAN0
526.248702, 63.929576, 1.000000, -1.#QNAN0
526.487638, 63.789409, 1.000000, -1.#QNAN0
526.550536, 63.755994, 1.000000, -1.#QNAN0
526.613434, 63.722579, 1.000000, -1.#QNAN0
526.854789, 63.586146, 1.000000, -1.#QNAN0
526.918321, 63.553953, 1.000000, -1.#QNAN0
526.981853, 63.521759, 1.000000, -1.#QNAN0
527.045384, 63.489565, 1.000000, -1.#QNAN0
527.294915, 63.368809, 1.000000, -1.#QNAN0
527.353896, 63.327158, 1.000000, -1.#QNAN0
527.418038, 63.296197, 1.000000, -1.#QNAN0
527.482179, 63.265236, 1.000000, -1.#QNAN0
527.730462, 63.138195, 1.000000, -1.#QNAN0
527.795174, 63.108443, 1.000000, -1.#QNAN0
527.854926, 63.067905, 1.000000, -1.#QNAN0
528.122538, 62.948196, 1.000000, -1.#QNAN0
528.187609, 62.919239, 1.000000, -1.#QNAN0
528.247854, 62.879437, 1.000000, -1.#QNAN0
528.312924, 62.850480, 1.000000, -1.#QNAN0
528.600128, 62.709678, 1.000000, -1.#QNAN0
528.665199, 62.680721, 1.000000, -1.#QNAN0
528.725443, 62.640918, 1.000000, -1.#QNAN0
528.790514, 62.611961, 1.000000, -1.#QNAN0
529.077717, 62.471159, 1.000000, -1.#QNAN0
529.142788, 62.442202, 1.000000, -1.#QNAN0
529.203033, 62.402400, 1.000000, -1.#QNAN0
529.495063, 62.272443, 1.000000, -1.#QNAN0
529.555307, 62.232641, 1.000000, -1.#QNAN0
529.620378, 62.203683, 1.000000, -1.#QNAN0
529.685449, 62.174726, 1.000000, -1.#QNAN0
529.972653, 62.033925, 1.000000, -1.#QNAN0
530.037723, 62.004967, 1.000000, -1.#QNAN0
530.097968, 61.965165, 1.000000, -1.#QNAN0
530.163038, 61.936208, 1.000000, -1.#QNAN0
530.455068, 61.806251, 1.000000, -1.#QNAN0
530.520139, 61.777294, 1.000000, -1.#QNAN0
530.580383, 61.737492, 1.000000, -1.#QNAN0
530.872414, 61.607535, 1.000000, -1.#QNAN0
530.937484, 61.578578, 1.000000, -1.#QNAN0
530.997729, 61.538775, 1.000000, -1.#QNAN0
531.062800, 61.509818, 1.000000, -1.#QNAN0
531.354829, 61.379861, 1.000000, -1.#QNAN0
531.419900, 61.350904, 1.000000, -1.#QNAN0
531.480145, 61.311102, 1.000000, -1.#QNAN0
531.545215, 61.282145, 1.000000, -1.#QNAN0
531.838728, 61.151528, 1.000000, -1.#QNAN0
531.898972, 61.111726, 1.000000, -1.#QNAN0
531.964043, 61.082769, 1.000000, -1.#QNAN0
532.254550, 60.940497, 1.000000, -1.#QNAN0
532.319621, 60.911540, 1.000000, -1.#QNAN0
532.379865, 60.871738, 1.000000, -1.#QNAN0
532.444936, 60.842780, 1.000000, -1.#QNAN0
532.742423, 60.710395, 1.000000, -1.#QNAN0
532.807493, 60.681438, 1.000000, -1.#QNAN0
532.867738, 60.641636, 1.000000, -1.#QNAN0
532.932809, 60.612678, 1.000000, -1.#QNAN0
533.232779, 60.479188, 1.000000, -1.#QNAN0
533.293023, 60.439386, 1.000000, -1.#QNAN0
533.358094, 60.410429, 1.000000, -1.#QNAN0
533.656046, 60.264844, 1.000000, -1.#QNAN0
533.721117, 60.235887, 1.000000, -1.#QNAN0
533.786187, 60.206930, 1.000000, -1.#QNAN0
533.851258, 60.177972, 1.000000, -1.#QNAN0
534.157161, 60.041842, 1.000000, -1.#QNAN0
534.217406, 60.002040, 1.000000, -1.#QNAN0
534.282477, 59.973082, 1.000000, -1.#QNAN0
534.347547, 59.944125, 1.000000, -1.#QNAN0
534.646044, 59.811291, 1.000000, -1.#QNAN0
534.706288, 59.771489, 1.000000, -1.#QNAN0
534.771359, 59.742531, 1.000000, -1.#QNAN0
534.836429, 59.713574, 1.000000, -1.#QNAN0
535.134926, 59.580740, 1.000000, -1.#QNAN0
535.199997, 59.551782, 1.000000, -1.#QNAN0
535.260241, 59.511980, 1.000000, -1.#QNAN0
535.558738, 59.379146, 1.000000, -1.#QNAN0
535.623808, 59.350189, 1.000000, -1.#QNAN0
535.688879, 59.321231, 1.000000, -1.#QNAN0
535.753950, 59.292274, 1.000000, -1.#QNAN0
536.052446, 59.159440, 1.000000, -1.#QNAN0
536.112691, 59.119638, 1.000000, -1.#QNAN0
536.177761, 59.090680, 1.000000, -1.#QNAN0
536.242832, 59.061723, 1.000000, -1.#QNAN0
536.541329, 58.928889, 1.000000, -1.#QNAN0
536.606399, 58.899932, 1.000000, -1.#QNAN0
536.671470, 58.870974, 1.000000, -1.#QNAN0
536.736541, 58.842017, 1.000000, -1.#QNAN0
537.035037, 58.709183, 1.000000, -1.#QNAN0
537.100108, 58.680226, 1.000000, -1.#QNAN0
537.165178, 58.651268, 1.000000, -1.#QNAN0
537.225423, 58.611466, 1.000000, -1.#QNAN0
537.528745, 58.489477, 1.000000, -1.#QNAN0
537.588990, 58.449675, 1.000000, -1.#QNAN0
537.654061, 58.420717, 1.000000, -1.#QNAN0
537.719131, 58.391760, 1.000000, -1.#QNAN0
538.017628, 58.258926, 1.000000, -1.#QNAN0
538.082699, 58.229969, 1.000000, -1.#QNAN0
538.147770, 58.201011, 1.000000, -1.#QNAN0
538.446266, 58.068177, 1.000000, -1.#QNAN0
538.511336, 58.039220, 1.000000, -1.#QNAN0
538.576407, 58.010263, 1.000000, -1.#QNAN0
538.636652, 57.970460, 1.000000, -1.#QNAN0
538.912113, 57.879524, 1.000000, -1.#QNAN0
538.977746, 57.851865, 1.000000, -1.#QNAN0
539.038770, 57.813268, 1.000000, -1.#QNAN0
539.104403, 57.785610, 1.000000, -1.#QNAN0
539.363993, 57.697058, 1.000000, -1.#QNAN0
539.430367, 57.671230, 1.000000, -1.#QNAN0
539.496742, 57.645401, 1.000000, -1.#QNAN0
539.563117, 57.619573, 1.000000, -1.#QNAN0
539.825437, 57.538362, 1.000000, -1.#QNAN0
539.892494, 57.514361, 1.000000, -1.#QNAN0
539.959552, 57.490360, 1.000000, -1.#QNAN0
540.026609, 57.466359, 1.000000, -1.#QNAN0
540.287829, 57.381147, 1.000000, -1.#QNAN0
540.355509, 57.358965, 1.000000, -1.#QNAN0
540.423190, 57.336783, 1.000000, -1.#QNAN0
540.494568, 57.325881, 1.000000, -1.#QNAN0
540.758550, 57.247778, 1.000000, -1.#QNAN0
540.826797, 57.227402, 1.000000, -1.#QNAN0
540.898439, 57.218400, 1.000000, -1.#QNAN0
541.164536, 57.145540, 1.000000, -1.#QNAN0
541.233291, 57.126951, 1.000000, -1.#QNAN0
541.302045, 57.108363, 1.000000, -1.#QNAN0
541.370800, 57.089774, 1.000000, -1.#QNAN0
541.642537, 57.035335, 1.000000, -1.#QNAN0
541.711744, 57.018511, 1.000000, -1.#QNAN0
541.780952, 57.001686, 1.000000, -1.#QNAN0
541.850159, 56.984862, 1.000000, -1.#QNAN0
542.164032, 56.921800, 1.000000, -1.#QNAN0
542.233297, 56.905216, 1.000000, -1.#QNAN0
542.302562, 56.888631, 1.000000, -1.#QNAN0
542.371828, 56.872047, 1.000000, -1.#QNAN0
542.689566, 56.795969, 1.000000, -1.#QNAN0
542.758831, 56.779384, 1.000000, -1.#QNAN0
542.828096, 56.762800, 1.000000, -1.#QNAN0
542.900125, 56.757760, 1.000000, -1.#QNAN0
543.217863, 56.681682, 1.000000, -1.#QNAN0
543.287129, 56.665097, 1.000000, -1.#QNAN0
543.356394, 56.648513, 1.000000, -1.#QNAN0
543.425659, 56.631928, 1.000000, -1.#QNAN0
543.743398, 56.555850, 1.000000, -1.#QNAN0
543.812663, 56.539266, 1.000000, -1.#QNAN0
543.879164, 56.511137, 1.000000, -1.#QNAN0
544.196902, 56.435059, 1.000000, -1.#QNAN0
544.266167, 56.418475, 1.000000, -1.#QNAN0
544.335432, 56.401890, 1.000000, -1.#QNAN0
544.404698, 56.385306, 1.000000, -1.#QNAN0
544.722436, 56.309228, 1.000000, -1.#QNAN0
544.794465, 56.304187, 1.000000, -1.#QNAN0
544.863730, 56.287603, 1.000000, -1.#QNAN0
544.930231, 56.259474, 1.000000, -1.#QNAN0
545.247970, 56.183396, 1.000000, -1.#QNAN0
545.317235, 56.166812, 1.000000, -1.#QNAN0
545.386500, 56.150227, 1.000000, -1.#QNAN0
545.455765, 56.133643, 1.000000, -1.#QNAN0
545.771772, 56.045773, 1.000000, -1.#QNAN0
545.841037, 56.029189, 1.000000, -1.#QNAN0
545.910303, 56.012604, 1.000000, -1.#QNAN0
545.976804, 55.984475, 1.000000, -1.#QNAN0
546.302468, 55.906500, 1.000000, -1.#QNAN0
546.371734, 55.889915, 1.000000, -1.#QNAN0
546.440999, 55.873331, 1.000000, -1.#QNAN0
546.510264, 55.856746, 1.000000, -1.#QNAN0
546.840072, 55.765572, 1.000000, -1.#QNAN0
546.909338, 55.748988, 1.000000, -1.#QNAN0
546.978603, 55.732403, 1.000000, -1.#QNAN0
547.318095, 55.651117, 1.000000, -1.#QNAN0
547.387360, 55.634532, 1.000000, -1.#QNAN0
547.453861, 55.606403, 1.000000, -1.#QNAN0
547.523126, 55.589819, 1.000000, -1.#QNAN0
547.855243, 55.498092, 1.000000, -1.#QNAN0
547.921744, 55.469964, 1.000000, -1.#QNAN0
547.991009, 55.453379, 1.000000, -1.#QNAN0
548.060274, 55.436794, 1.000000, -1.#QNAN0
548.402100, 55.354949, 1.000000, -1.#QNAN0
548.474129, 55.349909, 1.000000, -1.#QNAN0
548.543395, 55.333324, 1.000000, -1.#QNAN0
548.612660, 55.316740, 1.000000, -1.#QNAN0
548.964206, 55.244773, 1.000000, -1.#QNAN0
549.036235, 55.239733, 1.000000, -1.#QNAN0
549.105500, 55.223148, 1.000000, -1.#QNAN0
549.174765, 55.206564, 1.000000, -1.#QNAN0
549.520689, 55.135944, 1.000000, -1.#QNAN0
549.589954, 55.119359, 1.000000, -1.#QNAN0
549.659219, 55.102774, 1.000000, -1.#QNAN0
549.731248, 55.097734, 1.000000, -1.#QNAN0
550.077172, 55.027114, 1.000000, -1.#QNAN0
550.151966, 55.033618, 1.000000, -1.#QNAN0
550.223995, 55.028577, 1.000000, -1.#QNAN0
550.293260, 55.011993, 1.000000, -1.#QNAN0
550.365289, 55.006952, 1.000000, -1.#QNAN0
550.708448, 54.924788, 1.000000, -1.#QNAN0
550.777714, 54.908203, 1.000000, -1.#QNAN0
550.846979, 54.891619, 1.000000, -1.#QNAN0
550.916244, 54.875034, 1.000000, -1.#QNAN0
551.259403, 54.792870, 1.000000, -1.#QNAN0
551.328668, 54.776285, 1.000000, -1.#QNAN0
551.397934, 54.759701, 1.000000, -1.#QNAN0
551.467199, 54.743116, 1.000000, -1.#QNAN0
551.810358, 54.660951, 1.000000, -1.#QNAN0
551.879624, 54.644367, 1.000000, -1.#QNAN0
551.946125, 54.616238, 1.000000, -1.#QNAN0
552.015390, 54.599654, 1.000000, -1.#QNAN0
552.358549, 54.517489, 1.000000, -1.#QNAN0
552.427814, 54.500905, 1.000000, -1.#QNAN0
552.497080, 54.484320, 1.000000, -1.#QNAN0
552.566345, 54.467735, 1.000000, -1.#QNAN0
552.909504, 54.385571, 1.000000, -1.#QNAN0
552.978769, 54.368986, 1.000000, -1.#QNAN0
553.045270, 54.340858, 1.000000, -1.#QNAN0
553.114535, 54.324273, 1.000000, -1.#QNAN0
494.107260, 86.210726, -1.000000, 0.000000
494.159255, 86.162052, -1.000000, 0.000000
494.395062, 85.941307, -1.000000, 0.000000
494.447058, 85.892633, -1.000000, 0.000000
494.499054, 85.843958, -1.000000, 0.000000
494.551049, 85.795284, -1.000000, 0.000000
494.784918, 85.576354, -1.000000, 0.000000
494.836913, 85.527679, -1.000000, 0.000000
494.888909, 85.479005, -1.000000, 0.000000
495.120850, 85.261880, -1.000000, 0.000000
495.172845, 85.213205, -1.000000, 0.000000
495.224841, 85.164531, -1.000000, 0.000000
495.276836, 85.115857, -1.000000, 0.000000
495.506859, 84.900527, -1.000000, 0.000000
495.558855, 84.851852, -1.000000, 0.000000
495.610850, 84.803178, -1.000000, 0.000000
495.838966, 84.589633, -1.000000, 0.000000
495.890962, 84.540959, -1.000000, 0.000000
495.942957, 84.492285, -1.000000, 0.000000
495.994953, 84.443611, -1.000000, 0.000000
496.221173, 84.231841, -1.000000, 0.000000
496.273168, 84.183166, -1.000000, 0.000000
496.325164, 84.134492, -1.000000, 0.000000
496.549498, 83.924487, -1.000000, 0.000000
496.601494, 83.875813, -1.000000, 0.000000
496.653489, 83.827139, -1.000000, 0.000000
496.705485, 83.778464, -1.000000, 0.000000
496.928338, 83.569846, -1.000000, 0.000000
496.980333, 83.521172, -1.000000, 0.000000
497.032329, 83.472498, -1.000000, 0.000000
497.255182, 83.263879, -1.000000, 0.000000
497.307178, 83.215205, -1.000000, 0.000000
497.359173, 83.166531, -1.000000, 0.000000
497.411169, 83.117856, -1.000000, 0.000000
497.634022, 82.909238, -1.000000, 0.000000
497.686017, 82.860564, -1.000000, 0.000000
497.738013, 82.811890, -1.000000, 0.000000
497.960866, 82.603272, -1.000000, 0.000000
498.012861, 82.554597, -1.000000, 0.000000
498.064857, 82.505923, -1.000000, 0.000000
498.116852, 82.457249, -1.000000, 0.000000
498.339706, 82.248630, -1.000000, 0.000000
498.391701, 82.199956, -1.000000, 0.000000
498.443697, 82.151282, -1.000000, 0.000000
498.666550, 81.942664, -1.000000, 0.000000
498.718545, 81.893990, -1.000000, 0.000000
498.770541, 81.845315, -1.000000, 0.000000
498.822536, 81.796641, -1.000000, 0.000000
499.045389, 81.588023, -1.000000, 0.000000
499.097385, 81.539349, -1.000000, 0.000000
499.149380, 81.490674, -1.000000, 0.000000
499.372234, 81.282056, -1.000000, 0.000000
499.424229, 81.233382, -1.000000, 0.000000
499.476225, 81.184707, -1.000000, 0.000000
499.528220, 81.136033, -1.000000, 0.000000
499.751073, 80.927415, -1.000000, 0.000000
499.803069, 80.878741, -1.000000, 0.000000
499.855064, 80.830067, -1.000000, 0.000000
500.078038, 80.621577, -1.000000, 0.000000
500.130065, 80.572937, -1.000000, 0.000000
500.182092, 80.524296, -1.000000, 0.000000
500.234119, 80.475656, -1.000000, 0.000000
500.457812, 80.267940, -1.000000, 0.000000
500.510004, 80.219476, -1.000000, 0.000000
500.562196, 80.171013, -1.000000, 0.000000
500.786832, 79.964320, -1.000000, 0.000000
500.839274, 79.916126, -1.000000, 0.000000
500.891715, 79.867932, -1.000000, 0.000000
500.944156, 79.819738, -1.000000, 0.000000
501.169998, 79.614362, -1.000000, 0.000000
501.222691, 79.566444, -1.000000, 0.000000
501.275384, 79.518526, -1.000000, 0.000000
501.502190, 79.314215, -1.000000, 0.000000
501.555138, 79.266578, -1.000000, 0.000000
501.608086, 79.218942, -1.000000, 0.000000
501.661034, 79.171305, -1.000000, 0.000000
501.889069, 78.968367, -1.000000, 0.000000
501.942274, 78.921018, -1.000000, 0.000000
501.995479, 78.873668, -1.000000, 0.000000
502.224497, 78.671841, -1.000000, 0.000000
502.277962, 78.624785, -1.000000, 0.000000
502.331427, 78.577730, -1.000000, 0.000000
502.384891, 78.530674, -1.000000, 0.000000
502.615058, 78.330154, -1.000000, 0.000000
502.668760, 78.283369, -1.000000, 0.000000
502.722461, 78.236584, -1.000000, 0.000000
502.953063, 78.036565, -1.000000, 0.000000
503.006880, 77.989912, -1.000000, 0.000000
503.060697, 77.943260, -1.000000, 0.000000
503.114514, 77.896607, -1.000000, 0.000000
503.345174, 77.696654, -1.000000, 0.000000
503.398991, 77.650001, -1.000000, 0.000000
503.452807, 77.603349, -1.000000, 0.000000
503.683467, 77.403395, -1.000000, 0.000000
503.737284, 77.356742, -1.000000, 0.000000
503.791101, 77.310090, -1.000000, 0.000000
503.844918, 77.263437, -1.000000, 0.000000
504.075577, 77.063484, -1.000000, 0.000000
504.129394, 77.016831, -1.000000, 0.000000
504.183211, 76.970179, -1.000000, 0.000000
504.413871, 76.770226, -1.000000, 0.000000
504.467688, 76.723573, -1.000000, 0.000000
504.521504, 76.676920, -1.000000, 0.000000
504.575321, 76.630268, -1.000000, 0.000000
504.805981, 76.430314, -1.000000, 0.000000
504.859798, 76.383662, -1.000000, 0.000000
504.913615, 76.337009, -1.000000, 0.000000
505.144274, 76.137056, -1.000000, 0.000000
505.198091, 76.090403, -1.000000, 0.000000
505.251908, 76.043751, -1.000000, 0.000000
505.305725, 75.997098, -1.000000, 0.000000
505.538619, 75.795208, -1.000000, 0.000000
505.592436, 75.748555, -1.000000, 0.000000
505.646253, 75.701903, -1.000000, 0.000000
505.881656, 75.497837, -1.000000, 0.000000
505.935473, 75.451184, -1.000000, 0.000000
505.989290, 75.404532, -1.000000, 0.000000
506.043107, 75.357879, -1.000000, 0.000000
506.281224, 75.151461, -1.000000, 0.000000
506.335041, 75.104808, -1.000000, 0.000000
506.388858, 75.058156, -1.000000, 0.000000
506.629889, 74.849212, -1.000000, 0.000000
506.683706, 74.802559, -1.000000, 0.000000
506.737523, 74.755907, -1.000000, 0.000000
506.791340, 74.709254, -1.000000, 0.000000
507.035481, 74.497614, -1.000000, 0.000000
507.089298, 74.450961, -1.000000, 0.000000
507.143115, 74.404308, -1.000000, 0.000000
507.381587, 74.197583, -1.000000, 0.000000
507.435404, 74.150930, -1.000000, 0.000000
507.489220, 74.104278, -1.000000, 0.000000
507.543037, 74.057625, -1.000000, 0.000000
507.784996, 73.847877, -1.000000, 0.000000
507.838813, 73.801225, -1.000000, 0.000000
507.892629, 73.754572, -1.000000, 0.000000
508.134696, 73.544731, -1.000000, 0.000000
508.188512, 73.498078, -1.000000, 0.000000
508.242329, 73.451425, -1.000000, 0.000000
508.296146, 73.404773, -1.000000, 0.000000
508.538212, 73.194932, -1.000000, 0.000000
508.592029, 73.148279, -1.000000, 0.000000
508.645846, 73.101627, -1.000000, 0.000000
508.699663, 73.054974, -1.000000, 0.000000
508.941728, 72.845133, -1.000000, 0.000000
508.995545, 72.798481, -1.000000, 0.000000
509.049362, 72.751828, -1.000000, 0.000000
509.291428, 72.541987, -1.000000, 0.000000
509.345245, 72.495334, -1.000000, 0.000000
509.399062, 72.448681, -1.000000, 0.000000
509.452879, 72.402029, -1.000000, 0.000000
509.694944, 72.192188, -1.000000, 0.000000
509.748761, 72.145535, -1.000000, 0.000000
509.802578, 72.098883, -1.000000, 0.000000
509.856395, 72.052230, -1.000000, 0.000000
510.098461, 71.842389, -1.000000, 0.000000
510.152278, 71.795736, -1.000000, 0.000000
510.206095, 71.749084, -1.000000, 0.000000
510.448161, 71.539242, -1.000000, 0.000000
510.501978, 71.492590, -1.000000, 0.000000
510.555794, 71.445937, -1.000000, 0.000000
510.609611, 71.399285, -1.000000, 0.000000
510.851677, 71.189444, -1.000000, 0.000000
510.905494, 71.142791, -1.000000, 0.000000
510.959311, 71.096139, -1.000000, 0.000000
511.013128, 71.049486, -1.000000, 0.000000
511.255874, 70.840460, -1.000000, 0.000000
511.309851, 70.793992, -1.000000, 0.000000
511.363828, 70.747525, -1.000000, 0.000000
511.610701, 70.543418, -1.000000, 0.000000
511.665798, 70.498285, -1.000000, 0.000000
511.720895, 70.453151, -1.000000, 0.000000
511.775992, 70.408017, -1.000000, 0.000000
512.028161, 70.210487, -1.000000, 0.000000
512.084350, 70.166721, -1.000000, 0.000000
512.140538, 70.122954, -1.000000, 0.000000
512.196727, 70.079187, -1.000000, 0.000000
512.453927, 69.888246, -1.000000, 0.000000
512.511152, 69.845842, -1.000000, 0.000000
512.568376, 69.803439, -1.000000, 0.000000
512.829340, 69.617693, -1.000000, 0.000000
512.887545, 69.576645, -1.000000, 0.000000
512.945750, 69.535597, -1.000000, 0.000000
513.003955, 69.494550, -1.000000, 0.000000
513.269435, 69.315310, -1.000000, 0.000000
513.328566, 69.275607, -1.000000, 0.000000
513.387696, 69.235904, -1.000000, 0.000000
513.446826, 69.196201, -1.000000, 0.000000
513.716547, 69.023395, -1.000000, 0.000000
513.776549, 68.985023, -1.000000, 0.000000
513.836551, 68.946651, -1.000000, 0.000000
514.108529, 68.777373, -1.000000, 0.000000
514.169101, 68.739907, -1.000000, 0.000000
514.229673, 68.702441, -1.000000, 0.000000
514.290245, 68.664974, -1.000000, 0.000000
514.562763, 68.496559, -1.000000, 0.000000
514.623352, 68.459119, -1.000000, 0.000000
514.683941, 68.421680, -1.000000, 0.000000
514.744529, 68.384240, -1.000000, 0.000000
515.017055, 68.215838, -1.000000, 0.000000
515.077644, 68.178398, -1.000000, 0.000000
515.138233, 68.140959, -1.000000, 0.000000
515.410759, 67.972556, -1.000000, 0.000000
515.471348, 67.935117, -1.000000, 0.000000
515.531937, 67.897677, -1.000000, 0.000000
515.592525, 67.860238, -1.000000, 0.000000
515.865051, 67.691836, -1.000000, 0.000000
515.925640, 67.654396, -1.000000, 0.000000
515.986229, 67.616956, -1.000000, 0.000000
516.046818, 67.579517, -1.000000, 0.000000
516.319344, 67.411115, -1.000000, 0.000000
516.379932, 67.373675, -1.000000, 0.000000
516.440521, 67.336235, -1.000000, 0.000000
516.713048, 67.167833, -1.000000, 0.000000
516.773636, 67.130394, -1.000000, 0.000000
516.834225, 67.092954, -1.000000, 0.000000
516.894814, 67.055514, -1.000000, 0.000000
517.167282, 66.887148, -1.000000, 0.000000
517.227871, 66.849708, -1.000000, 0.000000
517.288460, 66.812269, -1.000000, 0.000000
517.349048, 66.774829, -1.000000, 0.000000
517.620962, 66.606806, -1.000000, 0.000000
517.681550, 66.569366, -1.000000, 0.000000
517.742139, 66.531926, -1.000000, 0.000000
518.013658, 66.364146, -1.000000, 0.000000
518.074247, 66.326707, -1.000000, 0.000000
518.134836, 66.289267, -1.000000, 0.000000
518.195425, 66.251828, -1.000000, 0.000000
518.466709, 66.084193, -1.000000, 0.000000
518.527298, 66.046753, -1.000000, 0.000000
518.587887, 66.009313, -1.000000, 0.000000
518.648476, 65.971874, -1.000000, 0.000000
518.919687, 65.804284, -1.000000, 0.000000
518.980276, 65.766844, -1.000000, 0.000000
519.040865, 65.729405, -1.000000, 0.000000
519.312165, 65.561760, -1.000000, 0.000000
519.372754, 65.524320, -1.000000, 0.000000
519.433342, 65.486881, -1.000000, 0.000000
519.493931, 65.449441, -1.000000, 0.000000
519.765480, 65.281643, -1.000000, 0.000000
519.826068, 65.244204, -1.000000, 0.000000
519.886657, 65.206764, -1.000000, 0.000000
519.947246, 65.169324, -1.000000, 0.000000
520.219161, 65.001300, -1.000000, 0.000000
520.279749, 64.963861, -1.000000, 0.000000
520.340338, 64.926421, -1.000000, 0.000000
520.612253, 64.758396, -1.000000, 0.000000
520.672842, 64.720957, -1.000000, 0.000000
520.733431, 64.683517, -1.000000, 0.000000
520.794019, 64.646078, -1.000000, 0.000000
521.065934, 64.478053, -1.000000, 0.000000
521.126523, 64.440614, -1.000000, 0.000000
521.187111, 64.403174, -1.000000, 0.000000
521.247700, 64.365734, -1.000000, 0.000000
521.519615, 64.197710, -1.000000, 0.000000
521.580204, 64.160271, -1.000000, 0.000000
521.640792, 64.122831, -1.000000, 0.000000
521.912707, 63.954806, -1.000000, 0.000000
521.973296, 63.917367, -1.000000, 0.000000
522.033885, 63.879927, -1.000000, 0.000000
522.094474, 63.842488, -1.000000, 0.000000
522.366388, 63.674463, -1.000000, 0.000000
522.426977, 63.637024, -1.000000, 0.000000
522.487566, 63.599584, -1.000000, 0.000000
522.548154, 63.562145, -1.000000, 0.000000
522.820069, 63.394120, -1.000000, 0.000000
522.880658, 63.356681, -1.000000, 0.000000
522.941247, 63.319241, -1.000000, 0.000000
523.213162, 63.151217, -1.000000, 0.000000
523.273750, 63.113777, -1.000000, 0.000000
523.334339, 63.076337, -1.000000, 0.000000
523.394928, 63.038898, -1.000000, 0.000000
523.666918, 62.870997, -1.000000, 0.000000
523.727526, 62.833588, -1.000000, 0.000000
523.788134, 62.796179, -1.000000, 0.000000
523.848742, 62.758771, -1.000000, 0.000000
524.121829, 62.592696, -1.000000, 0.000000
524.182692, 62.555704, -1.000000, 0.000000
524.243555, 62.518712, -1.000000, 0.000000
524.519241, 62.357005, -1.000000, 0.000000
524.580803, 62.321190, -1.000000, 0.000000
524.642366, 62.285374, -1.000000, 0.000000
524.703929, 62.249558, -1.000000, 0.000000
524.982904, 62.093589, -1.000000, 0.000000
525.045145, 62.058966, -1.000000, 0.000000
525.107386, 62.024344, -1.000000, 0.000000
525.169628, 61.989721, -1.000000, 0.000000
525.451780, 61.839567, -1.000000, 0.000000
525.514678, 61.806153, -1.000000, 0.000000
525.577576, 61.772738, -1.000000, 0.000000
525.862154, 61.627248, -1.000000, 0.000000
525.925686, 61.595054, -1.000000, 0.000000
525.989218, 61.562861, -1.000000, 0.000000
526.052750, 61.530667, -1.000000, 0.000000
526.340287, 61.391111, -1.000000, 0.000000
526.404428, 61.360150, -1.000000, 0.000000
526.468570, 61.329189, -1.000000, 0.000000
526.532711, 61.298228, -1.000000, 0.000000
526.823017, 61.164509, -1.000000, 0.000000
526.887728, 61.134756, -1.000000, 0.000000
526.952439, 61.105004, -1.000000, 0.000000
527.244170, 60.974385, -1.000000, 0.000000
527.309240, 60.945427, -1.000000, 0.000000
527.374311, 60.916470, -1.000000, 0.000000
527.439382, 60.887513, -1.000000, 0.000000
527.731411, 60.757556, -1.000000, 0.000000
527.796482, 60.728599, -1.000000, 0.000000
527.861553, 60.699642, -1.000000, 0.000000
527.926624, 60.670685, -1.000000, 0.000000
528.218653, 60.540728, -1.000000, 0.000000
528.283724, 60.511771, -1.000000, 0.000000
528.348795, 60.482814, -1.000000, 0.000000
528.640825, 60.352857, -1.000000, 0.000000
528.705896, 60.323900, -1.000000, 0.000000
528.770967, 60.294942, -1.000000, 0.000000
528.836037, 60.265985, -1.000000, 0.000000
529.128067, 60.136029, -1.000000, 0.000000
529.193138, 60.107071, -1.000000, 0.000000
529.258208, 60.078114, -1.000000, 0.000000
529.323279, 60.049157, -1.000000, 0.000000
529.615309, 59.919200, -1.000000, 0.000000
529.680380, 59.890243, -1.000000, 0.000000
529.745450, 59.861286, -1.000000, 0.000000
530.037481, 59.731329, -1.000000, 0.000000
530.102551, 59.702372, -1.000000, 0.000000
530.167622, 59.673415, -1.000000, 0.000000
530.232693, 59.644457, -1.000000, 0.000000
530.524723, 59.514501, -1.000000, 0.000000
530.589793, 59.485544, -1.000000, 0.000000
530.654864, 59.456586, -1.000000, 0.000000
530.719935, 59.427629, -1.000000, 0.000000
531.013447, 59.297013, -1.000000, 0.000000
531.078518, 59.268056, -1.000000, 0.000000
531.143589, 59.239098, -1.000000, 0.000000
531.438922, 59.107672, -1.000000, 0.000000
531.503992, 59.078715, -1.000000, 0.000000
531.569063, 59.049757, -1.000000, 0.000000
531.634134, 59.020800, -1.000000, 0.000000
531.931621, 58.888415, -1.000000, 0.000000
531.996691, 58.859458, -1.000000, 0.000000
532.061762, 58.830501, -1.000000, 0.000000
532.126833, 58.801543, -1.000000, 0.000000
532.426803, 58.668053, -1.000000, 0.000000
532.491874, 58.639096, -1.000000, 0.000000
532.556944, 58.610139, -1.000000, 0.000000
532.859722, 58.475399, -1.000000, 0.000000
532.924793, 58.446442, -1.000000, 0.000000
532.989864, 58.417485, -1.000000, 0.000000
533.054935, 58.388528, -1.000000, 0.000000
533.360838, 58.252397, -1.000000, 0.000000
533.425909, 58.223440, -1.000000, 0.000000
533.490979, 58.194483, -1.000000, 0.000000
533.556050, 58.165525, -1.000000, 0.000000
533.854546, 58.032691, -1.000000, 0.000000
533.919617, 58.003734, -1.000000, 0.000000
533.984688, 57.974777, -1.000000, 0.000000
534.049758, 57.945820, -1.000000, 0.000000
534.348255, 57.812985, -1.000000, 0.000000
534.413326, 57.784028, -1.000000, 0.000000
534.478397, 57.755071, -1.000000, 0.000000
534.776893, 57.622236, -1.000000, 0.000000
534.841964, 57.593279, -1.000000, 0.000000
534.907034, 57.564322, -1.000000, 0.000000
534.972105, 57.535365, -1.000000, 0.000000
535.270601, 57.402531, -1.000000, 0.000000
535.335672, 57.373573, -1.000000, 0.000000
535.400743, 57.344616, -1.000000, 0.000000
535.465813, 57.315659, -1.000000, 0.000000
535.764310, 57.182824, -1.000000, 0.000000
535.829381, 57.153867, -1.000000, 0.000000
535.894452, 57.124910, -1.000000, 0.000000
535.959522, 57.095953, -1.000000, 0.000000
536.258018, 56.963119, -1.000000, 0.000000
536.323089, 56.934161, -1.000000, 0.000000
536.388160, 56.905204, -1.000000, 0.000000
536.453231, 56.876247, -1.000000, 0.000000
536.751727, 56.743413, -1.000000, 0.000000
536.816798, 56.714455, -1.000000, 0.000000
536.881868, 56.685498, -1.000000, 0.000000
536.946939, 56.656541, -1.000000, 0.000000
537.245436, 56.523707, -1.000000, 0.000000
537.310506, 56.494749, -1.000000, 0.000000
537.375577, 56.465792, -1.000000, 0.000000
537.674073, 56.332958, -1.000000, 0.000000
537.739144, 56.304001, -1.000000, 0.000000
537.804215, 56.275044, -1.000000, 0.000000
537.869285, 56.246086, -1.000000, 0.000000
538.169954, 56.118360, -1.000000, 0.000000
538.235587, 56.090702, -1.000000, 0.000000
538.301220, 56.063044, -1.000000, 0.000000
538.366854, 56.035385, -1.000000, 0.000000
538.670931, 55.916001, -1.000000, 0.000000
538.737306, 55.890173, -1.000000, 0.000000
538.803680, 55.864344, -1.000000, 0.000000
538.870055, 55.838516, -1.000000, 0.000000
539.177408, 55.727818, -1.000000, 0.000000
539.244466, 55.703817, -1.000000, 0.000000
539.311523, 55.679816, -1.000000, 0.000000
539.378580, 55.655814, -1.000000, 0.000000
539.688920, 55.553766, -1.000000, 0.000000
539.756601, 55.531584, -1.000000, 0.000000
539.824282, 55.509402, -1.000000, 0.000000
539.891962, 55.487220, -1.000000, 0.000000
540.205003, 55.393757, -1.000000, 0.000000
540.273250, 55.373381, -1.000000, 0.000000
540.341496, 55.353005, -1.000000, 0.000000
540.656447, 55.266250, -1.000000, 0.000000
540.725201, 55.247662, -1.000000, 0.000000
540.793956, 55.229073, -1.000000, 0.000000
540.862710, 55.210484, -1.000000, 0.000000
541.179861, 55.132134, -1.000000, 0.000000
541.249068, 55.115310, -1.000000, 0.000000
541.318276, 55.098485, -1.000000, 0.000000
541.387483, 55.081660, -1.000000, 0.000000
541.705193, 55.005463, -1.000000, 0.000000
541.774458, 54.988878, -1.000000, 0.000000
541.843723, 54.972293, -1.000000, 0.000000
541.912988, 54.955709, -1.000000, 0.000000
542.230726, 54.879631, -1.000000, 0.000000
542.299991, 54.863047, -1.000000, 0.000000
542.369257, 54.846462, -1.000000, 0.000000
542.438522, 54.829877, -1.000000, 0.000000
542.756260, 54.753800, -1.000000, 0.000000
542.825525, 54.737215, -1.000000, 0.000000
542.894790, 54.720631, -1.000000, 0.000000
542.964056, 54.704046, -1.000000, 0.000000
543.281794, 54.627968, -1.000000, 0.000000
543.351059, 54.611384, -1.000000, 0.000000
543.420325, 54.594799, -1.000000, 0.000000
543.738063, 54.518721, -1.000000, 0.000000
543.807328, 54.502137, -1.000000, 0.000000
543.876593, 54.485552, -1.000000, 0.000000
543.945858, 54.468968, -1.000000, 0.000000
544.263596, 54.392890, -1.000000, 0.000000
544.332862, 54.376305, -1.000000, 0.000000
544.402127, 54.359721, -1.000000, 0.000000
544.471392, 54.343136, -1.000000, 0.000000
544.789130, 54.267058, -1.000000, 0.000000
544.858396, 54.250474, -1.000000, 0.000000
544.927661, 54.233889, -1.000000, 0.000000
544.996926, 54.217305, -1.000000, 0.000000
545.315697, 54.140980, -1.000000, 0.000000
545.384962, 54.124395, -1.000000, 0.000000
545.454227, 54.107810, -1.000000, 0.000000
545.523493, 54.091226, -1.000000, 0.000000
545.849157, 54.013250, -1.000000, 0.000000
545.918422, 53.996666, -1.000000, 0.000000
545.987688, 53.980081, -1.000000, 0.000000
546.056953, 53.963497, -1.000000, 0.000000
546.389525, 53.883867, -1.000000, 0.000000
546.458791, 53.867282, -1.000000, 0.000000
546.528056, 53.850698, -1.000000, 0.000000
546.867548, 53.769411, -1.000000, 0.000000
546.936813, 53.752827, -1.000000, 0.000000
547.006078, 53.736242, -1.000000, 0.000000
547.075343, 53.719658, -1.000000, 0.000000
547.410224, 53.639475, -1.000000, 0.000000
547.479489, 53.622891, -1.000000, 0.000000
547.548754, 53.606306, -1.000000, 0.000000
547.618020, 53.589722, -1.000000, 0.000000
547.959845, 53.507877, -1.000000, 0.000000
548.029111, 53.491292, -1.000000, 0.000000
548.098376, 53.474707, -1.000000, 0.000000
548.167641, 53.458123, -1.000000, 0.000000
548.516423, 53.374612, -1.000000, 0.000000
548.585688, 53.358028, -1.000000, 0.000000
548.654953, 53.341443, -1.000000, 0.000000
548.724218, 53.324859, -1.000000, 0.000000
549.067377, 53.242694, -1.000000, 0.000000
549.136643, 53.226110, -1.000000, 0.000000
549.205908, 53.209525, -1.000000, 0.000000
549.275173, 53.192940, -1.000000, 0.000000
549.618333, 53.110776, -1.000000, 0.000000
549.687598, 53.094191, -1.000000, 0.000000
549.756863, 53.077607, -1.000000, 0.000000
549.826128, 53.061022, -1.000000, 0.000000
549.895394, 53.044438, -1.000000, 0.000000
550.238553, 52.962273, -1.000000, 0.000000
550.307818, 52.945689, -1.000000, 0.000000
550.377083, 52.929104, -1.000000, 0.000000
550.446348, 52.912519, -1.000000, 0.000000
550.789507, 52.830355, -1.000000, 0.000000
550.858773, 52.813770, -1.000000, 0.000000
550.928038, 52.797186, -1.000000, 0.000000
550.997303, 52.780601, -1.000000, 0.000000
551.340463, 52.698437, -1.000000, 0.000000
551.409728, 52.681852, -1.000000, 0.000000
551.478993, 52.665268, -1.000000, 0.000000
551.548258, 52.648683, -1.000000, 0.000000
551.891417, 52.566519, -1.000000, 0.000000
551.960683, 52.549934, -1.000000, 0.000000
552.029948, 52.533350, -1.000000, 0.000000
552.099213, 52.516765, -1.000000, 0.000000
552.442372, 52.434601, -1.000000, 0.000000
552.511637, 52.418016, -1.000000, 0.000000
552.580903, 52.401431, -1.000000, 0.000000
552.650168, 52.384847, -1.000000, 0.000000
