495.783754, 88.088463, 1.000000, -1.#QNAN0
495.835750, 88.039789, 1.000000, -1.#QNAN0
495.887745, 87.991114, 1.000000, -1.#QNAN0
496.115440, 87.761704, 1.000000, -1.#QNAN0
496.167436, 87.713029, 1.000000, -1.#QNAN0
496.219431, 87.664355, 1.000000, -1.#QNAN0
496.453300, 87.445425, 1.000000, -1.#QNAN0
496.505296, 87.396750, 1.000000, -1.#QNAN0
496.557291, 87.348076, 1.000000, -1.#QNAN0
496.609287, 87.299402, 1.000000, -1.#QNAN0
496.841228, 87.082276, 1.000000, -1.#QNAN0
496.893223, 87.033602, 1.000000, -1.#QNAN0
496.937106, 86.976262, 1.000000, -1.#QNAN0
497.167129, 86.760932, 1.000000, -1.#QNAN0
497.219125, 86.712258, 1.000000, -1.#QNAN0
497.263008, 86.654917, 1.000000, -1.#QNAN0
497.315003, 86.606243, 1.000000, -1.#QNAN0
497.543119, 86.392698, 1.000000, -1.#QNAN0
497.595115, 86.344024, 1.000000, -1.#QNAN0
497.647110, 86.295350, 1.000000, -1.#QNAN0
497.873330, 86.083580, 1.000000, -1.#QNAN0
497.917213, 86.026240, 1.000000, -1.#QNAN0
497.969209, 85.977565, 1.000000, -1.#QNAN0
498.021204, 85.928891, 1.000000, -1.#QNAN0
498.237427, 85.710220, 1.000000, -1.#QNAN0
498.289422, 85.661546, 1.000000, -1.#QNAN0
498.341418, 85.612872, 1.000000, -1.#QNAN0
498.564271, 85.404254, 1.000000, -1.#QNAN0
498.616266, 85.355579, 1.000000, -1.#QNAN0
498.660149, 85.298239, 1.000000, -1.#QNAN0
498.712145, 85.249565, 1.000000, -1.#QNAN0
498.934998, 85.040946, 1.000000, -1.#QNAN0
498.986994, 84.992272, 1.000000, -1.#QNAN0
499.030877, 84.934932, 1.000000, -1.#QNAN0
499.253730, 84.726314, 1.000000, -1.#QNAN0
499.305725, 84.677640, 1.000000, -1.#QNAN0
499.357721, 84.628965, 1.000000, -1.#QNAN0
499.409716, 84.580291, 1.000000, -1.#QNAN0
499.632569, 84.371673, 1.000000, -1.#QNAN0
499.676452, 84.314333, 1.000000, -1.#QNAN0
499.728448, 84.265659, 1.000000, -1.#QNAN0
499.951301, 84.057040, 1.000000, -1.#QNAN0
499.995185, 83.999700, 1.000000, -1.#QNAN0
500.047180, 83.951026, 1.000000, -1.#QNAN0
500.099176, 83.902351, 1.000000, -1.#QNAN0
500.322029, 83.693733, 1.000000, -1.#QNAN0
500.374024, 83.645059, 1.000000, -1.#QNAN0
500.417907, 83.587719, 1.000000, -1.#QNAN0
500.640760, 83.379101, 1.000000, -1.#QNAN0
500.692756, 83.330426, 1.000000, -1.#QNAN0
500.744751, 83.281752, 1.000000, -1.#QNAN0
500.788634, 83.224412, 1.000000, -1.#QNAN0
501.011488, 83.015794, 1.000000, -1.#QNAN0
501.063483, 82.967119, 1.000000, -1.#QNAN0
501.115479, 82.918445, 1.000000, -1.#QNAN0
501.338332, 82.709827, 1.000000, -1.#QNAN0
501.390327, 82.661153, 1.000000, -1.#QNAN0
501.442323, 82.612478, 1.000000, -1.#QNAN0
501.494318, 82.563804, 1.000000, -1.#QNAN0
501.716160, 82.356384, 1.000000, -1.#QNAN0
501.768187, 82.307744, 1.000000, -1.#QNAN0
501.812108, 82.250432, 1.000000, -1.#QNAN0
502.029782, 82.048049, 1.000000, -1.#QNAN0
502.081974, 81.999585, 1.000000, -1.#QNAN0
502.134166, 81.951121, 1.000000, -1.#QNAN0
502.186357, 81.902657, 1.000000, -1.#QNAN0
502.402034, 81.704325, 1.000000, -1.#QNAN0
502.454475, 81.656131, 1.000000, -1.#QNAN0
502.506916, 81.607937, 1.000000, -1.#QNAN0
502.723358, 81.410733, 1.000000, -1.#QNAN0
502.776051, 81.362815, 1.000000, -1.#QNAN0
502.820758, 81.306115, 1.000000, -1.#QNAN0
502.873451, 81.258196, 1.000000, -1.#QNAN0
503.090964, 81.062377, 1.000000, -1.#QNAN0
503.143912, 81.014740, 1.000000, -1.#QNAN0
503.196860, 80.967104, 1.000000, -1.#QNAN0
503.407257, 80.763588, 1.000000, -1.#QNAN0
503.460462, 80.716239, 1.000000, -1.#QNAN0
503.513667, 80.668889, 1.000000, -1.#QNAN0
503.558981, 80.612673, 1.000000, -1.#QNAN0
503.778408, 80.419421, 1.000000, -1.#QNAN0
503.831873, 80.372365, 1.000000, -1.#QNAN0
503.885337, 80.325309, 1.000000, -1.#QNAN0
504.106409, 80.132354, 1.000000, -1.#QNAN0
504.152314, 80.076619, 1.000000, -1.#QNAN0
504.206016, 80.029834, 1.000000, -1.#QNAN0
504.259718, 79.983049, 1.000000, -1.#QNAN0
504.486017, 79.786807, 1.000000, -1.#QNAN0
504.539834, 79.740155, 1.000000, -1.#QNAN0
504.593651, 79.693502, 1.000000, -1.#QNAN0
504.816535, 79.484579, 1.000000, -1.#QNAN0
504.870352, 79.437927, 1.000000, -1.#QNAN0
504.916393, 79.382305, 1.000000, -1.#QNAN0
504.970210, 79.335652, 1.000000, -1.#QNAN0
505.200870, 79.135699, 1.000000, -1.#QNAN0
505.254687, 79.089046, 1.000000, -1.#QNAN0
505.308504, 79.042393, 1.000000, -1.#QNAN0
505.539163, 78.842440, 1.000000, -1.#QNAN0
505.592980, 78.795788, 1.000000, -1.#QNAN0
505.646797, 78.749135, 1.000000, -1.#QNAN0
505.700614, 78.702482, 1.000000, -1.#QNAN0
505.931273, 78.502529, 1.000000, -1.#QNAN0
505.977315, 78.446907, 1.000000, -1.#QNAN0
506.031132, 78.400254, 1.000000, -1.#QNAN0
506.261792, 78.200301, 1.000000, -1.#QNAN0
506.315609, 78.153648, 1.000000, -1.#QNAN0
506.369425, 78.106996, 1.000000, -1.#QNAN0
506.423242, 78.060343, 1.000000, -1.#QNAN0
506.653902, 77.860390, 1.000000, -1.#QNAN0
506.707719, 77.813737, 1.000000, -1.#QNAN0
506.761536, 77.767085, 1.000000, -1.#QNAN0
506.994429, 77.565195, 1.000000, -1.#QNAN0
507.048246, 77.518542, 1.000000, -1.#QNAN0
507.102063, 77.471889, 1.000000, -1.#QNAN0
507.155880, 77.425237, 1.000000, -1.#QNAN0
507.391284, 77.221171, 1.000000, -1.#QNAN0
507.445101, 77.174518, 1.000000, -1.#QNAN0
507.498918, 77.127866, 1.000000, -1.#QNAN0
507.737035, 76.921448, 1.000000, -1.#QNAN0
507.790851, 76.874795, 1.000000, -1.#QNAN0
507.844668, 76.828143, 1.000000, -1.#QNAN0
507.898485, 76.781490, 1.000000, -1.#QNAN0
508.139516, 76.572546, 1.000000, -1.#QNAN0
508.201109, 76.534863, 1.000000, -1.#QNAN0
508.254926, 76.488210, 1.000000, -1.#QNAN0
508.499067, 76.276570, 1.000000, -1.#QNAN0
508.552884, 76.229917, 1.000000, -1.#QNAN0
508.606701, 76.183265, 1.000000, -1.#QNAN0
508.660518, 76.136612, 1.000000, -1.#QNAN0
508.898989, 75.929886, 1.000000, -1.#QNAN0
508.960582, 75.892203, 1.000000, -1.#QNAN0
509.014399, 75.845551, 1.000000, -1.#QNAN0
509.068216, 75.798898, 1.000000, -1.#QNAN0
509.310174, 75.589150, 1.000000, -1.#QNAN0
509.363991, 75.542498, 1.000000, -1.#QNAN0
509.417808, 75.495845, 1.000000, -1.#QNAN0
509.659874, 75.286004, 1.000000, -1.#QNAN0
509.713691, 75.239351, 1.000000, -1.#QNAN0
509.759732, 75.183729, 1.000000, -1.#QNAN0
509.813549, 75.137076, 1.000000, -1.#QNAN0
510.055615, 74.927235, 1.000000, -1.#QNAN0
510.109432, 74.880583, 1.000000, -1.#QNAN0
510.163248, 74.833930, 1.000000, -1.#QNAN0
510.217065, 74.787278, 1.000000, -1.#QNAN0
510.451356, 74.568467, 1.000000, -1.#QNAN0
510.505172, 74.521815, 1.000000, -1.#QNAN0
510.558989, 74.475162, 1.000000, -1.#QNAN0
510.801055, 74.265321, 1.000000, -1.#QNAN0
510.854872, 74.218668, 1.000000, -1.#QNAN0
510.900914, 74.163046, 1.000000, -1.#QNAN0
510.954731, 74.116393, 1.000000, -1.#QNAN0
511.196796, 73.906552, 1.000000, -1.#QNAN0
511.250613, 73.859900, 1.000000, -1.#QNAN0
511.304430, 73.813247, 1.000000, -1.#QNAN0
511.358247, 73.766595, 1.000000, -1.#QNAN0
511.600313, 73.556754, 1.000000, -1.#QNAN0
511.654130, 73.510101, 1.000000, -1.#QNAN0
511.707946, 73.463448, 1.000000, -1.#QNAN0
511.950013, 73.253607, 1.000000, -1.#QNAN0
512.003829, 73.206954, 1.000000, -1.#QNAN0
512.049871, 73.151332, 1.000000, -1.#QNAN0
512.103688, 73.104680, 1.000000, -1.#QNAN0
512.345753, 72.894839, 1.000000, -1.#QNAN0
512.399570, 72.848186, 1.000000, -1.#QNAN0
512.453387, 72.801534, 1.000000, -1.#QNAN0
512.507204, 72.754881, 1.000000, -1.#QNAN0
512.744073, 72.550986, 1.000000, -1.#QNAN0
512.798050, 72.504519, 1.000000, -1.#QNAN0
512.844283, 72.449055, 1.000000, -1.#QNAN0
513.049121, 72.280628, 1.000000, -1.#QNAN0
513.104218, 72.235494, 1.000000, -1.#QNAN0
513.159315, 72.190361, 1.000000, -1.#QNAN0
513.214412, 72.145227, 1.000000, -1.#QNAN0
513.423476, 71.982505, 1.000000, -1.#QNAN0
513.479665, 71.938738, 1.000000, -1.#QNAN0
513.535853, 71.894971, 1.000000, -1.#QNAN0
513.592042, 71.851204, 1.000000, -1.#QNAN0
513.806245, 71.693291, 1.000000, -1.#QNAN0
513.863469, 71.650887, 1.000000, -1.#QNAN0
513.920694, 71.608484, 1.000000, -1.#QNAN0
514.145729, 71.463704, 1.000000, -1.#QNAN0
514.203934, 71.422656, 1.000000, -1.#QNAN0
514.262139, 71.381608, 1.000000, -1.#QNAN0
514.320344, 71.340561, 1.000000, -1.#QNAN0
514.536552, 71.181152, 1.000000, -1.#QNAN0
514.595682, 71.141449, 1.000000, -1.#QNAN0
514.654813, 71.101746, 1.000000, -1.#QNAN0
514.713943, 71.062043, 1.000000, -1.#QNAN0
514.941674, 70.917073, 1.000000, -1.#QNAN0
515.001676, 70.878700, 1.000000, -1.#QNAN0
515.061679, 70.840328, 1.000000, -1.#QNAN0
515.311300, 70.699345, 1.000000, -1.#QNAN0
515.371873, 70.661879, 1.000000, -1.#QNAN0
515.432445, 70.624413, 1.000000, -1.#QNAN0
515.493017, 70.586946, 1.000000, -1.#QNAN0
515.764689, 70.419060, 1.000000, -1.#QNAN0
515.825277, 70.381621, 1.000000, -1.#QNAN0
515.879626, 70.334083, 1.000000, -1.#QNAN0
515.940215, 70.296643, 1.000000, -1.#QNAN0
516.212741, 70.128241, 1.000000, -1.#QNAN0
516.273330, 70.090802, 1.000000, -1.#QNAN0
516.333918, 70.053362, 1.000000, -1.#QNAN0
516.606445, 69.884960, 1.000000, -1.#QNAN0
516.673274, 69.857618, 1.000000, -1.#QNAN0
516.727622, 69.810081, 1.000000, -1.#QNAN0
516.788211, 69.772641, 1.000000, -1.#QNAN0
517.060737, 69.604239, 1.000000, -1.#QNAN0
517.121326, 69.566799, 1.000000, -1.#QNAN0
517.181915, 69.529360, 1.000000, -1.#QNAN0
517.242503, 69.491920, 1.000000, -1.#QNAN0
517.515029, 69.323518, 1.000000, -1.#QNAN0
517.575618, 69.286078, 1.000000, -1.#QNAN0
517.636207, 69.248639, 1.000000, -1.#QNAN0
517.908733, 69.080236, 1.000000, -1.#QNAN0
517.969322, 69.042797, 1.000000, -1.#QNAN0
518.029911, 69.005357, 1.000000, -1.#QNAN0
518.090500, 68.967918, 1.000000, -1.#QNAN0
518.362968, 68.799551, 1.000000, -1.#QNAN0
518.417317, 68.752014, 1.000000, -1.#QNAN0
518.477905, 68.714574, 1.000000, -1.#QNAN0
518.538494, 68.677134, 1.000000, -1.#QNAN0
518.816647, 68.519209, 1.000000, -1.#QNAN0
518.877236, 68.481769, 1.000000, -1.#QNAN0
518.937825, 68.444330, 1.000000, -1.#QNAN0
519.215584, 68.286648, 1.000000, -1.#QNAN0
519.276173, 68.249208, 1.000000, -1.#QNAN0
519.336762, 68.211769, 1.000000, -1.#QNAN0
519.397350, 68.174329, 1.000000, -1.#QNAN0
519.668635, 68.006694, 1.000000, -1.#QNAN0
519.729224, 67.969254, 1.000000, -1.#QNAN0
519.789812, 67.931815, 1.000000, -1.#QNAN0
519.850401, 67.894375, 1.000000, -1.#QNAN0
520.121613, 67.726785, 1.000000, -1.#QNAN0
520.182202, 67.689346, 1.000000, -1.#QNAN0
520.236551, 67.641808, 1.000000, -1.#QNAN0
520.507851, 67.474163, 1.000000, -1.#QNAN0
520.568439, 67.436724, 1.000000, -1.#QNAN0
520.629028, 67.399284, 1.000000, -1.#QNAN0
520.689617, 67.361845, 1.000000, -1.#QNAN0
520.961165, 67.194047, 1.000000, -1.#QNAN0
521.021754, 67.156607, 1.000000, -1.#QNAN0
521.082343, 67.119167, 1.000000, -1.#QNAN0
521.142932, 67.081728, 1.000000, -1.#QNAN0
521.421086, 66.923802, 1.000000, -1.#QNAN0
521.481675, 66.886362, 1.000000, -1.#QNAN0
521.536024, 66.838824, 1.000000, -1.#QNAN0
521.807939, 66.670800, 1.000000, -1.#QNAN0
521.868528, 66.633360, 1.000000, -1.#QNAN0
521.929116, 66.595920, 1.000000, -1.#QNAN0
521.989705, 66.558481, 1.000000, -1.#QNAN0
522.261620, 66.390457, 1.000000, -1.#QNAN0
522.322208, 66.353017, 1.000000, -1.#QNAN0
522.382797, 66.315577, 1.000000, -1.#QNAN0
522.443386, 66.278138, 1.000000, -1.#QNAN0
522.715301, 66.110113, 1.000000, -1.#QNAN0
522.775889, 66.072674, 1.000000, -1.#QNAN0
522.836478, 66.035234, 1.000000, -1.#QNAN0
523.108393, 65.867210, 1.000000, -1.#QNAN0
523.168982, 65.829770, 1.000000, -1.#QNAN0
523.223331, 65.782232, 1.000000, -1.#QNAN0
523.283919, 65.744793, 1.000000, -1.#QNAN0
523.555834, 65.576769, 1.000000, -1.#QNAN0
523.616423, 65.539329, 1.000000, -1.#QNAN0
523.677011, 65.501889, 1.000000, -1.#QNAN0
523.737600, 65.464450, 1.000000, -1.#QNAN0
524.009515, 65.296425, 1.000000, -1.#QNAN0
524.070104, 65.258986, 1.000000, -1.#QNAN0
524.130692, 65.221546, 1.000000, -1.#QNAN0
524.396367, 65.043424, 1.000000, -1.#QNAN0
524.456956, 65.005984, 1.000000, -1.#QNAN0
524.517545, 64.968544, 1.000000, -1.#QNAN0
524.578134, 64.931105, 1.000000, -1.#QNAN0
524.849160, 64.763807, 1.000000, -1.#QNAN0
524.909767, 64.726398, 1.000000, -1.#QNAN0
524.964140, 64.678888, 1.000000, -1.#QNAN0
525.030983, 64.651580, 1.000000, -1.#QNAN0
525.291053, 64.493575, 1.000000, -1.#QNAN0
525.351916, 64.456583, 1.000000, -1.#QNAN0
525.412779, 64.419591, 1.000000, -1.#QNAN0
525.651725, 64.279999, 1.000000, -1.#QNAN0
525.713288, 64.244183, 1.000000, -1.#QNAN0
525.768881, 64.198107, 1.000000, -1.#QNAN0
525.830444, 64.162291, 1.000000, -1.#QNAN0
526.072352, 64.027674, 1.000000, -1.#QNAN0
526.134593, 63.993051, 1.000000, -1.#QNAN0
526.196835, 63.958429, 1.000000, -1.#QNAN0
526.253306, 63.913432, 1.000000, -1.#QNAN0
526.498121, 63.783840, 1.000000, -1.#QNAN0
526.561019, 63.750425, 1.000000, -1.#QNAN0
526.623917, 63.717010, 1.000000, -1.#QNAN0
526.865378, 63.580780, 1.000000, -1.#QNAN0
526.928909, 63.548587, 1.000000, -1.#QNAN0
526.992441, 63.516393, 1.000000, -1.#QNAN0
527.055973, 63.484200, 1.000000, -1.#QNAN0
527.305605, 63.363649, 1.000000, -1.#QNAN0
527.364586, 63.321998, 1.000000, -1.#QNAN0
527.428728, 63.291037, 1.000000, -1.#QNAN0
527.487709, 63.249386, 1.000000, -1.#QNAN0
527.741248, 63.133237, 1.000000, -1.#QNAN0
527.805959, 63.103484, 1.000000, -1.#QNAN0
527.865711, 63.062947, 1.000000, -1.#QNAN0
528.133384, 62.943370, 1.000000, -1.#QNAN0
528.198454, 62.914413, 1.000000, -1.#QNAN0
528.258699, 62.874611, 1.000000, -1.#QNAN0
528.323769, 62.845653, 1.000000, -1.#QNAN0
528.610973, 62.704852, 1.000000, -1.#QNAN0
528.676044, 62.675894, 1.000000, -1.#QNAN0
528.736288, 62.636092, 1.000000, -1.#QNAN0
528.801359, 62.607135, 1.000000, -1.#QNAN0
529.088563, 62.466333, 1.000000, -1.#QNAN0
529.153633, 62.437376, 1.000000, -1.#QNAN0
529.213878, 62.397574, 1.000000, -1.#QNAN0
529.505908, 62.267617, 1.000000, -1.#QNAN0
529.566153, 62.227815, 1.000000, -1.#QNAN0
529.631223, 62.198857, 1.000000, -1.#QNAN0
529.696294, 62.169900, 1.000000, -1.#QNAN0
529.983498, 62.029098, 1.000000, -1.#QNAN0
530.048568, 62.000141, 1.000000, -1.#QNAN0
530.108813, 61.960339, 1.000000, -1.#QNAN0
530.173884, 61.931382, 1.000000, -1.#QNAN0
530.465913, 61.801425, 1.000000, -1.#QNAN0
530.530984, 61.772468, 1.000000, -1.#QNAN0
530.591229, 61.732665, 1.000000, -1.#QNAN0
530.883259, 61.602709, 1.000000, -1.#QNAN0
530.948330, 61.573751, 1.000000, -1.#QNAN0
531.008574, 61.533949, 1.000000, -1.#QNAN0
531.073645, 61.504992, 1.000000, -1.#QNAN0
531.365675, 61.375035, 1.000000, -1.#QNAN0
531.430745, 61.346078, 1.000000, -1.#QNAN0
531.490990, 61.306276, 1.000000, -1.#QNAN0
531.556061, 61.277318, 1.000000, -1.#QNAN0
531.849573, 61.146702, 1.000000, -1.#QNAN0
531.909817, 61.106900, 1.000000, -1.#QNAN0
531.970062, 61.067097, 1.000000, -1.#QNAN0
532.265395, 60.935671, 1.000000, -1.#QNAN0
532.325640, 60.895869, 1.000000, -1.#QNAN0
532.390710, 60.866911, 1.000000, -1.#QNAN0
532.455781, 60.837954, 1.000000, -1.#QNAN0
532.753268, 60.705569, 1.000000, -1.#QNAN0
532.813512, 60.665767, 1.000000, -1.#QNAN0
532.878583, 60.636809, 1.000000, -1.#QNAN0
532.943654, 60.607852, 1.000000, -1.#QNAN0
533.243624, 60.474362, 1.000000, -1.#QNAN0
533.303868, 60.434560, 1.000000, -1.#QNAN0
533.368939, 60.405603, 1.000000, -1.#QNAN0
533.666891, 60.260018, 1.000000, -1.#QNAN0
533.731962, 60.231061, 1.000000, -1.#QNAN0
533.797032, 60.202103, 1.000000, -1.#QNAN0
533.862103, 60.173146, 1.000000, -1.#QNAN0
534.168006, 60.037016, 1.000000, -1.#QNAN0
534.228251, 59.997213, 1.000000, -1.#QNAN0
534.293322, 59.968256, 1.000000, -1.#QNAN0
534.358392, 59.939299, 1.000000, -1.#QNAN0
534.656889, 59.806465, 1.000000, -1.#QNAN0
534.717133, 59.766662, 1.000000, -1.#QNAN0
534.782204, 59.737705, 1.000000, -1.#QNAN0
535.080701, 59.604871, 1.000000, -1.#QNAN0
535.145771, 59.575913, 1.000000, -1.#QNAN0
535.206016, 59.536111, 1.000000, -1.#QNAN0
535.271087, 59.507154, 1.000000, -1.#QNAN0
535.569583, 59.374320, 1.000000, -1.#QNAN0
535.634654, 59.345362, 1.000000, -1.#QNAN0
535.699724, 59.316405, 1.000000, -1.#QNAN0
535.764795, 59.287448, 1.000000, -1.#QNAN0
536.063291, 59.154614, 1.000000, -1.#QNAN0
536.128362, 59.125657, 1.000000, -1.#QNAN0
536.188606, 59.085854, 1.000000, -1.#QNAN0
536.253677, 59.056897, 1.000000, -1.#QNAN0
536.552174, 58.924063, 1.000000, -1.#QNAN0
536.617245, 58.895105, 1.000000, -1.#QNAN0
536.682315, 58.866148, 1.000000, -1.#QNAN0
536.747386, 58.837191, 1.000000, -1.#QNAN0
537.045882, 58.704357, 1.000000, -1.#QNAN0
537.110953, 58.675399, 1.000000, -1.#QNAN0
537.176024, 58.646442, 1.000000, -1.#QNAN0
537.241094, 58.617485, 1.000000, -1.#QNAN0
537.539591, 58.484651, 1.000000, -1.#QNAN0
537.599835, 58.444848, 1.000000, -1.#QNAN0
537.664906, 58.415891, 1.000000, -1.#QNAN0
537.963403, 58.283057, 1.000000, -1.#QNAN0
538.028473, 58.254100, 1.000000, -1.#QNAN0
538.093544, 58.225142, 1.000000, -1.#QNAN0
538.158615, 58.196185, 1.000000, -1.#QNAN0
538.457111, 58.063351, 1.000000, -1.#QNAN0
538.522182, 58.034394, 1.000000, -1.#QNAN0
538.587252, 58.005437, 1.000000, -1.#QNAN0
538.652323, 57.976479, 1.000000, -1.#QNAN0
538.918442, 57.863975, 1.000000, -1.#QNAN0
538.984076, 57.836317, 1.000000, -1.#QNAN0
539.049709, 57.808659, 1.000000, -1.#QNAN0
539.115342, 57.781001, 1.000000, -1.#QNAN0
539.375055, 57.692753, 1.000000, -1.#QNAN0
539.441430, 57.666925, 1.000000, -1.#QNAN0
539.507805, 57.641096, 1.000000, -1.#QNAN0
539.574179, 57.615268, 1.000000, -1.#QNAN0
539.836613, 57.534362, 1.000000, -1.#QNAN0
539.903671, 57.510361, 1.000000, -1.#QNAN0
539.970728, 57.486360, 1.000000, -1.#QNAN0
540.037785, 57.462359, 1.000000, -1.#QNAN0
540.299109, 57.377450, 1.000000, -1.#QNAN0
540.366790, 57.355268, 1.000000, -1.#QNAN0
540.434470, 57.333086, 1.000000, -1.#QNAN0
540.701679, 57.264758, 1.000000, -1.#QNAN0
540.769925, 57.244382, 1.000000, -1.#QNAN0
540.838171, 57.224006, 1.000000, -1.#QNAN0
540.909813, 57.215004, 1.000000, -1.#QNAN0
541.175995, 57.142442, 1.000000, -1.#QNAN0
541.244750, 57.123853, 1.000000, -1.#QNAN0
541.313504, 57.105264, 1.000000, -1.#QNAN0
541.385357, 57.098135, 1.000000, -1.#QNAN0
541.654072, 57.032531, 1.000000, -1.#QNAN0
541.723279, 57.015707, 1.000000, -1.#QNAN0
541.792486, 56.998882, 1.000000, -1.#QNAN0
541.861694, 56.982057, 1.000000, -1.#QNAN0
542.175576, 56.919036, 1.000000, -1.#QNAN0
542.244841, 56.902452, 1.000000, -1.#QNAN0
542.314107, 56.885867, 1.000000, -1.#QNAN0
542.383372, 56.869283, 1.000000, -1.#QNAN0
542.701110, 56.793205, 1.000000, -1.#QNAN0
542.770375, 56.776620, 1.000000, -1.#QNAN0
542.839640, 56.760036, 1.000000, -1.#QNAN0
542.911670, 56.754995, 1.000000, -1.#QNAN0
543.229408, 56.678918, 1.000000, -1.#QNAN0
543.298673, 56.662333, 1.000000, -1.#QNAN0
543.367938, 56.645749, 1.000000, -1.#QNAN0
543.685677, 56.569671, 1.000000, -1.#QNAN0
543.754942, 56.553086, 1.000000, -1.#QNAN0
543.824207, 56.536502, 1.000000, -1.#QNAN0
543.890708, 56.508373, 1.000000, -1.#QNAN0
544.208446, 56.432295, 1.000000, -1.#QNAN0
544.277711, 56.415711, 1.000000, -1.#QNAN0
544.346977, 56.399126, 1.000000, -1.#QNAN0
544.416242, 56.382541, 1.000000, -1.#QNAN0
544.733980, 56.306464, 1.000000, -1.#QNAN0
544.806009, 56.301423, 1.000000, -1.#QNAN0
544.875274, 56.284839, 1.000000, -1.#QNAN0
544.941776, 56.256710, 1.000000, -1.#QNAN0
545.259514, 56.180632, 1.000000, -1.#QNAN0
545.328779, 56.164048, 1.000000, -1.#QNAN0
545.398044, 56.147463, 1.000000, -1.#QNAN0
545.467310, 56.130878, 1.000000, -1.#QNAN0
545.783316, 56.043009, 1.000000, -1.#QNAN0
545.852582, 56.026425, 1.000000, -1.#QNAN0
545.921847, 56.009840, 1.000000, -1.#QNAN0
545.988348, 55.981711, 1.000000, -1.#QNAN0
546.314013, 55.903736, 1.000000, -1.#QNAN0
546.383278, 55.887151, 1.000000, -1.#QNAN0
546.452543, 55.870567, 1.000000, -1.#QNAN0
546.785115, 55.790937, 1.000000, -1.#QNAN0
546.851617, 55.762808, 1.000000, -1.#QNAN0
546.920882, 55.746224, 1.000000, -1.#QNAN0
546.990147, 55.729639, 1.000000, -1.#QNAN0
547.329639, 55.648353, 1.000000, -1.#QNAN0
547.398904, 55.631768, 1.000000, -1.#QNAN0
547.465405, 55.603639, 1.000000, -1.#QNAN0
547.531906, 55.575511, 1.000000, -1.#QNAN0
547.866787, 55.495328, 1.000000, -1.#QNAN0
547.933288, 55.467199, 1.000000, -1.#QNAN0
548.002553, 55.450615, 1.000000, -1.#QNAN0
548.071819, 55.434030, 1.000000, -1.#QNAN0
548.416408, 55.363729, 1.000000, -1.#QNAN0
548.485674, 55.347145, 1.000000, -1.#QNAN0
548.554939, 55.330560, 1.000000, -1.#QNAN0
548.626968, 55.325520, 1.000000, -1.#QNAN0
548.975750, 55.242009, 1.000000, -1.#QNAN0
549.047779, 55.236969, 1.000000, -1.#QNAN0
549.117044, 55.220384, 1.000000, -1.#QNAN0
549.186310, 55.203800, 1.000000, -1.#QNAN0
549.532233, 55.133179, 1.000000, -1.#QNAN0
549.601498, 55.116595, 1.000000, -1.#QNAN0
549.670763, 55.100010, 1.000000, -1.#QNAN0
549.742793, 55.094970, 1.000000, -1.#QNAN0
550.088716, 55.024350, 1.000000, -1.#QNAN0
550.163510, 55.030853, 1.000000, -1.#QNAN0
550.235539, 55.025813, 1.000000, -1.#QNAN0
550.304804, 55.009229, 1.000000, -1.#QNAN0
550.650727, 54.938608, 1.000000, -1.#QNAN0
550.719993, 54.922024, 1.000000, -1.#QNAN0
550.789258, 54.905439, 1.000000, -1.#QNAN0
550.858523, 54.888855, 1.000000, -1.#QNAN0
550.927788, 54.872270, 1.000000, -1.#QNAN0
551.270947, 54.790106, 1.000000, -1.#QNAN0
551.340213, 54.773521, 1.000000, -1.#QNAN0
551.409478, 54.756937, 1.000000, -1.#QNAN0
551.478743, 54.740352, 1.000000, -1.#QNAN0
551.821903, 54.658187, 1.000000, -1.#QNAN0
551.888404, 54.630059, 1.000000, -1.#QNAN0
551.957669, 54.613474, 1.000000, -1.#QNAN0
552.026934, 54.596889, 1.000000, -1.#QNAN0
552.370093, 54.514725, 1.000000, -1.#QNAN0
552.439359, 54.498140, 1.000000, -1.#QNAN0
552.508624, 54.481556, 1.000000, -1.#QNAN0
552.577889, 54.464971, 1.000000, -1.#QNAN0
552.921048, 54.382807, 1.000000, -1.#QNAN0
552.990313, 54.366222, 1.000000, -1.#QNAN0
553.056814, 54.338094, 1.000000, -1.#QNAN0
553.123316, 54.309965, 1.000000, -1.#QNAN0
494.063930, 86.251288, -1.000000, 0.000000
494.115926, 86.202614, -1.000000, 0.000000
494.167921, 86.153939, -1.000000, 0.000000
494.403728, 85.933194, -1.000000, 0.000000
494.455724, 85.884520, -1.000000, 0.000000
494.507719, 85.835846, -1.000000, 0.000000
494.741588, 85.616916, -1.000000, 0.000000
494.793584, 85.568241, -1.000000, 0.000000
494.845579, 85.519567, -1.000000, 0.000000
494.897575, 85.470893, -1.000000, 0.000000
495.129516, 85.253767, -1.000000, 0.000000
495.181511, 85.205093, -1.000000, 0.000000
495.233507, 85.156419, -1.000000, 0.000000
495.463530, 84.941089, -1.000000, 0.000000
495.515525, 84.892414, -1.000000, 0.000000
495.567521, 84.843740, -1.000000, 0.000000
495.619516, 84.795066, -1.000000, 0.000000
495.847632, 84.581521, -1.000000, 0.000000
495.899628, 84.532847, -1.000000, 0.000000
495.951623, 84.484172, -1.000000, 0.000000
496.177843, 84.272402, -1.000000, 0.000000
496.229839, 84.223728, -1.000000, 0.000000
496.281834, 84.175054, -1.000000, 0.000000
496.333830, 84.126380, -1.000000, 0.000000
496.558164, 83.916375, -1.000000, 0.000000
496.610160, 83.867700, -1.000000, 0.000000
496.662155, 83.819026, -1.000000, 0.000000
496.885008, 83.610408, -1.000000, 0.000000
496.937004, 83.561734, -1.000000, 0.000000
496.988999, 83.513060, -1.000000, 0.000000
497.040995, 83.464385, -1.000000, 0.000000
497.263848, 83.255767, -1.000000, 0.000000
497.315844, 83.207093, -1.000000, 0.000000
497.367839, 83.158418, -1.000000, 0.000000
497.590692, 82.949800, -1.000000, 0.000000
497.642688, 82.901126, -1.000000, 0.000000
497.694683, 82.852452, -1.000000, 0.000000
497.746679, 82.803777, -1.000000, 0.000000
497.969532, 82.595159, -1.000000, 0.000000
498.021527, 82.546485, -1.000000, 0.000000
498.073523, 82.497811, -1.000000, 0.000000
498.296376, 82.289192, -1.000000, 0.000000
498.348372, 82.240518, -1.000000, 0.000000
498.400367, 82.191844, -1.000000, 0.000000
498.452363, 82.143170, -1.000000, 0.000000
498.675216, 81.934551, -1.000000, 0.000000
498.727211, 81.885877, -1.000000, 0.000000
498.779207, 81.837203, -1.000000, 0.000000
499.002060, 81.628585, -1.000000, 0.000000
499.054055, 81.579911, -1.000000, 0.000000
499.106051, 81.531236, -1.000000, 0.000000
499.158046, 81.482562, -1.000000, 0.000000
499.380900, 81.273944, -1.000000, 0.000000
499.432895, 81.225269, -1.000000, 0.000000
499.484891, 81.176595, -1.000000, 0.000000
499.707744, 80.967977, -1.000000, 0.000000
499.759739, 80.919303, -1.000000, 0.000000
499.811735, 80.870628, -1.000000, 0.000000
499.863730, 80.821954, -1.000000, 0.000000
500.086709, 80.613470, -1.000000, 0.000000
500.138736, 80.564830, -1.000000, 0.000000
500.190763, 80.516190, -1.000000, 0.000000
500.414319, 80.308327, -1.000000, 0.000000
500.466511, 80.259863, -1.000000, 0.000000
500.518703, 80.211399, -1.000000, 0.000000
500.570894, 80.162935, -1.000000, 0.000000
500.795573, 79.956287, -1.000000, 0.000000
500.848014, 79.908094, -1.000000, 0.000000
500.900455, 79.859900, -1.000000, 0.000000
501.126087, 79.654294, -1.000000, 0.000000
501.178780, 79.606376, -1.000000, 0.000000
501.231473, 79.558457, -1.000000, 0.000000
501.284166, 79.510539, -1.000000, 0.000000
501.511015, 79.306275, -1.000000, 0.000000
501.563963, 79.258639, -1.000000, 0.000000
501.616911, 79.211002, -1.000000, 0.000000
501.844732, 79.007825, -1.000000, 0.000000
501.897937, 78.960475, -1.000000, 0.000000
501.951142, 78.913126, -1.000000, 0.000000
502.004346, 78.865777, -1.000000, 0.000000
502.233408, 78.663999, -1.000000, 0.000000
502.286873, 78.616943, -1.000000, 0.000000
502.340338, 78.569887, -1.000000, 0.000000
502.570306, 78.369141, -1.000000, 0.000000
502.624008, 78.322356, -1.000000, 0.000000
502.677710, 78.275572, -1.000000, 0.000000
502.731412, 78.228787, -1.000000, 0.000000
502.962033, 78.028789, -1.000000, 0.000000
503.015850, 77.982137, -1.000000, 0.000000
503.069667, 77.935484, -1.000000, 0.000000
503.300326, 77.735531, -1.000000, 0.000000
503.354143, 77.688878, -1.000000, 0.000000
503.407960, 77.642226, -1.000000, 0.000000
503.461777, 77.595573, -1.000000, 0.000000
503.692437, 77.395620, -1.000000, 0.000000
503.746254, 77.348967, -1.000000, 0.000000
503.800070, 77.302314, -1.000000, 0.000000
504.030730, 77.102361, -1.000000, 0.000000
504.084547, 77.055709, -1.000000, 0.000000
504.138364, 77.009056, -1.000000, 0.000000
504.192181, 76.962403, -1.000000, 0.000000
504.422840, 76.762450, -1.000000, 0.000000
504.476657, 76.715798, -1.000000, 0.000000
504.530474, 76.669145, -1.000000, 0.000000
504.761134, 76.469191, -1.000000, 0.000000
504.814951, 76.422539, -1.000000, 0.000000
504.868768, 76.375886, -1.000000, 0.000000
504.922584, 76.329234, -1.000000, 0.000000
505.153244, 76.129280, -1.000000, 0.000000
505.207061, 76.082628, -1.000000, 0.000000
505.260878, 76.035975, -1.000000, 0.000000
505.493772, 75.834085, -1.000000, 0.000000
505.547589, 75.787432, -1.000000, 0.000000
505.601405, 75.740780, -1.000000, 0.000000
505.655222, 75.694127, -1.000000, 0.000000
505.890626, 75.490061, -1.000000, 0.000000
505.944443, 75.443409, -1.000000, 0.000000
505.998260, 75.396756, -1.000000, 0.000000
506.236377, 75.190338, -1.000000, 0.000000
506.290194, 75.143686, -1.000000, 0.000000
506.344011, 75.097033, -1.000000, 0.000000
506.397827, 75.050380, -1.000000, 0.000000
506.638859, 74.841436, -1.000000, 0.000000
506.692675, 74.794784, -1.000000, 0.000000
506.746492, 74.748131, -1.000000, 0.000000
506.990634, 74.536491, -1.000000, 0.000000
507.044451, 74.489838, -1.000000, 0.000000
507.098267, 74.443186, -1.000000, 0.000000
507.152084, 74.396533, -1.000000, 0.000000
507.390556, 74.189807, -1.000000, 0.000000
507.444373, 74.143155, -1.000000, 0.000000
507.498190, 74.096502, -1.000000, 0.000000
507.552007, 74.049850, -1.000000, 0.000000
507.793965, 73.840102, -1.000000, 0.000000
507.847782, 73.793449, -1.000000, 0.000000
507.901599, 73.746797, -1.000000, 0.000000
508.143665, 73.536955, -1.000000, 0.000000
508.197482, 73.490303, -1.000000, 0.000000
508.251299, 73.443650, -1.000000, 0.000000
508.305116, 73.396997, -1.000000, 0.000000
508.547181, 73.187156, -1.000000, 0.000000
508.600998, 73.140504, -1.000000, 0.000000
508.654815, 73.093851, -1.000000, 0.000000
508.708632, 73.047199, -1.000000, 0.000000
508.950698, 72.837358, -1.000000, 0.000000
509.004515, 72.790705, -1.000000, 0.000000
509.058331, 72.744052, -1.000000, 0.000000
509.300398, 72.534211, -1.000000, 0.000000
509.354214, 72.487559, -1.000000, 0.000000
509.408031, 72.440906, -1.000000, 0.000000
509.461848, 72.394253, -1.000000, 0.000000
509.703914, 72.184412, -1.000000, 0.000000
509.757731, 72.137760, -1.000000, 0.000000
509.811548, 72.091107, -1.000000, 0.000000
509.865365, 72.044455, -1.000000, 0.000000
510.107430, 71.834614, -1.000000, 0.000000
510.161247, 71.787961, -1.000000, 0.000000
510.215064, 71.741308, -1.000000, 0.000000
510.457130, 71.531467, -1.000000, 0.000000
510.510947, 71.484814, -1.000000, 0.000000
510.564764, 71.438162, -1.000000, 0.000000
510.618581, 71.391509, -1.000000, 0.000000
510.860647, 71.181668, -1.000000, 0.000000
510.914463, 71.135016, -1.000000, 0.000000
510.968280, 71.088363, -1.000000, 0.000000
511.022097, 71.041711, -1.000000, 0.000000
511.264870, 70.832715, -1.000000, 0.000000
511.318847, 70.786248, -1.000000, 0.000000
511.372825, 70.739781, -1.000000, 0.000000
511.619884, 70.535896, -1.000000, 0.000000
511.674981, 70.490762, -1.000000, 0.000000
511.730078, 70.445628, -1.000000, 0.000000
511.785174, 70.400495, -1.000000, 0.000000
512.037526, 70.203193, -1.000000, 0.000000
512.093714, 70.159426, -1.000000, 0.000000
512.149903, 70.115659, -1.000000, 0.000000
512.206092, 70.071892, -1.000000, 0.000000
512.463464, 69.881179, -1.000000, 0.000000
512.520689, 69.838775, -1.000000, 0.000000
512.577914, 69.796371, -1.000000, 0.000000
512.839041, 69.610852, -1.000000, 0.000000
512.897246, 69.569804, -1.000000, 0.000000
512.955451, 69.528756, -1.000000, 0.000000
513.013656, 69.487708, -1.000000, 0.000000
513.279290, 69.308692, -1.000000, 0.000000
513.338421, 69.268989, -1.000000, 0.000000
513.397551, 69.229286, -1.000000, 0.000000
513.456681, 69.189583, -1.000000, 0.000000
513.726547, 69.017000, -1.000000, 0.000000
513.786549, 68.978628, -1.000000, 0.000000
513.846552, 68.940255, -1.000000, 0.000000
514.118624, 68.771129, -1.000000, 0.000000
514.179196, 68.733662, -1.000000, 0.000000
514.239768, 68.696196, -1.000000, 0.000000
514.300341, 68.658730, -1.000000, 0.000000
514.572861, 68.490319, -1.000000, 0.000000
514.633450, 68.452879, -1.000000, 0.000000
514.694039, 68.415440, -1.000000, 0.000000
514.754627, 68.378000, -1.000000, 0.000000
515.027153, 68.209598, -1.000000, 0.000000
515.087742, 68.172158, -1.000000, 0.000000
515.148331, 68.134719, -1.000000, 0.000000
515.420857, 67.966317, -1.000000, 0.000000
515.481446, 67.928877, -1.000000, 0.000000
515.542035, 67.891437, -1.000000, 0.000000
515.602624, 67.853998, -1.000000, 0.000000
515.875150, 67.685596, -1.000000, 0.000000
515.935738, 67.648156, -1.000000, 0.000000
515.996327, 67.610716, -1.000000, 0.000000
516.056916, 67.573277, -1.000000, 0.000000
516.329442, 67.404875, -1.000000, 0.000000
516.390031, 67.367435, -1.000000, 0.000000
516.450619, 67.329996, -1.000000, 0.000000
516.723146, 67.161593, -1.000000, 0.000000
516.783735, 67.124154, -1.000000, 0.000000
516.844323, 67.086714, -1.000000, 0.000000
516.904912, 67.049274, -1.000000, 0.000000
517.177380, 66.880908, -1.000000, 0.000000
517.237969, 66.843468, -1.000000, 0.000000
517.298558, 66.806029, -1.000000, 0.000000
517.359146, 66.768589, -1.000000, 0.000000
517.631060, 66.600566, -1.000000, 0.000000
517.691649, 66.563126, -1.000000, 0.000000
517.752237, 66.525686, -1.000000, 0.000000
518.023757, 66.357907, -1.000000, 0.000000
518.084345, 66.320467, -1.000000, 0.000000
518.144934, 66.283027, -1.000000, 0.000000
518.205523, 66.245588, -1.000000, 0.000000
518.476808, 66.077953, -1.000000, 0.000000
518.537396, 66.040513, -1.000000, 0.000000
518.597985, 66.003073, -1.000000, 0.000000
518.658574, 65.965634, -1.000000, 0.000000
518.929785, 65.798044, -1.000000, 0.000000
518.990374, 65.760604, -1.000000, 0.000000
519.050963, 65.723165, -1.000000, 0.000000
519.322263, 65.555520, -1.000000, 0.000000
519.382852, 65.518081, -1.000000, 0.000000
519.443441, 65.480641, -1.000000, 0.000000
519.504029, 65.443201, -1.000000, 0.000000
519.775578, 65.275403, -1.000000, 0.000000
519.836167, 65.237964, -1.000000, 0.000000
519.896755, 65.200524, -1.000000, 0.000000
519.957344, 65.163084, -1.000000, 0.000000
520.229259, 64.995060, -1.000000, 0.000000
520.289847, 64.957621, -1.000000, 0.000000
520.350436, 64.920181, -1.000000, 0.000000
520.622351, 64.752156, -1.000000, 0.000000
520.682940, 64.714717, -1.000000, 0.000000
520.743529, 64.677277, -1.000000, 0.000000
520.804118, 64.639838, -1.000000, 0.000000
521.076032, 64.471813, -1.000000, 0.000000
521.136621, 64.434374, -1.000000, 0.000000
521.197210, 64.396934, -1.000000, 0.000000
521.257798, 64.359495, -1.000000, 0.000000
521.529713, 64.191470, -1.000000, 0.000000
521.590302, 64.154031, -1.000000, 0.000000
521.650890, 64.116591, -1.000000, 0.000000
521.922806, 63.948567, -1.000000, 0.000000
521.983394, 63.911127, -1.000000, 0.000000
522.043983, 63.873687, -1.000000, 0.000000
522.104572, 63.836248, -1.000000, 0.000000
522.376486, 63.668223, -1.000000, 0.000000
522.437075, 63.630784, -1.000000, 0.000000
522.497664, 63.593344, -1.000000, 0.000000
522.558253, 63.555905, -1.000000, 0.000000
522.830167, 63.387880, -1.000000, 0.000000
522.890756, 63.350441, -1.000000, 0.000000
522.951345, 63.313001, -1.000000, 0.000000
523.223260, 63.144977, -1.000000, 0.000000
523.283848, 63.107537, -1.000000, 0.000000
523.344437, 63.070097, -1.000000, 0.000000
523.405026, 63.032658, -1.000000, 0.000000
523.677020, 62.864762, -1.000000, 0.000000
523.737627, 62.827353, -1.000000, 0.000000
523.798235, 62.789944, -1.000000, 0.000000
523.858843, 62.752536, -1.000000, 0.000000
524.131972, 62.586531, -1.000000, 0.000000
524.192836, 62.549539, -1.000000, 0.000000
524.253699, 62.512547, -1.000000, 0.000000
524.529501, 62.351036, -1.000000, 0.000000
524.591064, 62.315220, -1.000000, 0.000000
524.652627, 62.279405, -1.000000, 0.000000
524.714189, 62.243589, -1.000000, 0.000000
524.993277, 62.087819, -1.000000, 0.000000
525.055519, 62.053196, -1.000000, 0.000000
525.117760, 62.018573, -1.000000, 0.000000
525.180001, 61.983950, -1.000000, 0.000000
525.462263, 61.833998, -1.000000, 0.000000
525.525161, 61.800583, -1.000000, 0.000000
525.588059, 61.767169, -1.000000, 0.000000
525.872743, 61.621882, -1.000000, 0.000000
525.936275, 61.589689, -1.000000, 0.000000
525.999806, 61.557495, -1.000000, 0.000000
526.063338, 61.525302, -1.000000, 0.000000
526.350977, 61.385951, -1.000000, 0.000000
526.415118, 61.354990, -1.000000, 0.000000
526.479260, 61.324029, -1.000000, 0.000000
526.543402, 61.293068, -1.000000, 0.000000
526.833802, 61.159550, -1.000000, 0.000000
526.898513, 61.129797, -1.000000, 0.000000
526.963224, 61.100045, -1.000000, 0.000000
527.255015, 60.969558, -1.000000, 0.000000
527.320085, 60.940601, -1.000000, 0.000000
527.385156, 60.911644, -1.000000, 0.000000
527.450227, 60.882687, -1.000000, 0.000000
527.742257, 60.752730, -1.000000, 0.000000
527.807327, 60.723773, -1.000000, 0.000000
527.872398, 60.694816, -1.000000, 0.000000
527.937469, 60.665858, -1.000000, 0.000000
528.229499, 60.535902, -1.000000, 0.000000
528.294569, 60.506945, -1.000000, 0.000000
528.359640, 60.477987, -1.000000, 0.000000
528.651670, 60.348031, -1.000000, 0.000000
528.716741, 60.319073, -1.000000, 0.000000
528.781812, 60.290116, -1.000000, 0.000000
528.846882, 60.261159, -1.000000, 0.000000
529.138912, 60.131202, -1.000000, 0.000000
529.203983, 60.102245, -1.000000, 0.000000
529.269054, 60.073288, -1.000000, 0.000000
529.334124, 60.044331, -1.000000, 0.000000
529.626154, 59.914374, -1.000000, 0.000000
529.691225, 59.885417, -1.000000, 0.000000
529.756296, 59.856460, -1.000000, 0.000000
530.048326, 59.726503, -1.000000, 0.000000
530.113397, 59.697546, -1.000000, 0.000000
530.178467, 59.668588, -1.000000, 0.000000
530.243538, 59.639631, -1.000000, 0.000000
530.535568, 59.509675, -1.000000, 0.000000
530.600638, 59.480717, -1.000000, 0.000000
530.665709, 59.451760, -1.000000, 0.000000
530.730780, 59.422803, -1.000000, 0.000000
531.024292, 59.292187, -1.000000, 0.000000
531.089363, 59.263229, -1.000000, 0.000000
531.154434, 59.234272, -1.000000, 0.000000
531.449767, 59.102846, -1.000000, 0.000000
531.514838, 59.073888, -1.000000, 0.000000
531.579908, 59.044931, -1.000000, 0.000000
531.644979, 59.015974, -1.000000, 0.000000
531.942466, 58.883589, -1.000000, 0.000000
532.007537, 58.854632, -1.000000, 0.000000
532.072607, 58.825674, -1.000000, 0.000000
532.137678, 58.796717, -1.000000, 0.000000
532.437648, 58.663227, -1.000000, 0.000000
532.502719, 58.634270, -1.000000, 0.000000
532.567790, 58.605313, -1.000000, 0.000000
532.870568, 58.470573, -1.000000, 0.000000
532.935638, 58.441616, -1.000000, 0.000000
533.000709, 58.412659, -1.000000, 0.000000
533.065780, 58.383701, -1.000000, 0.000000
533.371683, 58.247571, -1.000000, 0.000000
533.436754, 58.218614, -1.000000, 0.000000
533.501824, 58.189656, -1.000000, 0.000000
533.566895, 58.160699, -1.000000, 0.000000
533.865391, 58.027865, -1.000000, 0.000000
533.930462, 57.998908, -1.000000, 0.000000
533.995533, 57.969951, -1.000000, 0.000000
534.294030, 57.837116, -1.000000, 0.000000
534.359100, 57.808159, -1.000000, 0.000000
534.424171, 57.779202, -1.000000, 0.000000
534.489242, 57.750244, -1.000000, 0.000000
534.787738, 57.617410, -1.000000, 0.000000
534.852809, 57.588453, -1.000000, 0.000000
534.917879, 57.559496, -1.000000, 0.000000
534.982950, 57.530539, -1.000000, 0.000000
535.281446, 57.397704, -1.000000, 0.000000
535.346517, 57.368747, -1.000000, 0.000000
535.411588, 57.339790, -1.000000, 0.000000
535.476658, 57.310833, -1.000000, 0.000000
535.775155, 57.177998, -1.000000, 0.000000
535.840226, 57.149041, -1.000000, 0.000000
535.905297, 57.120084, -1.000000, 0.000000
535.970367, 57.091127, -1.000000, 0.000000
536.268864, 56.958292, -1.000000, 0.000000
536.333934, 56.929335, -1.000000, 0.000000
536.399005, 56.900378, -1.000000, 0.000000
536.464076, 56.871421, -1.000000, 0.000000
536.762572, 56.738586, -1.000000, 0.000000
536.827643, 56.709629, -1.000000, 0.000000
536.892713, 56.680672, -1.000000, 0.000000
537.191210, 56.547838, -1.000000, 0.000000
537.256281, 56.518880, -1.000000, 0.000000
537.321352, 56.489923, -1.000000, 0.000000
537.386422, 56.460966, -1.000000, 0.000000
537.684918, 56.328132, -1.000000, 0.000000
537.749989, 56.299175, -1.000000, 0.000000
537.815060, 56.270217, -1.000000, 0.000000
537.880131, 56.241260, -1.000000, 0.000000
538.180892, 56.113750, -1.000000, 0.000000
538.246526, 56.086092, -1.000000, 0.000000
538.312159, 56.058434, -1.000000, 0.000000
538.377793, 56.030776, -1.000000, 0.000000
538.681993, 55.911696, -1.000000, 0.000000
538.748368, 55.885868, -1.000000, 0.000000
538.814743, 55.860040, -1.000000, 0.000000
538.881118, 55.834211, -1.000000, 0.000000
539.188585, 55.723817, -1.000000, 0.000000
539.255642, 55.699816, -1.000000, 0.000000
539.322699, 55.675815, -1.000000, 0.000000
539.389756, 55.651814, -1.000000, 0.000000
539.700200, 55.550069, -1.000000, 0.000000
539.767881, 55.527887, -1.000000, 0.000000
539.835562, 55.505705, -1.000000, 0.000000
540.148132, 55.410737, -1.000000, 0.000000
540.216378, 55.390361, -1.000000, 0.000000
540.284624, 55.369985, -1.000000, 0.000000
540.352870, 55.349609, -1.000000, 0.000000
540.667906, 55.263152, -1.000000, 0.000000
540.736660, 55.244564, -1.000000, 0.000000
540.805415, 55.225975, -1.000000, 0.000000
540.874169, 55.207386, -1.000000, 0.000000
541.191396, 55.129330, -1.000000, 0.000000
541.260603, 55.112506, -1.000000, 0.000000
541.329810, 55.095681, -1.000000, 0.000000
541.399018, 55.078856, -1.000000, 0.000000
541.716737, 55.002698, -1.000000, 0.000000
541.786002, 54.986114, -1.000000, 0.000000
541.855267, 54.969529, -1.000000, 0.000000
541.924532, 54.952945, -1.000000, 0.000000
542.242270, 54.876867, -1.000000, 0.000000
542.311536, 54.860282, -1.000000, 0.000000
542.380801, 54.843698, -1.000000, 0.000000
542.450066, 54.827113, -1.000000, 0.000000
542.767804, 54.751036, -1.000000, 0.000000
542.837069, 54.734451, -1.000000, 0.000000
542.906335, 54.717867, -1.000000, 0.000000
543.224073, 54.641789, -1.000000, 0.000000
543.293338, 54.625204, -1.000000, 0.000000
543.362604, 54.608620, -1.000000, 0.000000
543.431869, 54.592035, -1.000000, 0.000000
543.749607, 54.515957, -1.000000, 0.000000
543.818872, 54.499373, -1.000000, 0.000000
543.888137, 54.482788, -1.000000, 0.000000
543.957402, 54.466204, -1.000000, 0.000000
544.275140, 54.390126, -1.000000, 0.000000
544.344406, 54.373541, -1.000000, 0.000000
544.413671, 54.356957, -1.000000, 0.000000
544.482936, 54.340372, -1.000000, 0.000000
544.800675, 54.264294, -1.000000, 0.000000
544.869940, 54.247710, -1.000000, 0.000000
544.939205, 54.231125, -1.000000, 0.000000
545.008470, 54.214541, -1.000000, 0.000000
545.327241, 54.138215, -1.000000, 0.000000
545.396506, 54.121631, -1.000000, 0.000000
545.465772, 54.105046, -1.000000, 0.000000
545.535037, 54.088462, -1.000000, 0.000000
545.860701, 54.010486, -1.000000, 0.000000
545.929967, 53.993902, -1.000000, 0.000000
545.999232, 53.977317, -1.000000, 0.000000
546.331804, 53.897687, -1.000000, 0.000000
546.401069, 53.881103, -1.000000, 0.000000
546.470335, 53.864518, -1.000000, 0.000000
546.539600, 53.847934, -1.000000, 0.000000
546.879092, 53.766647, -1.000000, 0.000000
546.948357, 53.750063, -1.000000, 0.000000
547.017622, 53.733478, -1.000000, 0.000000
547.086888, 53.716894, -1.000000, 0.000000
547.421768, 53.636711, -1.000000, 0.000000
547.491033, 53.620127, -1.000000, 0.000000
547.560299, 53.603542, -1.000000, 0.000000
547.629564, 53.586958, -1.000000, 0.000000
547.971390, 53.505112, -1.000000, 0.000000
548.040655, 53.488528, -1.000000, 0.000000
548.109920, 53.471943, -1.000000, 0.000000
548.179185, 53.455359, -1.000000, 0.000000
548.527967, 53.371848, -1.000000, 0.000000
548.597232, 53.355264, -1.000000, 0.000000
548.666497, 53.338679, -1.000000, 0.000000
548.735763, 53.322094, -1.000000, 0.000000
549.078922, 53.239930, -1.000000, 0.000000
549.148187, 53.223345, -1.000000, 0.000000
549.217452, 53.206761, -1.000000, 0.000000
549.286717, 53.190176, -1.000000, 0.000000
549.629877, 53.108012, -1.000000, 0.000000
549.699142, 53.091427, -1.000000, 0.000000
549.768407, 53.074843, -1.000000, 0.000000
549.837673, 53.058258, -1.000000, 0.000000
550.180832, 52.976094, -1.000000, 0.000000
550.250097, 52.959509, -1.000000, 0.000000
550.319362, 52.942925, -1.000000, 0.000000
550.388627, 52.926340, -1.000000, 0.000000
550.457893, 52.909755, -1.000000, 0.000000
550.801052, 52.827591, -1.000000, 0.000000
550.870317, 52.811006, -1.000000, 0.000000
550.939582, 52.794422, -1.000000, 0.000000
551.008847, 52.777837, -1.000000, 0.000000
551.352007, 52.695673, -1.000000, 0.000000
551.421272, 52.679088, -1.000000, 0.000000
551.490537, 52.662504, -1.000000, 0.000000
551.559803, 52.645919, -1.000000, 0.000000
551.902962, 52.563755, -1.000000, 0.000000
551.972227, 52.547170, -1.000000, 0.000000
552.041492, 52.530585, -1.000000, 0.000000
552.110757, 52.514001, -1.000000, 0.000000
552.453916, 52.431836, -1.000000, 0.000000
552.523182, 52.415252, -1.000000, 0.000000
552.592447, 52.398667, -1.000000, 0.000000
552.661712, 52.382083, -1.000000, 0.000000
