524.463196, 65.016082, 1.000000, -1.#QNAN0
524.517545, 64.968544, 1.000000, -1.#QNAN0
524.578134, 64.931105, 1.000000, -1.#QNAN0
524.849160, 64.763807, 1.000000, -1.#QNAN0
524.909767, 64.726398, 1.000000, -1.#QNAN0
524.970375, 64.688989, 1.000000, -1.#QNAN0
525.030983, 64.651580, 1.000000, -1.#QNAN0
525.291053, 64.493575, 1.000000, -1.#QNAN0
525.351916, 64.456583, 1.000000, -1.#QNAN0
525.412779, 64.419591, 1.000000, -1.#QNAN0
525.651725, 64.279999, 1.000000, -1.#QNAN0
525.713288, 64.244183, 1.000000, -1.#QNAN0
525.774850, 64.208367, 1.000000, -1.#QNAN0
525.836413, 64.172552, 1.000000, -1.#QNAN0
526.078122, 64.038048, 1.000000, -1.#QNAN0
526.134593, 63.993051, 1.000000, -1.#QNAN0
526.196835, 63.958429, 1.000000, -1.#QNAN0
526.259076, 63.923806, 1.000000, -1.#QNAN0
526.503690, 63.794323, 1.000000, -1.#QNAN0
526.561019, 63.750425, 1.000000, -1.#QNAN0
526.623917, 63.717010, 1.000000, -1.#QNAN0
526.870743, 63.591369, 1.000000, -1.#QNAN0
526.928909, 63.548587, 1.000000, -1.#QNAN0
526.992441, 63.516393, 1.000000, -1.#QNAN0
527.055973, 63.484200, 1.000000, -1.#QNAN0
527.305605, 63.363649, 1.000000, -1.#QNAN0
527.364586, 63.321998, 1.000000, -1.#QNAN0
527.428728, 63.291037, 1.000000, -1.#QNAN0
527.492870, 63.260076, 1.000000, -1.#QNAN0
527.741248, 63.133237, 1.000000, -1.#QNAN0
527.805959, 63.103484, 1.000000, -1.#QNAN0
527.865711, 63.062947, 1.000000, -1.#QNAN0
528.133384, 62.943370, 1.000000, -1.#QNAN0
528.198454, 62.914413, 1.000000, -1.#QNAN0
528.263525, 62.885456, 1.000000, -1.#QNAN0
528.323769, 62.845653, 1.000000, -1.#QNAN0
528.615799, 62.715697, 1.000000, -1.#QNAN0
528.676044, 62.675894, 1.000000, -1.#QNAN0
528.736288, 62.636092, 1.000000, -1.#QNAN0
528.801359, 62.607135, 1.000000, -1.#QNAN0
529.088563, 62.466333, 1.000000, -1.#QNAN0
529.153633, 62.437376, 1.000000, -1.#QNAN0
529.213878, 62.397574, 1.000000, -1.#QNAN0
529.505908, 62.267617, 1.000000, -1.#QNAN0
529.566153, 62.227815, 1.000000, -1.#QNAN0
529.631223, 62.198857, 1.000000, -1.#QNAN0
529.696294, 62.169900, 1.000000, -1.#QNAN0
529.983498, 62.029098, 1.000000, -1.#QNAN0
530.048568, 62.000141, 1.000000, -1.#QNAN0
530.108813, 61.960339, 1.000000, -1.#QNAN0
530.173884, 61.931382, 1.000000, -1.#QNAN0
530.465913, 61.801425, 1.000000, -1.#QNAN0
530.530984, 61.772468, 1.000000, -1.#QNAN0
530.591229, 61.732665, 1.000000, -1.#QNAN0
530.883259, 61.602709, 1.000000, -1.#QNAN0
530.948330, 61.573751, 1.000000, -1.#QNAN0
531.008574, 61.533949, 1.000000, -1.#QNAN0
531.073645, 61.504992, 1.000000, -1.#QNAN0
531.365675, 61.375035, 1.000000, -1.#QNAN0
531.430745, 61.346078, 1.000000, -1.#QNAN0
531.490990, 61.306276, 1.000000, -1.#QNAN0
531.556061, 61.277318, 1.000000, -1.#QNAN0
531.849573, 61.146702, 1.000000, -1.#QNAN0
531.909817, 61.106900, 1.000000, -1.#QNAN0
531.974888, 61.077943, 1.000000, -1.#QNAN0
532.265395, 60.935671, 1.000000, -1.#QNAN0
532.330466, 60.906714, 1.000000, -1.#QNAN0
532.390710, 60.866911, 1.000000, -1.#QNAN0
532.455781, 60.837954, 1.000000, -1.#QNAN0
532.753268, 60.705569, 1.000000, -1.#QNAN0
532.813512, 60.665767, 1.000000, -1.#QNAN0
532.878583, 60.636809, 1.000000, -1.#QNAN0
532.943654, 60.607852, 1.000000, -1.#QNAN0
533.243624, 60.474362, 1.000000, -1.#QNAN0
533.303868, 60.434560, 1.000000, -1.#QNAN0
533.368939, 60.405603, 1.000000, -1.#QNAN0
533.666891, 60.260018, 1.000000, -1.#QNAN0
533.731962, 60.231061, 1.000000, -1.#QNAN0
533.797032, 60.202103, 1.000000, -1.#QNAN0
533.857277, 60.162301, 1.000000, -1.#QNAN0
534.163180, 60.026171, 1.000000, -1.#QNAN0
534.228251, 59.997213, 1.000000, -1.#QNAN0
534.293322, 59.968256, 1.000000, -1.#QNAN0
534.358392, 59.939299, 1.000000, -1.#QNAN0
534.656889, 59.806465, 1.000000, -1.#QNAN0
534.717133, 59.766662, 1.000000, -1.#QNAN0
534.782204, 59.737705, 1.000000, -1.#QNAN0
535.080701, 59.604871, 1.000000, -1.#QNAN0
535.145771, 59.575913, 1.000000, -1.#QNAN0
535.206016, 59.536111, 1.000000, -1.#QNAN0
535.271087, 59.507154, 1.000000, -1.#QNAN0
535.569583, 59.374320, 1.000000, -1.#QNAN0
535.634654, 59.345362, 1.000000, -1.#QNAN0
535.699724, 59.316405, 1.000000, -1.#QNAN0
535.764795, 59.287448, 1.000000, -1.#QNAN0
536.063291, 59.154614, 1.000000, -1.#QNAN0
536.123536, 59.114811, 1.000000, -1.#QNAN0
536.188606, 59.085854, 1.000000, -1.#QNAN0
536.253677, 59.056897, 1.000000, -1.#QNAN0
536.552174, 58.924063, 1.000000, -1.#QNAN0
536.617245, 58.895105, 1.000000, -1.#QNAN0
536.682315, 58.866148, 1.000000, -1.#QNAN0
536.747386, 58.837191, 1.000000, -1.#QNAN0
537.045882, 58.704357, 1.000000, -1.#QNAN0
537.110953, 58.675399, 1.000000, -1.#QNAN0
537.171197, 58.635597, 1.000000, -1.#QNAN0
537.236268, 58.606640, 1.000000, -1.#QNAN0
537.534764, 58.473806, 1.000000, -1.#QNAN0
537.599835, 58.444848, 1.000000, -1.#QNAN0
537.664906, 58.415891, 1.000000, -1.#QNAN0
537.963403, 58.283057, 1.000000, -1.#QNAN0
538.028473, 58.254100, 1.000000, -1.#QNAN0
538.093544, 58.225142, 1.000000, -1.#QNAN0
538.158615, 58.196185, 1.000000, -1.#QNAN0
538.457111, 58.063351, 1.000000, -1.#QNAN0
538.522182, 58.034394, 1.000000, -1.#QNAN0
538.587252, 58.005437, 1.000000, -1.#QNAN0
538.652323, 57.976479, 1.000000, -1.#QNAN0
538.918442, 57.863975, 1.000000, -1.#QNAN0
538.984076, 57.836317, 1.000000, -1.#QNAN0
539.049709, 57.808659, 1.000000, -1.#QNAN0
539.115342, 57.781001, 1.000000, -1.#QNAN0
539.375055, 57.692753, 1.000000, -1.#QNAN0
539.441430, 57.666925, 1.000000, -1.#QNAN0
539.507805, 57.641096, 1.000000, -1.#QNAN0
539.574179, 57.615268, 1.000000, -1.#QNAN0
539.832613, 57.523186, 1.000000, -1.#QNAN0
539.903671, 57.510361, 1.000000, -1.#QNAN0
539.970728, 57.486360, 1.000000, -1.#QNAN0
540.037785, 57.462359, 1.000000, -1.#QNAN0
540.299109, 57.377450, 1.000000, -1.#QNAN0
540.366790, 57.355268, 1.000000, -1.#QNAN0
540.434470, 57.333086, 1.000000, -1.#QNAN0
540.701679, 57.264758, 1.000000, -1.#QNAN0
540.769925, 57.244382, 1.000000, -1.#QNAN0
540.838171, 57.224006, 1.000000, -1.#QNAN0
540.909813, 57.215004, 1.000000, -1.#QNAN0
541.175995, 57.142442, 1.000000, -1.#QNAN0
541.244750, 57.123853, 1.000000, -1.#QNAN0
541.313504, 57.105264, 1.000000, -1.#QNAN0
541.382259, 57.086676, 1.000000, -1.#QNAN0
541.654072, 57.032531, 1.000000, -1.#QNAN0
541.723279, 57.015707, 1.000000, -1.#QNAN0
541.792486, 56.998882, 1.000000, -1.#QNAN0
541.861694, 56.982057, 1.000000, -1.#QNAN0
542.175576, 56.919036, 1.000000, -1.#QNAN0
542.244841, 56.902452, 1.000000, -1.#QNAN0
542.314107, 56.885867, 1.000000, -1.#QNAN0
542.383372, 56.869283, 1.000000, -1.#QNAN0
542.701110, 56.793205, 1.000000, -1.#QNAN0
542.770375, 56.776620, 1.000000, -1.#QNAN0
542.839640, 56.760036, 1.000000, -1.#QNAN0
542.911670, 56.754995, 1.000000, -1.#QNAN0
543.229408, 56.678918, 1.000000, -1.#QNAN0
543.298673, 56.662333, 1.000000, -1.#QNAN0
543.367938, 56.645749, 1.000000, -1.#QNAN0
543.685677, 56.569671, 1.000000, -1.#QNAN0
543.754942, 56.553086, 1.000000, -1.#QNAN0
543.821443, 56.524957, 1.000000, -1.#QNAN0
543.890708, 56.508373, 1.000000, -1.#QNAN0
544.208446, 56.432295, 1.000000, -1.#QNAN0
544.277711, 56.415711, 1.000000, -1.#QNAN0
544.346977, 56.399126, 1.000000, -1.#QNAN0
544.416242, 56.382541, 1.000000, -1.#QNAN0
544.733980, 56.306464, 1.000000, -1.#QNAN0
544.806009, 56.301423, 1.000000, -1.#QNAN0
544.875274, 56.284839, 1.000000, -1.#QNAN0
544.944540, 56.268254, 1.000000, -1.#QNAN0
545.259514, 56.180632, 1.000000, -1.#QNAN0
545.328779, 56.164048, 1.000000, -1.#QNAN0
545.398044, 56.147463, 1.000000, -1.#QNAN0
545.467310, 56.130878, 1.000000, -1.#QNAN0
545.783316, 56.043009, 1.000000, -1.#QNAN0
545.852582, 56.026425, 1.000000, -1.#QNAN0
545.921847, 56.009840, 1.000000, -1.#QNAN0
545.988348, 55.981711, 1.000000, -1.#QNAN0
546.314013, 55.903736, 1.000000, -1.#QNAN0
546.383278, 55.887151, 1.000000, -1.#QNAN0
546.452543, 55.870567, 1.000000, -1.#QNAN0
546.785115, 55.790937, 1.000000, -1.#QNAN0
546.854381, 55.774352, 1.000000, -1.#QNAN0
546.920882, 55.746224, 1.000000, -1.#QNAN0
546.990147, 55.729639, 1.000000, -1.#QNAN0
547.329639, 55.648353, 1.000000, -1.#QNAN0
547.398904, 55.631768, 1.000000, -1.#QNAN0
547.465405, 55.603639, 1.000000, -1.#QNAN0
547.531906, 55.575511, 1.000000, -1.#QNAN0
547.866787, 55.495328, 1.000000, -1.#QNAN0
547.933288, 55.467199, 1.000000, -1.#QNAN0
548.002553, 55.450615, 1.000000, -1.#QNAN0
548.071819, 55.434030, 1.000000, -1.#QNAN0
548.416408, 55.363729, 1.000000, -1.#QNAN0
548.485674, 55.347145, 1.000000, -1.#QNAN0
548.554939, 55.330560, 1.000000, -1.#QNAN0
548.624204, 55.313976, 1.000000, -1.#QNAN0
548.975750, 55.242009, 1.000000, -1.#QNAN0
549.047779, 55.236969, 1.000000, -1.#QNAN0
549.117044, 55.220384, 1.000000, -1.#QNAN0
549.186310, 55.203800, 1.000000, -1.#QNAN0
549.532233, 55.133179, 1.000000, -1.#QNAN0
549.601498, 55.116595, 1.000000, -1.#QNAN0
549.670763, 55.100010, 1.000000, -1.#QNAN0
549.742793, 55.094970, 1.000000, -1.#QNAN0
550.088716, 55.024350, 1.000000, -1.#QNAN0
550.163510, 55.030853, 1.000000, -1.#QNAN0
550.235539, 55.025813, 1.000000, -1.#QNAN0
550.304804, 55.009229, 1.000000, -1.#QNAN0
550.650727, 54.938608, 1.000000, -1.#QNAN0
550.719993, 54.922024, 1.000000, -1.#QNAN0
550.789258, 54.905439, 1.000000, -1.#QNAN0
550.858523, 54.888855, 1.000000, -1.#QNAN0
550.927788, 54.872270, 1.000000, -1.#QNAN0
551.270947, 54.790106, 1.000000, -1.#QNAN0
551.340213, 54.773521, 1.000000, -1.#QNAN0
551.409478, 54.756937, 1.000000, -1.#QNAN0
551.478743, 54.740352, 1.000000, -1.#QNAN0
551.821903, 54.658187, 1.000000, -1.#QNAN0
551.891168, 54.641603, 1.000000, -1.#QNAN0
551.957669, 54.613474, 1.000000, -1.#QNAN0
552.026934, 54.596889, 1.000000, -1.#QNAN0
552.370093, 54.514725, 1.000000, -1.#QNAN0
552.439359, 54.498140, 1.000000, -1.#QNAN0
552.508624, 54.481556, 1.000000, -1.#QNAN0
552.577889, 54.464971, 1.000000, -1.#QNAN0
552.921048, 54.382807, 1.000000, -1.#QNAN0
552.990313, 54.366222, 1.000000, -1.#QNAN0
553.056814, 54.338094, 1.000000, -1.#QNAN0
553.126080, 54.321509, 1.000000, -1.#QNAN0
553.465256, 54.228298, 1.000000, -1.#QNAN0
553.531775, 54.200213, 1.000000, -1.#QNAN0
553.598295, 54.172128, 1.000000, -1.#QNAN0
553.664814, 54.144043, 1.000000, -1.#QNAN0
553.996418, 54.054119, 1.000000, -1.#QNAN0
554.063073, 54.026359, 1.000000, -1.#QNAN0
554.129729, 53.998598, 1.000000, -1.#QNAN0
554.199085, 53.982397, 1.000000, -1.#QNAN0
554.268441, 53.966196, 1.000000, -1.#QNAN0
554.601971, 53.890302, 1.000000, -1.#QNAN0
554.671417, 53.874494, 1.000000, -1.#QNAN0
554.740863, 53.858685, 1.000000, -1.#QNAN0
554.810310, 53.842876, 1.000000, -1.#QNAN0
555.145146, 53.768429, 1.000000, -1.#QNAN0
555.214673, 53.752978, 1.000000, -1.#QNAN0
555.284200, 53.737528, 1.000000, -1.#QNAN0
555.353727, 53.722077, 1.000000, -1.#QNAN0
555.689345, 53.649128, 1.000000, -1.#QNAN0
555.758947, 53.634020, 1.000000, -1.#QNAN0
555.826031, 53.607311, 1.000000, -1.#QNAN0
555.895633, 53.592202, 1.000000, -1.#QNAN0
556.231980, 53.520707, 1.000000, -1.#QNAN0
556.301653, 53.505928, 1.000000, -1.#QNAN0
556.371326, 53.491150, 1.000000, -1.#QNAN0
556.438536, 53.464759, 1.000000, -1.#QNAN0
556.775773, 53.394595, 1.000000, -1.#QNAN0
556.845511, 53.380127, 1.000000, -1.#QNAN0
556.915249, 53.365658, 1.000000, -1.#QNAN0
556.982575, 53.339567, 1.000000, -1.#QNAN0
557.322512, 53.269969, 1.000000, -1.#QNAN0
557.392295, 53.255719, 1.000000, -1.#QNAN0
557.459703, 53.229838, 1.000000, -1.#QNAN0
557.529486, 53.215588, 1.000000, -1.#QNAN0
557.599269, 53.201338, 1.000000, -1.#QNAN0
557.944993, 53.130738, 1.000000, -1.#QNAN0
558.012400, 53.104858, 1.000000, -1.#QNAN0
558.079808, 53.078977, 1.000000, -1.#QNAN0
558.149591, 53.064727, 1.000000, -1.#QNAN0
558.492940, 52.982497, 1.000000, -1.#QNAN0
558.560348, 52.956616, 1.000000, -1.#QNAN0
558.630131, 52.942366, 1.000000, -1.#QNAN0
558.697539, 52.916485, 1.000000, -1.#QNAN0
559.043263, 52.845886, 1.000000, -1.#QNAN0
559.113046, 52.831636, 1.000000, -1.#QNAN0
559.180453, 52.805755, 1.000000, -1.#QNAN0
559.250236, 52.791505, 1.000000, -1.#QNAN0
559.593585, 52.709275, 1.000000, -1.#QNAN0
559.663368, 52.695025, 1.000000, -1.#QNAN0
559.730776, 52.669144, 1.000000, -1.#QNAN0
559.800559, 52.654894, 1.000000, -1.#QNAN0
560.143908, 52.572664, 1.000000, -1.#QNAN0
560.213691, 52.558414, 1.000000, -1.#QNAN0
560.283474, 52.544163, 1.000000, -1.#QNAN0
560.350882, 52.518283, 1.000000, -1.#QNAN0
560.696605, 52.447683, 1.000000, -1.#QNAN0
560.766388, 52.433433, 1.000000, -1.#QNAN0
560.836171, 52.419183, 1.000000, -1.#QNAN0
560.905954, 52.404933, 1.000000, -1.#QNAN0
560.975737, 52.390683, 1.000000, -1.#QNAN0
561.323836, 52.331714, 1.000000, -1.#QNAN0
561.393619, 52.317464, 1.000000, -1.#QNAN0
561.461026, 52.291583, 1.000000, -1.#QNAN0
561.530809, 52.277333, 1.000000, -1.#QNAN0
561.876534, 52.206733, 1.000000, -1.#QNAN0
561.946317, 52.192483, 1.000000, -1.#QNAN0
562.013724, 52.166602, 1.000000, -1.#QNAN0
562.083507, 52.152352, 1.000000, -1.#QNAN0
562.427231, 52.082161, 1.000000, -1.#QNAN0
562.494639, 52.056280, 1.000000, -1.#QNAN0
562.564422, 52.042030, 1.000000, -1.#QNAN0
562.634205, 52.027780, 1.000000, -1.#QNAN0
562.981510, 51.944742, 1.000000, -1.#QNAN0
563.051293, 51.930492, 1.000000, -1.#QNAN0
563.121076, 51.916242, 1.000000, -1.#QNAN0
563.190859, 51.901992, 1.000000, -1.#QNAN0
563.535458, 51.831622, 1.000000, -1.#QNAN0
563.607616, 51.829002, 1.000000, -1.#QNAN0
563.677399, 51.814752, 1.000000, -1.#QNAN0
563.747182, 51.800502, 1.000000, -1.#QNAN0
564.087310, 51.731045, 1.000000, -1.#QNAN0
564.157093, 51.716795, 1.000000, -1.#QNAN0
564.224501, 51.690914, 1.000000, -1.#QNAN0
564.294284, 51.676664, 1.000000, -1.#QNAN0
564.630565, 51.607993, 1.000000, -1.#QNAN0
564.700348, 51.593742, 1.000000, -1.#QNAN0
564.770131, 51.579492, 1.000000, -1.#QNAN0
564.839914, 51.565242, 1.000000, -1.#QNAN0
565.172987, 51.497226, 1.000000, -1.#QNAN0
565.242770, 51.482976, 1.000000, -1.#QNAN0
565.312553, 51.468726, 1.000000, -1.#QNAN0
565.384711, 51.466106, 1.000000, -1.#QNAN0
565.726855, 51.396237, 1.000000, -1.#QNAN0
565.796638, 51.381987, 1.000000, -1.#QNAN0
565.864046, 51.356107, 1.000000, -1.#QNAN0
565.933828, 51.341856, 1.000000, -1.#QNAN0
566.274626, 51.272263, 1.000000, -1.#QNAN0
566.342034, 51.246382, 1.000000, -1.#QNAN0
566.411817, 51.232132, 1.000000, -1.#QNAN0
566.483975, 51.229512, 1.000000, -1.#QNAN0
566.824773, 51.159919, 1.000000, -1.#QNAN0
566.894556, 51.145669, 1.000000, -1.#QNAN0
566.966713, 51.143049, 1.000000, -1.#QNAN0
567.036496, 51.128799, 1.000000, -1.#QNAN0
567.377294, 51.059205, 1.000000, -1.#QNAN0
567.444702, 51.033325, 1.000000, -1.#QNAN0
567.514485, 51.019075, 1.000000, -1.#QNAN0
567.855282, 50.949481, 1.000000, -1.#QNAN0
567.925065, 50.935231, 1.000000, -1.#QNAN0
567.994848, 50.920981, 1.000000, -1.#QNAN0
568.064631, 50.906731, 1.000000, -1.#QNAN0
568.405429, 50.837137, 1.000000, -1.#QNAN0
568.475212, 50.822887, 1.000000, -1.#QNAN0
568.544994, 50.808637, 1.000000, -1.#QNAN0
568.614777, 50.794386, 1.000000, -1.#QNAN0
568.957950, 50.736423, 1.000000, -1.#QNAN0
569.027733, 50.722173, 1.000000, -1.#QNAN0
569.097516, 50.707923, 1.000000, -1.#QNAN0
569.169673, 50.705303, 1.000000, -1.#QNAN0
569.510471, 50.635710, 1.000000, -1.#QNAN0
569.582629, 50.633090, 1.000000, -1.#QNAN0
569.652412, 50.618840, 1.000000, -1.#QNAN0
569.724570, 50.616220, 1.000000, -1.#QNAN0
570.054869, 50.550907, 1.000000, -1.#QNAN0
570.124741, 50.537099, 1.000000, -1.#QNAN0
570.196914, 50.534936, 1.000000, -1.#QNAN0
570.269087, 50.532774, 1.000000, -1.#QNAN0
570.575086, 50.491777, 1.000000, -1.#QNAN0
570.645245, 50.479514, 1.000000, -1.#QNAN0
570.717448, 50.478943, 1.000000, -1.#QNAN0
571.007236, 50.448613, 1.000000, -1.#QNAN0
571.077745, 50.438554, 1.000000, -1.#QNAN0
571.149931, 50.440248, 1.000000, -1.#QNAN0
571.220440, 50.430190, 1.000000, -1.#QNAN0
571.508782, 50.409855, 1.000000, -1.#QNAN0
571.579579, 50.402074, 1.000000, -1.#QNAN0
571.650376, 50.394293, 1.000000, -1.#QNAN0
571.719876, 50.374712, 1.000000, -1.#QNAN0
572.006415, 50.352581, 1.000000, -1.#QNAN0
572.077430, 50.347140, 1.000000, -1.#QNAN0
572.147538, 50.329864, 1.000000, -1.#QNAN0
572.219459, 50.336260, 1.000000, -1.#QNAN0
572.505317, 50.324274, 1.000000, -1.#QNAN0
572.576475, 50.321231, 1.000000, -1.#QNAN0
572.647633, 50.318187, 1.000000, -1.#QNAN0
572.718791, 50.315144, 1.000000, -1.#QNAN0
573.003797, 50.313415, 1.000000, -1.#QNAN0
573.075017, 50.312815, 1.000000, -1.#QNAN0
573.146238, 50.312216, 1.000000, -1.#QNAN0
573.217458, 50.311616, 1.000000, -1.#QNAN0
573.511206, 50.306789, 1.000000, -1.#QNAN0
573.582413, 50.308302, 1.000000, -1.#QNAN0
573.653620, 50.309815, 1.000000, -1.#QNAN0
573.978014, 50.308441, 1.000000, -1.#QNAN0
574.049195, 50.310882, 1.000000, -1.#QNAN0
574.120377, 50.313323, 1.000000, -1.#QNAN0
574.191965, 50.303900, 1.000000, -1.#QNAN0
574.539592, 50.315820, 1.000000, -1.#QNAN0
574.610773, 50.318261, 1.000000, -1.#QNAN0
574.681954, 50.320702, 1.000000, -1.#QNAN0
574.753135, 50.323143, 1.000000, -1.#QNAN0
575.100762, 50.335063, 1.000000, -1.#QNAN0
575.171943, 50.337504, 1.000000, -1.#QNAN0
575.243124, 50.339945, 1.000000, -1.#QNAN0
575.314305, 50.342385, 1.000000, -1.#QNAN0
575.661932, 50.354306, 1.000000, -1.#QNAN0
575.732706, 50.368610, 1.000000, -1.#QNAN0
575.803887, 50.371051, 1.000000, -1.#QNAN0
575.874662, 50.385355, 1.000000, -1.#QNAN0
576.222289, 50.397275, 1.000000, -1.#QNAN0
576.293063, 50.411580, 1.000000, -1.#QNAN0
576.364244, 50.414020, 1.000000, -1.#QNAN0
576.435018, 50.428325, 1.000000, -1.#QNAN0
576.782645, 50.440245, 1.000000, -1.#QNAN0
576.853419, 50.454549, 1.000000, -1.#QNAN0
576.924600, 50.456990, 1.000000, -1.#QNAN0
577.271820, 50.480774, 1.000000, -1.#QNAN0
577.343001, 50.483215, 1.000000, -1.#QNAN0
577.413776, 50.497519, 1.000000, -1.#QNAN0
577.484550, 50.511823, 1.000000, -1.#QNAN0
577.831770, 50.535607, 1.000000, -1.#QNAN0
577.902951, 50.538048, 1.000000, -1.#QNAN0
577.973726, 50.552352, 1.000000, -1.#QNAN0
578.044907, 50.554793, 1.000000, -1.#QNAN0
578.383349, 50.578276, 1.000000, -1.#QNAN0
578.454530, 50.580717, 1.000000, -1.#QNAN0
578.525711, 50.583158, 1.000000, -1.#QNAN0
578.596892, 50.585598, 1.000000, -1.#QNAN0
578.939305, 50.609217, 1.000000, -1.#QNAN0
579.010486, 50.611658, 1.000000, -1.#QNAN0
579.081667, 50.614099, 1.000000, -1.#QNAN0
579.152848, 50.616540, 1.000000, -1.#QNAN0
579.499655, 50.628432, 1.000000, -1.#QNAN0
579.570836, 50.630873, 1.000000, -1.#QNAN0
579.642017, 50.633314, 1.000000, -1.#QNAN0
579.713198, 50.635754, 1.000000, -1.#QNAN0
580.064006, 50.647784, 1.000000, -1.#QNAN0
580.135187, 50.650224, 1.000000, -1.#QNAN0
580.206368, 50.652665, 1.000000, -1.#QNAN0
580.277549, 50.655106, 1.000000, -1.#QNAN0
580.632374, 50.667273, 1.000000, -1.#QNAN0
580.703555, 50.669714, 1.000000, -1.#QNAN0
580.774736, 50.672155, 1.000000, -1.#QNAN0
580.846324, 50.662732, 1.000000, -1.#QNAN0
581.205182, 50.675037, 1.000000, -1.#QNAN0
581.276363, 50.677478, 1.000000, -1.#QNAN0
581.347544, 50.679919, 1.000000, -1.#QNAN0
581.418725, 50.682360, 1.000000, -1.#QNAN0
581.769358, 50.706261, 1.000000, -1.#QNAN0
581.840540, 50.708701, 1.000000, -1.#QNAN0
581.911721, 50.711142, 1.000000, -1.#QNAN0
581.982495, 50.725447, 1.000000, -1.#QNAN0
582.334427, 50.737514, 1.000000, -1.#QNAN0
582.405609, 50.739955, 1.000000, -1.#QNAN0
582.476790, 50.742396, 1.000000, -1.#QNAN0
582.547971, 50.744837, 1.000000, -1.#QNAN0
582.899904, 50.756905, 1.000000, -1.#QNAN0
582.971085, 50.759346, 1.000000, -1.#QNAN0
583.042266, 50.761786, 1.000000, -1.#QNAN0
583.113447, 50.764227, 1.000000, -1.#QNAN0
583.184628, 50.766668, 1.000000, -1.#QNAN0
583.536561, 50.778736, 1.000000, -1.#QNAN0
583.607335, 50.793040, 1.000000, -1.#QNAN0
583.678516, 50.795481, 1.000000, -1.#QNAN0
583.749697, 50.797922, 1.000000, -1.#QNAN0
584.101629, 50.809990, 1.000000, -1.#QNAN0
584.172811, 50.812431, 1.000000, -1.#QNAN0
584.243992, 50.814871, 1.000000, -1.#QNAN0
584.314766, 50.829176, 1.000000, -1.#QNAN0
584.666699, 50.841244, 1.000000, -1.#QNAN0
584.737880, 50.843684, 1.000000, -1.#QNAN0
584.808655, 50.857989, 1.000000, -1.#QNAN0
584.879836, 50.860430, 1.000000, -1.#QNAN0
585.231768, 50.872497, 1.000000, -1.#QNAN0
585.302949, 50.874938, 1.000000, -1.#QNAN0
585.374130, 50.877379, 1.000000, -1.#QNAN0
585.445311, 50.879820, 1.000000, -1.#QNAN0
585.797650, 50.880024, 1.000000, -1.#QNAN0
585.868832, 50.882465, 1.000000, -1.#QNAN0
585.940013, 50.884906, 1.000000, -1.#QNAN0
586.011194, 50.887347, 1.000000, -1.#QNAN0
586.354359, 50.900392, 1.000000, -1.#QNAN0
586.425988, 50.891286, 1.000000, -1.#QNAN0
586.497158, 50.894042, 1.000000, -1.#QNAN0
586.568327, 50.896798, 1.000000, -1.#QNAN0
586.639956, 50.887693, 1.000000, -1.#QNAN0
586.980866, 50.902835, 1.000000, -1.#QNAN0
587.052019, 50.905990, 1.000000, -1.#QNAN0
587.123172, 50.909144, 1.000000, -1.#QNAN0
587.194325, 50.912298, 1.000000, -1.#QNAN0
587.535427, 50.929247, 1.000000, -1.#QNAN0
587.606562, 50.932789, 1.000000, -1.#QNAN0
587.677697, 50.936331, 1.000000, -1.#QNAN0
587.748832, 50.939874, 1.000000, -1.#QNAN0
588.090065, 50.958592, 1.000000, -1.#QNAN0
588.161180, 50.962514, 1.000000, -1.#QNAN0
588.232295, 50.966436, 1.000000, -1.#QNAN0
588.303410, 50.970358, 1.000000, -1.#QNAN0
588.644763, 50.990812, 1.000000, -1.#QNAN0
588.715141, 51.006955, 1.000000, -1.#QNAN0
588.786234, 51.011248, 1.000000, -1.#QNAN0
588.856612, 51.027390, 1.000000, -1.#QNAN0
589.197950, 51.049539, 1.000000, -1.#QNAN0
589.268245, 51.066041, 1.000000, -1.#QNAN0
589.338539, 51.082544, 1.000000, -1.#QNAN0
589.408834, 51.099046, 1.000000, -1.#QNAN0
589.751272, 51.122764, 1.000000, -1.#QNAN0
589.821493, 51.139577, 1.000000, -1.#QNAN0
589.892542, 51.144548, 1.000000, -1.#QNAN0
589.963591, 51.149520, 1.000000, -1.#QNAN0
590.033812, 51.166333, 1.000000, -1.#QNAN0
590.383191, 51.191107, 1.000000, -1.#QNAN0
590.453396, 51.207985, 1.000000, -1.#QNAN0
590.524440, 51.213022, 1.000000, -1.#QNAN0
590.595485, 51.218060, 1.000000, -1.#QNAN0
590.946742, 51.242966, 1.000000, -1.#QNAN0
591.017787, 51.248004, 1.000000, -1.#QNAN0
591.088831, 51.253041, 1.000000, -1.#QNAN0
591.160716, 51.246238, 1.000000, -1.#QNAN0
591.511973, 51.271144, 1.000000, -1.#QNAN0
591.583018, 51.276181, 1.000000, -1.#QNAN0
591.654063, 51.281219, 1.000000, -1.#QNAN0
591.725107, 51.286256, 1.000000, -1.#QNAN0
592.075525, 51.323003, 1.000000, -1.#QNAN0
592.146569, 51.328041, 1.000000, -1.#QNAN0
592.217614, 51.333078, 1.000000, -1.#QNAN0
592.288659, 51.338116, 1.000000, -1.#QNAN0
592.639916, 51.363022, 1.000000, -1.#QNAN0
592.711800, 51.356219, 1.000000, -1.#QNAN0
592.782845, 51.361256, 1.000000, -1.#QNAN0
592.854729, 51.354453, 1.000000, -1.#QNAN0
593.205987, 51.379359, 1.000000, -1.#QNAN0
593.277871, 51.372556, 1.000000, -1.#QNAN0
593.348915, 51.377593, 1.000000, -1.#QNAN0
593.419960, 51.382631, 1.000000, -1.#QNAN0
593.491844, 51.375827, 1.000000, -1.#QNAN0
593.843101, 51.400734, 1.000000, -1.#QNAN0
593.914146, 51.405771, 1.000000, -1.#QNAN0
593.985191, 51.410809, 1.000000, -1.#QNAN0
594.057075, 51.404005, 1.000000, -1.#QNAN0
594.408332, 51.428911, 1.000000, -1.#QNAN0
594.479377, 51.433949, 1.000000, -1.#QNAN0
594.550421, 51.438986, 1.000000, -1.#QNAN0
594.621466, 51.444024, 1.000000, -1.#QNAN0
594.972724, 51.468930, 1.000000, -1.#QNAN0
595.043768, 51.473967, 1.000000, -1.#QNAN0
595.114813, 51.479005, 1.000000, -1.#QNAN0
595.185858, 51.484042, 1.000000, -1.#QNAN0
595.537875, 51.509002, 1.000000, -1.#QNAN0
595.608919, 51.514040, 1.000000, -1.#QNAN0
595.679964, 51.519077, 1.000000, -1.#QNAN0
595.751848, 51.512274, 1.000000, -1.#QNAN0
596.104812, 51.537301, 1.000000, -1.#QNAN0
596.175856, 51.542339, 1.000000, -1.#QNAN0
596.246901, 51.547376, 1.000000, -1.#QNAN0
596.317106, 51.564255, 1.000000, -1.#QNAN0
596.671026, 51.589350, 1.000000, -1.#QNAN0
596.742071, 51.594387, 1.000000, -1.#QNAN0
596.813116, 51.599424, 1.000000, -1.#QNAN0
596.885000, 51.592621, 1.000000, -1.#QNAN0
596.956045, 51.597659, 1.000000, -1.#QNAN0
597.311770, 51.610981, 1.000000, -1.#QNAN0
597.382814, 51.616019, 1.000000, -1.#QNAN0
597.453859, 51.621056, 1.000000, -1.#QNAN0
597.524904, 51.626094, 1.000000, -1.#QNAN0
597.880764, 51.651326, 1.000000, -1.#QNAN0
597.952648, 51.644523, 1.000000, -1.#QNAN0
598.023693, 51.649560, 1.000000, -1.#QNAN0
598.094738, 51.654598, 1.000000, -1.#QNAN0
598.451583, 51.679900, 1.000000, -1.#QNAN0
598.522628, 51.684938, 1.000000, -1.#QNAN0
598.593672, 51.689975, 1.000000, -1.#QNAN0
598.664717, 51.695013, 1.000000, -1.#QNAN0
599.023395, 51.708545, 1.000000, -1.#QNAN0
599.094439, 51.713582, 1.000000, -1.#QNAN0
599.165484, 51.718620, 1.000000, -1.#QNAN0
599.236529, 51.723657, 1.000000, -1.#QNAN0
599.594557, 51.749044, 1.000000, -1.#QNAN0
599.665602, 51.754081, 1.000000, -1.#QNAN0
599.736646, 51.759118, 1.000000, -1.#QNAN0
599.807691, 51.764156, 1.000000, -1.#QNAN0
600.165720, 51.789542, 1.000000, -1.#QNAN0
600.236764, 51.794580, 1.000000, -1.#QNAN0
600.307809, 51.799617, 1.000000, -1.#QNAN0
600.378854, 51.804655, 1.000000, -1.#QNAN0
600.449059, 51.821533, 1.000000, -1.#QNAN0
600.807087, 51.846919, 1.000000, -1.#QNAN0
600.878132, 51.851957, 1.000000, -1.#QNAN0
600.949176, 51.856994, 1.000000, -1.#QNAN0
601.020221, 51.862032, 1.000000, -1.#QNAN0
601.377410, 51.899259, 1.000000, -1.#QNAN0
601.448454, 51.904296, 1.000000, -1.#QNAN0
601.520338, 51.897493, 1.000000, -1.#QNAN0
601.591383, 51.902530, 1.000000, -1.#QNAN0
601.949412, 51.927917, 1.000000, -1.#QNAN0
602.020457, 51.932954, 1.000000, -1.#QNAN0
602.091501, 51.937992, 1.000000, -1.#QNAN0
602.162546, 51.943029, 1.000000, -1.#QNAN0
602.520574, 51.968415, 1.000000, -1.#QNAN0
602.592458, 51.961612, 1.000000, -1.#QNAN0
602.663503, 51.966650, 1.000000, -1.#QNAN0
602.734548, 51.971687, 1.000000, -1.#QNAN0
603.090808, 51.997230, 1.000000, -1.#QNAN0
603.161848, 52.002332, 1.000000, -1.#QNAN0
603.232888, 52.007433, 1.000000, -1.#QNAN0
603.303928, 52.012535, 1.000000, -1.#QNAN0
603.655012, 52.038801, 1.000000, -1.#QNAN0
603.726034, 52.044155, 1.000000, -1.#QNAN0
603.797055, 52.049509, 1.000000, -1.#QNAN0
603.868077, 52.054862, 1.000000, -1.#QNAN0
603.938206, 52.072053, 1.000000, -1.#QNAN0
604.288069, 52.099881, 1.000000, -1.#QNAN0
604.359068, 52.105525, 1.000000, -1.#QNAN0
604.431008, 52.099336, 1.000000, -1.#QNAN0
604.502007, 52.104980, 1.000000, -1.#QNAN0
604.852835, 52.122360, 1.000000, -1.#QNAN0
604.923810, 52.128293, 1.000000, -1.#QNAN0
604.994786, 52.134226, 1.000000, -1.#QNAN0
605.065761, 52.140158, 1.000000, -1.#QNAN0
605.415570, 52.170743, 1.000000, -1.#QNAN0
605.486521, 52.176963, 1.000000, -1.#QNAN0
605.558509, 52.171358, 1.000000, -1.#QNAN0
605.629460, 52.177578, 1.000000, -1.#QNAN0
605.979233, 52.209532, 1.000000, -1.#QNAN0
606.050158, 52.216037, 1.000000, -1.#QNAN0
606.121084, 52.222543, 1.000000, -1.#QNAN0
606.192009, 52.229049, 1.000000, -1.#QNAN0
606.540563, 52.274177, 1.000000, -1.#QNAN0
606.611462, 52.280967, 1.000000, -1.#QNAN0
606.682360, 52.287756, 1.000000, -1.#QNAN0
606.753259, 52.294546, 1.000000, -1.#QNAN0
607.104760, 52.329096, 1.000000, -1.#QNAN0
607.175638, 52.336097, 1.000000, -1.#QNAN0
607.246516, 52.343098, 1.000000, -1.#QNAN0
607.318561, 52.338286, 1.000000, -1.#QNAN0
607.389439, 52.345287, 1.000000, -1.#QNAN0
607.746793, 52.368844, 1.000000, -1.#QNAN0
607.817667, 52.375882, 1.000000, -1.#QNAN0
607.888542, 52.382919, 1.000000, -1.#QNAN0
607.959416, 52.389957, 1.000000, -1.#QNAN0
608.315414, 52.437237, 1.000000, -1.#QNAN0
608.386288, 52.444274, 1.000000, -1.#QNAN0
608.457163, 52.451312, 1.000000, -1.#QNAN0
608.528037, 52.458350, 1.000000, -1.#QNAN0
608.885208, 52.493817, 1.000000, -1.#QNAN0
608.957255, 52.489043, 1.000000, -1.#QNAN0
609.029303, 52.484268, 1.000000, -1.#QNAN0
609.101350, 52.479494, 1.000000, -1.#QNAN0
609.458521, 52.514961, 1.000000, -1.#QNAN0
609.530568, 52.510186, 1.000000, -1.#QNAN0
609.601443, 52.517224, 1.000000, -1.#QNAN0
609.672317, 52.524262, 1.000000, -1.#QNAN0
610.029487, 52.559729, 1.000000, -1.#QNAN0
610.099189, 52.578579, 1.000000, -1.#QNAN0
610.171236, 52.573804, 1.000000, -1.#QNAN0
610.242111, 52.580842, 1.000000, -1.#QNAN0
610.599282, 52.616309, 1.000000, -1.#QNAN0
610.670156, 52.623347, 1.000000, -1.#QNAN0
610.739858, 52.642197, 1.000000, -1.#QNAN0
610.809559, 52.661048, 1.000000, -1.#QNAN0
610.880434, 52.668086, 1.000000, -1.#QNAN0
611.237604, 52.703553, 1.000000, -1.#QNAN0
611.308479, 52.710590, 1.000000, -1.#QNAN0
611.379353, 52.717628, 1.000000, -1.#QNAN0
611.450227, 52.724666, 1.000000, -1.#QNAN0
611.807398, 52.760133, 1.000000, -1.#QNAN0
611.878272, 52.767171, 1.000000, -1.#QNAN0
611.949147, 52.774209, 1.000000, -1.#QNAN0
612.020021, 52.781247, 1.000000, -1.#QNAN0
612.377192, 52.816714, 1.000000, -1.#QNAN0
612.445721, 52.847376, 1.000000, -1.#QNAN0
612.516595, 52.854414, 1.000000, -1.#QNAN0
612.587470, 52.861452, 1.000000, -1.#QNAN0
612.944640, 52.896919, 1.000000, -1.#QNAN0
613.014342, 52.915769, 1.000000, -1.#QNAN0
613.085216, 52.922807, 1.000000, -1.#QNAN0
613.156091, 52.929845, 1.000000, -1.#QNAN0
613.516441, 52.965628, 1.000000, -1.#QNAN0
613.586143, 52.984478, 1.000000, -1.#QNAN0
613.657017, 52.991516, 1.000000, -1.#QNAN0
613.727891, 52.998554, 1.000000, -1.#QNAN0
614.091521, 53.034662, 1.000000, -1.#QNAN0
614.162396, 53.041700, 1.000000, -1.#QNAN0
614.232097, 53.060550, 1.000000, -1.#QNAN0
614.302971, 53.067588, 1.000000, -1.#QNAN0
614.373846, 53.074626, 1.000000, -1.#QNAN0
614.740754, 53.111060, 1.000000, -1.#QNAN0
614.811628, 53.118098, 1.000000, -1.#QNAN0
614.881329, 53.136948, 1.000000, -1.#QNAN0
614.952204, 53.143986, 1.000000, -1.#QNAN0
615.322390, 53.180745, 1.000000, -1.#QNAN0
615.393265, 53.187783, 1.000000, -1.#QNAN0
615.464139, 53.194821, 1.000000, -1.#QNAN0
615.535014, 53.201859, 1.000000, -1.#QNAN0
615.896667, 53.237771, 1.000000, -1.#QNAN0
615.966369, 53.256621, 1.000000, -1.#QNAN0
616.037243, 53.263659, 1.000000, -1.#QNAN0
616.108117, 53.270697, 1.000000, -1.#QNAN0
616.474222, 53.295123, 1.000000, -1.#QNAN0
616.545097, 53.302160, 1.000000, -1.#QNAN0
616.615971, 53.309198, 1.000000, -1.#QNAN0
616.686846, 53.316236, 1.000000, -1.#QNAN0
616.757720, 53.323274, 1.000000, -1.#QNAN0
617.125931, 53.359837, 1.000000, -1.#QNAN0
617.196805, 53.366875, 1.000000, -1.#QNAN0
617.266507, 53.385725, 1.000000, -1.#QNAN0
617.336208, 53.404576, 1.000000, -1.#QNAN0
617.704518, 53.441149, 1.000000, -1.#QNAN0
617.775393, 53.448187, 1.000000, -1.#QNAN0
617.846267, 53.455224, 1.000000, -1.#QNAN0
617.915969, 53.474075, 1.000000, -1.#QNAN0
618.284278, 53.510648, 1.000000, -1.#QNAN0
618.355152, 53.517686, 1.000000, -1.#QNAN0
618.426027, 53.524723, 1.000000, -1.#QNAN0
618.496901, 53.531761, 1.000000, -1.#QNAN0
618.567776, 53.538799, 1.000000, -1.#QNAN0
618.936085, 53.575372, 1.000000, -1.#QNAN0
619.005786, 53.594223, 1.000000, -1.#QNAN0
619.076661, 53.601260, 1.000000, -1.#QNAN0
619.147535, 53.608298, 1.000000, -1.#QNAN0
619.515845, 53.644871, 1.000000, -1.#QNAN0
619.586720, 53.651909, 1.000000, -1.#QNAN0
619.657594, 53.658947, 1.000000, -1.#QNAN0
619.728469, 53.665985, 1.000000, -1.#QNAN0
620.095605, 53.714370, 1.000000, -1.#QNAN0
620.166479, 53.721408, 1.000000, -1.#QNAN0
620.237354, 53.728446, 1.000000, -1.#QNAN0
620.308228, 53.735484, 1.000000, -1.#QNAN0
620.379103, 53.742522, 1.000000, -1.#QNAN0
620.747412, 53.779095, 1.000000, -1.#QNAN0
620.818286, 53.786133, 1.000000, -1.#QNAN0
620.889161, 53.793171, 1.000000, -1.#QNAN0
620.960035, 53.800208, 1.000000, -1.#QNAN0
621.327804, 53.848550, 1.000000, -1.#QNAN0
621.398680, 53.855566, 1.000000, -1.#QNAN0
621.469557, 53.862582, 1.000000, -1.#QNAN0
621.540434, 53.869598, 1.000000, -1.#QNAN0
621.908512, 53.917816, 1.000000, -1.#QNAN0
621.979392, 53.924801, 1.000000, -1.#QNAN0
622.050272, 53.931785, 1.000000, -1.#QNAN0
622.121151, 53.938769, 1.000000, -1.#QNAN0
622.193195, 53.933940, 1.000000, -1.#QNAN0
622.562448, 53.970158, 1.000000, -1.#QNAN0
622.633331, 53.977111, 1.000000, -1.#QNAN0
622.704214, 53.984064, 1.000000, -1.#QNAN0
622.775097, 53.991016, 1.000000, -1.#QNAN0
623.143197, 54.038896, 1.000000, -1.#QNAN0
623.214083, 54.045818, 1.000000, -1.#QNAN0
623.284969, 54.052740, 1.000000, -1.#QNAN0
623.355855, 54.059661, 1.000000, -1.#QNAN0
623.723964, 54.107392, 1.000000, -1.#QNAN0
623.794853, 54.114283, 1.000000, -1.#QNAN0
623.864593, 54.132988, 1.000000, -1.#QNAN0
623.935482, 54.139879, 1.000000, -1.#QNAN0
624.005223, 54.158585, 1.000000, -1.#QNAN0
624.374499, 54.194324, 1.000000, -1.#QNAN0
624.445391, 54.201185, 1.000000, -1.#QNAN0
624.516282, 54.208046, 1.000000, -1.#QNAN0
624.587174, 54.214907, 1.000000, -1.#QNAN0
624.955312, 54.262316, 1.000000, -1.#QNAN0
625.026207, 54.269147, 1.000000, -1.#QNAN0
625.095963, 54.287794, 1.000000, -1.#QNAN0
625.166857, 54.294626, 1.000000, -1.#QNAN0
625.534304, 54.341932, 1.000000, -1.#QNAN0
625.605199, 54.348758, 1.000000, -1.#QNAN0
625.674956, 54.367399, 1.000000, -1.#QNAN0
625.745852, 54.374225, 1.000000, -1.#QNAN0
625.817884, 54.369235, 1.000000, -1.#QNAN0
626.186306, 54.404705, 1.000000, -1.#QNAN0
626.257201, 54.411531, 1.000000, -1.#QNAN0
626.328096, 54.418356, 1.000000, -1.#QNAN0
626.397854, 54.436998, 1.000000, -1.#QNAN0
626.766272, 54.472468, 1.000000, -1.#QNAN0
626.837167, 54.479293, 1.000000, -1.#QNAN0
626.908062, 54.486119, 1.000000, -1.#QNAN0
626.978957, 54.492944, 1.000000, -1.#QNAN0
627.347374, 54.528414, 1.000000, -1.#QNAN0
627.418270, 54.535240, 1.000000, -1.#QNAN0
627.488027, 54.553881, 1.000000, -1.#QNAN0
627.558922, 54.560707, 1.000000, -1.#QNAN0
627.629818, 54.567532, 1.000000, -1.#QNAN0
627.998235, 54.603002, 1.000000, -1.#QNAN0
628.069130, 54.609828, 1.000000, -1.#QNAN0
628.140025, 54.616653, 1.000000, -1.#QNAN0
628.209783, 54.635295, 1.000000, -1.#QNAN0
628.578201, 54.670765, 1.000000, -1.#QNAN0
628.647958, 54.689406, 1.000000, -1.#QNAN0
628.718853, 54.696232, 1.000000, -1.#QNAN0
628.789749, 54.703057, 1.000000, -1.#QNAN0
629.158166, 54.738527, 1.000000, -1.#QNAN0
629.229061, 54.745353, 1.000000, -1.#QNAN0
629.298819, 54.763994, 1.000000, -1.#QNAN0
629.369714, 54.770820, 1.000000, -1.#QNAN0
629.440609, 54.777645, 1.000000, -1.#QNAN0
629.809026, 54.813115, 1.000000, -1.#QNAN0
629.878784, 54.831757, 1.000000, -1.#QNAN0
629.950817, 54.826766, 1.000000, -1.#QNAN0
630.021712, 54.833592, 1.000000, -1.#QNAN0
630.392803, 54.869319, 1.000000, -1.#QNAN0
630.464836, 54.864329, 1.000000, -1.#QNAN0
630.535731, 54.871154, 1.000000, -1.#QNAN0
630.606627, 54.877980, 1.000000, -1.#QNAN0
630.988076, 54.902779, 1.000000, -1.#QNAN0
523.283848, 63.107537, -1.000000, 0.000000
523.344437, 63.070097, -1.000000, 0.000000
523.405026, 63.032658, -1.000000, 0.000000
523.677020, 62.864762, -1.000000, 0.000000
523.737627, 62.827353, -1.000000, 0.000000
523.798235, 62.789944, -1.000000, 0.000000
523.858843, 62.752536, -1.000000, 0.000000
524.131972, 62.586531, -1.000000, 0.000000
524.192836, 62.549539, -1.000000, 0.000000
524.253699, 62.512547, -1.000000, 0.000000
524.529501, 62.351036, -1.000000, 0.000000
524.591064, 62.315220, -1.000000, 0.000000
524.652627, 62.279405, -1.000000, 0.000000
524.714189, 62.243589, -1.000000, 0.000000
524.993277, 62.087819, -1.000000, 0.000000
525.055519, 62.053196, -1.000000, 0.000000
525.117760, 62.018573, -1.000000, 0.000000
525.180001, 61.983950, -1.000000, 0.000000
525.462263, 61.833998, -1.000000, 0.000000
525.525161, 61.800583, -1.000000, 0.000000
525.588059, 61.767169, -1.000000, 0.000000
525.872743, 61.621882, -1.000000, 0.000000
525.936275, 61.589689, -1.000000, 0.000000
525.999806, 61.557495, -1.000000, 0.000000
526.063338, 61.525302, -1.000000, 0.000000
526.350977, 61.385951, -1.000000, 0.000000
526.415118, 61.354990, -1.000000, 0.000000
526.479260, 61.324029, -1.000000, 0.000000
526.543402, 61.293068, -1.000000, 0.000000
526.833802, 61.159550, -1.000000, 0.000000
526.898513, 61.129797, -1.000000, 0.000000
526.963224, 61.100045, -1.000000, 0.000000
527.255015, 60.969558, -1.000000, 0.000000
527.320085, 60.940601, -1.000000, 0.000000
527.385156, 60.911644, -1.000000, 0.000000
527.450227, 60.882687, -1.000000, 0.000000
527.742257, 60.752730, -1.000000, 0.000000
527.807327, 60.723773, -1.000000, 0.000000
527.872398, 60.694816, -1.000000, 0.000000
527.937469, 60.665858, -1.000000, 0.000000
528.229499, 60.535902, -1.000000, 0.000000
528.294569, 60.506945, -1.000000, 0.000000
528.359640, 60.477987, -1.000000, 0.000000
528.651670, 60.348031, -1.000000, 0.000000
528.716741, 60.319073, -1.000000, 0.000000
528.781812, 60.290116, -1.000000, 0.000000
528.846882, 60.261159, -1.000000, 0.000000
529.138912, 60.131202, -1.000000, 0.000000
529.203983, 60.102245, -1.000000, 0.000000
529.269054, 60.073288, -1.000000, 0.000000
529.334124, 60.044331, -1.000000, 0.000000
529.626154, 59.914374, -1.000000, 0.000000
529.691225, 59.885417, -1.000000, 0.000000
529.756296, 59.856460, -1.000000, 0.000000
530.048326, 59.726503, -1.000000, 0.000000
530.113397, 59.697546, -1.000000, 0.000000
530.178467, 59.668588, -1.000000, 0.000000
530.243538, 59.639631, -1.000000, 0.000000
530.535568, 59.509675, -1.000000, 0.000000
530.600638, 59.480717, -1.000000, 0.000000
530.665709, 59.451760, -1.000000, 0.000000
530.730780, 59.422803, -1.000000, 0.000000
531.024292, 59.292187, -1.000000, 0.000000
531.089363, 59.263229, -1.000000, 0.000000
531.154434, 59.234272, -1.000000, 0.000000
531.449767, 59.102846, -1.000000, 0.000000
531.514838, 59.073888, -1.000000, 0.000000
531.579908, 59.044931, -1.000000, 0.000000
531.644979, 59.015974, -1.000000, 0.000000
531.942466, 58.883589, -1.000000, 0.000000
532.007537, 58.854632, -1.000000, 0.000000
532.072607, 58.825674, -1.000000, 0.000000
532.137678, 58.796717, -1.000000, 0.000000
532.437648, 58.663227, -1.000000, 0.000000
532.502719, 58.634270, -1.000000, 0.000000
532.567790, 58.605313, -1.000000, 0.000000
532.870568, 58.470573, -1.000000, 0.000000
532.935638, 58.441616, -1.000000, 0.000000
533.000709, 58.412659, -1.000000, 0.000000
533.065780, 58.383701, -1.000000, 0.000000
533.371683, 58.247571, -1.000000, 0.000000
533.436754, 58.218614, -1.000000, 0.000000
533.501824, 58.189656, -1.000000, 0.000000
533.566895, 58.160699, -1.000000, 0.000000
533.865391, 58.027865, -1.000000, 0.000000
533.930462, 57.998908, -1.000000, 0.000000
533.995533, 57.969951, -1.000000, 0.000000
534.294030, 57.837116, -1.000000, 0.000000
534.359100, 57.808159, -1.000000, 0.000000
534.424171, 57.779202, -1.000000, 0.000000
534.489242, 57.750244, -1.000000, 0.000000
534.787738, 57.617410, -1.000000, 0.000000
534.852809, 57.588453, -1.000000, 0.000000
534.917879, 57.559496, -1.000000, 0.000000
534.982950, 57.530539, -1.000000, 0.000000
535.281446, 57.397704, -1.000000, 0.000000
535.346517, 57.368747, -1.000000, 0.000000
535.411588, 57.339790, -1.000000, 0.000000
535.476658, 57.310833, -1.000000, 0.000000
535.775155, 57.177998, -1.000000, 0.000000
535.840226, 57.149041, -1.000000, 0.000000
535.905297, 57.120084, -1.000000, 0.000000
535.970367, 57.091127, -1.000000, 0.000000
536.268864, 56.958292, -1.000000, 0.000000
536.333934, 56.929335, -1.000000, 0.000000
536.399005, 56.900378, -1.000000, 0.000000
536.464076, 56.871421, -1.000000, 0.000000
536.762572, 56.738586, -1.000000, 0.000000
536.827643, 56.709629, -1.000000, 0.000000
536.892713, 56.680672, -1.000000, 0.000000
537.191210, 56.547838, -1.000000, 0.000000
537.256281, 56.518880, -1.000000, 0.000000
537.321352, 56.489923, -1.000000, 0.000000
537.386422, 56.460966, -1.000000, 0.000000
537.684918, 56.328132, -1.000000, 0.000000
537.749989, 56.299175, -1.000000, 0.000000
537.815060, 56.270217, -1.000000, 0.000000
537.880131, 56.241260, -1.000000, 0.000000
538.180892, 56.113750, -1.000000, 0.000000
538.246526, 56.086092, -1.000000, 0.000000
538.312159, 56.058434, -1.000000, 0.000000
538.377793, 56.030776, -1.000000, 0.000000
538.681993, 55.911696, -1.000000, 0.000000
538.748368, 55.885868, -1.000000, 0.000000
538.814743, 55.860040, -1.000000, 0.000000
538.881118, 55.834211, -1.000000, 0.000000
539.188585, 55.723817, -1.000000, 0.000000
539.255642, 55.699816, -1.000000, 0.000000
539.322699, 55.675815, -1.000000, 0.000000
539.389756, 55.651814, -1.000000, 0.000000
539.700200, 55.550069, -1.000000, 0.000000
539.767881, 55.527887, -1.000000, 0.000000
539.835562, 55.505705, -1.000000, 0.000000
540.148132, 55.410737, -1.000000, 0.000000
540.216378, 55.390361, -1.000000, 0.000000
540.284624, 55.369985, -1.000000, 0.000000
540.352870, 55.349609, -1.000000, 0.000000
540.667906, 55.263152, -1.000000, 0.000000
540.736660, 55.244564, -1.000000, 0.000000
540.805415, 55.225975, -1.000000, 0.000000
540.874169, 55.207386, -1.000000, 0.000000
541.191396, 55.129330, -1.000000, 0.000000
541.260603, 55.112506, -1.000000, 0.000000
541.329810, 55.095681, -1.000000, 0.000000
541.399018, 55.078856, -1.000000, 0.000000
541.716737, 55.002698, -1.000000, 0.000000
541.786002, 54.986114, -1.000000, 0.000000
541.855267, 54.969529, -1.000000, 0.000000
541.924532, 54.952945, -1.000000, 0.000000
542.242270, 54.876867, -1.000000, 0.000000
542.311536, 54.860282, -1.000000, 0.000000
542.380801, 54.843698, -1.000000, 0.000000
542.450066, 54.827113, -1.000000, 0.000000
542.767804, 54.751036, -1.000000, 0.000000
542.837069, 54.734451, -1.000000, 0.000000
542.906335, 54.717867, -1.000000, 0.000000
543.224073, 54.641789, -1.000000, 0.000000
543.293338, 54.625204, -1.000000, 0.000000
543.362604, 54.608620, -1.000000, 0.000000
543.431869, 54.592035, -1.000000, 0.000000
543.749607, 54.515957, -1.000000, 0.000000
543.818872, 54.499373, -1.000000, 0.000000
543.888137, 54.482788, -1.000000, 0.000000
543.957402, 54.466204, -1.000000, 0.000000
544.275140, 54.390126, -1.000000, 0.000000
544.344406, 54.373541, -1.000000, 0.000000
544.413671, 54.356957, -1.000000, 0.000000
544.482936, 54.340372, -1.000000, 0.000000
544.800675, 54.264294, -1.000000, 0.000000
544.869940, 54.247710, -1.000000, 0.000000
544.939205, 54.231125, -1.000000, 0.000000
545.008470, 54.214541, -1.000000, 0.000000
545.327241, 54.138215, -1.000000, 0.000000
545.396506, 54.121631, -1.000000, 0.000000
545.465772, 54.105046, -1.000000, 0.000000
545.535037, 54.088462, -1.000000, 0.000000
545.860701, 54.010486, -1.000000, 0.000000
545.929967, 53.993902, -1.000000, 0.000000
545.999232, 53.977317, -1.000000, 0.000000
546.331804, 53.897687, -1.000000, 0.000000
546.401069, 53.881103, -1.000000, 0.000000
546.470335, 53.864518, -1.000000, 0.000000
546.539600, 53.847934, -1.000000, 0.000000
546.879092, 53.766647, -1.000000, 0.000000
546.948357, 53.750063, -1.000000, 0.000000
547.017622, 53.733478, -1.000000, 0.000000
547.086888, 53.716894, -1.000000, 0.000000
547.421768, 53.636711, -1.000000, 0.000000
547.491033, 53.620127, -1.000000, 0.000000
547.560299, 53.603542, -1.000000, 0.000000
547.629564, 53.586958, -1.000000, 0.000000
547.971390, 53.505112, -1.000000, 0.000000
548.040655, 53.488528, -1.000000, 0.000000
548.109920, 53.471943, -1.000000, 0.000000
548.179185, 53.455359, -1.000000, 0.000000
548.527967, 53.371848, -1.000000, 0.000000
548.597232, 53.355264, -1.000000, 0.000000
548.666497, 53.338679, -1.000000, 0.000000
548.735763, 53.322094, -1.000000, 0.000000
549.078922, 53.239930, -1.000000, 0.000000
549.148187, 53.223345, -1.000000, 0.000000
549.217452, 53.206761, -1.000000, 0.000000
549.286717, 53.190176, -1.000000, 0.000000
549.629877, 53.108012, -1.000000, 0.000000
549.699142, 53.091427, -1.000000, 0.000000
549.768407, 53.074843, -1.000000, 0.000000
549.837673, 53.058258, -1.000000, 0.000000
550.180832, 52.976094, -1.000000, 0.000000
550.250097, 52.959509, -1.000000, 0.000000
550.319362, 52.942925, -1.000000, 0.000000
550.388627, 52.926340, -1.000000, 0.000000
550.457893, 52.909755, -1.000000, 0.000000
550.801052, 52.827591, -1.000000, 0.000000
550.870317, 52.811006, -1.000000, 0.000000
550.939582, 52.794422, -1.000000, 0.000000
551.008847, 52.777837, -1.000000, 0.000000
551.352007, 52.695673, -1.000000, 0.000000
551.421272, 52.679088, -1.000000, 0.000000
551.490537, 52.662504, -1.000000, 0.000000
551.559803, 52.645919, -1.000000, 0.000000
551.902962, 52.563755, -1.000000, 0.000000
551.972227, 52.547170, -1.000000, 0.000000
552.041492, 52.530585, -1.000000, 0.000000
552.110757, 52.514001, -1.000000, 0.000000
552.453916, 52.431836, -1.000000, 0.000000
552.523182, 52.415252, -1.000000, 0.000000
552.592447, 52.398667, -1.000000, 0.000000
552.661712, 52.382083, -1.000000, 0.000000
553.004918, 52.300113, -1.000000, 0.000000
553.074194, 52.283574, -1.000000, 0.000000
553.143471, 52.267035, -1.000000, 0.000000
553.212747, 52.250496, -1.000000, 0.000000
553.556288, 52.169950, -1.000000, 0.000000
553.625644, 52.153749, -1.000000, 0.000000
553.695000, 52.137548, -1.000000, 0.000000
553.764356, 52.121347, -1.000000, 0.000000
553.833712, 52.105145, -1.000000, 0.000000
554.177768, 52.026824, -1.000000, 0.000000
554.247214, 52.011016, -1.000000, 0.000000
554.316661, 51.995207, -1.000000, 0.000000
554.386107, 51.979398, -1.000000, 0.000000
554.730549, 51.902791, -1.000000, 0.000000
554.800076, 51.887340, -1.000000, 0.000000
554.869603, 51.871889, -1.000000, 0.000000
554.939130, 51.856438, -1.000000, 0.000000
555.283932, 51.781472, -1.000000, 0.000000
555.353534, 51.766364, -1.000000, 0.000000
555.423136, 51.751255, -1.000000, 0.000000
555.492738, 51.736147, -1.000000, 0.000000
555.837881, 51.662764, -1.000000, 0.000000
555.907554, 51.647985, -1.000000, 0.000000
555.977227, 51.633206, -1.000000, 0.000000
556.046899, 51.618428, -1.000000, 0.000000
556.392357, 51.546540, -1.000000, 0.000000
556.462095, 51.532071, -1.000000, 0.000000
556.531833, 51.517603, -1.000000, 0.000000
556.601571, 51.503134, -1.000000, 0.000000
556.947257, 51.432353, -1.000000, 0.000000
557.017040, 51.418103, -1.000000, 0.000000
557.086823, 51.403853, -1.000000, 0.000000
557.156606, 51.389602, -1.000000, 0.000000
557.226389, 51.375352, -1.000000, 0.000000
557.572113, 51.304753, -1.000000, 0.000000
557.641895, 51.290503, -1.000000, 0.000000
557.711678, 51.276252, -1.000000, 0.000000
557.781461, 51.262002, -1.000000, 0.000000
558.127186, 51.191403, -1.000000, 0.000000
558.196968, 51.177153, -1.000000, 0.000000
558.266751, 51.162902, -1.000000, 0.000000
558.336534, 51.148652, -1.000000, 0.000000
558.682258, 51.078053, -1.000000, 0.000000
558.752041, 51.063803, -1.000000, 0.000000
558.821824, 51.049552, -1.000000, 0.000000
558.891607, 51.035302, -1.000000, 0.000000
559.237330, 50.964703, -1.000000, 0.000000
559.307113, 50.950453, -1.000000, 0.000000
559.376896, 50.936202, -1.000000, 0.000000
559.446679, 50.921952, -1.000000, 0.000000
559.792403, 50.851353, -1.000000, 0.000000
559.862186, 50.837103, -1.000000, 0.000000
559.931969, 50.822852, -1.000000, 0.000000
560.001752, 50.808602, -1.000000, 0.000000
560.347476, 50.738003, -1.000000, 0.000000
560.417259, 50.723753, -1.000000, 0.000000
560.487041, 50.709502, -1.000000, 0.000000
560.556824, 50.695252, -1.000000, 0.000000
560.626607, 50.681002, -1.000000, 0.000000
560.972331, 50.610403, -1.000000, 0.000000
561.042114, 50.596152, -1.000000, 0.000000
561.111897, 50.581902, -1.000000, 0.000000
561.181680, 50.567652, -1.000000, 0.000000
561.527404, 50.497052, -1.000000, 0.000000
561.597187, 50.482802, -1.000000, 0.000000
561.666970, 50.468552, -1.000000, 0.000000
561.736753, 50.454302, -1.000000, 0.000000
562.080477, 50.384111, -1.000000, 0.000000
562.150259, 50.369861, -1.000000, 0.000000
562.220042, 50.355610, -1.000000, 0.000000
562.289825, 50.341360, -1.000000, 0.000000
562.639505, 50.269953, -1.000000, 0.000000
562.709288, 50.255703, -1.000000, 0.000000
562.779071, 50.241453, -1.000000, 0.000000
562.848854, 50.227202, -1.000000, 0.000000
563.193454, 50.156832, -1.000000, 0.000000
563.263237, 50.142582, -1.000000, 0.000000
563.333020, 50.128332, -1.000000, 0.000000
563.402802, 50.114082, -1.000000, 0.000000
563.742930, 50.044625, -1.000000, 0.000000
563.812713, 50.030375, -1.000000, 0.000000
563.882496, 50.016125, -1.000000, 0.000000
563.952279, 50.001875, -1.000000, 0.000000
564.288560, 49.933203, -1.000000, 0.000000
564.358343, 49.918953, -1.000000, 0.000000
564.428126, 49.904703, -1.000000, 0.000000
564.497909, 49.890453, -1.000000, 0.000000
564.830982, 49.822437, -1.000000, 0.000000
564.900765, 49.808187, -1.000000, 0.000000
564.970548, 49.793936, -1.000000, 0.000000
565.040331, 49.779686, -1.000000, 0.000000
565.382475, 49.709818, -1.000000, 0.000000
565.452258, 49.695568, -1.000000, 0.000000
565.522041, 49.681317, -1.000000, 0.000000
565.591824, 49.667067, -1.000000, 0.000000
565.932621, 49.597474, -1.000000, 0.000000
566.002404, 49.583224, -1.000000, 0.000000
566.072187, 49.568973, -1.000000, 0.000000
566.141970, 49.554723, -1.000000, 0.000000
566.482768, 49.485130, -1.000000, 0.000000
566.552551, 49.470879, -1.000000, 0.000000
566.622334, 49.456629, -1.000000, 0.000000
566.692117, 49.442379, -1.000000, 0.000000
567.032914, 49.372786, -1.000000, 0.000000
567.102697, 49.358535, -1.000000, 0.000000
567.172480, 49.344285, -1.000000, 0.000000
567.513277, 49.274692, -1.000000, 0.000000
567.583060, 49.260442, -1.000000, 0.000000
567.652843, 49.246191, -1.000000, 0.000000
567.722626, 49.231941, -1.000000, 0.000000
568.063424, 49.162348, -1.000000, 0.000000
568.133207, 49.148098, -1.000000, 0.000000
568.202990, 49.133847, -1.000000, 0.000000
568.272773, 49.119597, -1.000000, 0.000000
568.613570, 49.050004, -1.000000, 0.000000
568.683353, 49.035754, -1.000000, 0.000000
568.753136, 49.021503, -1.000000, 0.000000
568.822919, 49.007253, -1.000000, 0.000000
569.163716, 48.937660, -1.000000, 0.000000
569.233499, 48.923410, -1.000000, 0.000000
569.303282, 48.909159, -1.000000, 0.000000
569.373065, 48.894909, -1.000000, 0.000000
569.714275, 48.827404, -1.000000, 0.000000
569.784147, 48.813596, -1.000000, 0.000000
569.854018, 48.799788, -1.000000, 0.000000
569.923890, 48.785980, -1.000000, 0.000000
570.266456, 48.726101, -1.000000, 0.000000
570.336616, 48.713838, -1.000000, 0.000000
570.406775, 48.701575, -1.000000, 0.000000
570.750755, 48.650627, -1.000000, 0.000000
570.821264, 48.640569, -1.000000, 0.000000
570.891773, 48.630511, -1.000000, 0.000000
570.962282, 48.620453, -1.000000, 0.000000
571.307764, 48.580941, -1.000000, 0.000000
571.378560, 48.573160, -1.000000, 0.000000
571.449357, 48.565379, -1.000000, 0.000000
571.520154, 48.557597, -1.000000, 0.000000
571.866780, 48.529864, -1.000000, 0.000000
571.937795, 48.524424, -1.000000, 0.000000
572.008810, 48.518983, -1.000000, 0.000000
572.079825, 48.513543, -1.000000, 0.000000
572.427210, 48.497886, -1.000000, 0.000000
572.498368, 48.494842, -1.000000, 0.000000
572.569526, 48.491799, -1.000000, 0.000000
572.640684, 48.488756, -1.000000, 0.000000
572.988410, 48.485422, -1.000000, 0.000000
573.059631, 48.484822, -1.000000, 0.000000
573.130851, 48.484223, -1.000000, 0.000000
573.202072, 48.483624, -1.000000, 0.000000
573.549787, 48.491012, -1.000000, 0.000000
573.620994, 48.492524, -1.000000, 0.000000
573.692200, 48.494037, -1.000000, 0.000000
574.039848, 48.505184, -1.000000, 0.000000
574.111030, 48.507625, -1.000000, 0.000000
574.182211, 48.510066, -1.000000, 0.000000
574.253392, 48.512507, -1.000000, 0.000000
574.601019, 48.524427, -1.000000, 0.000000
574.672200, 48.526868, -1.000000, 0.000000
574.743381, 48.529309, -1.000000, 0.000000
574.814563, 48.531750, -1.000000, 0.000000
575.162189, 48.543670, -1.000000, 0.000000
575.233370, 48.546111, -1.000000, 0.000000
575.304551, 48.548551, -1.000000, 0.000000
575.375733, 48.550992, -1.000000, 0.000000
575.723359, 48.562912, -1.000000, 0.000000
575.794540, 48.565353, -1.000000, 0.000000
575.865721, 48.567794, -1.000000, 0.000000
575.936902, 48.570235, -1.000000, 0.000000
576.284529, 48.582155, -1.000000, 0.000000
576.355711, 48.584596, -1.000000, 0.000000
576.426892, 48.587037, -1.000000, 0.000000
576.498073, 48.589478, -1.000000, 0.000000
576.845699, 48.601398, -1.000000, 0.000000
576.916881, 48.603839, -1.000000, 0.000000
576.988062, 48.606279, -1.000000, 0.000000
577.335688, 48.618200, -1.000000, 0.000000
577.406869, 48.620640, -1.000000, 0.000000
577.478051, 48.623081, -1.000000, 0.000000
577.549232, 48.625522, -1.000000, 0.000000
577.896859, 48.637442, -1.000000, 0.000000
577.968040, 48.639883, -1.000000, 0.000000
578.039221, 48.642324, -1.000000, 0.000000
578.110402, 48.644765, -1.000000, 0.000000
578.449251, 48.656384, -1.000000, 0.000000
578.520432, 48.658825, -1.000000, 0.000000
578.591613, 48.661266, -1.000000, 0.000000
578.662795, 48.663706, -1.000000, 0.000000
579.005614, 48.675462, -1.000000, 0.000000
579.076795, 48.677903, -1.000000, 0.000000
579.147976, 48.680343, -1.000000, 0.000000
579.219157, 48.682784, -1.000000, 0.000000
579.565964, 48.694676, -1.000000, 0.000000
579.637145, 48.697117, -1.000000, 0.000000
579.708326, 48.699558, -1.000000, 0.000000
579.779507, 48.701999, -1.000000, 0.000000
580.130315, 48.714028, -1.000000, 0.000000
580.201496, 48.716469, -1.000000, 0.000000
580.272677, 48.718910, -1.000000, 0.000000
580.343858, 48.721351, -1.000000, 0.000000
580.698683, 48.733518, -1.000000, 0.000000
580.769864, 48.735958, -1.000000, 0.000000
580.841045, 48.738399, -1.000000, 0.000000
580.912226, 48.740840, -1.000000, 0.000000
581.271084, 48.753145, -1.000000, 0.000000
581.342265, 48.755586, -1.000000, 0.000000
581.413446, 48.758027, -1.000000, 0.000000
581.484627, 48.760468, -1.000000, 0.000000
581.835667, 48.772505, -1.000000, 0.000000
581.906849, 48.774946, -1.000000, 0.000000
581.978030, 48.777387, -1.000000, 0.000000
582.049211, 48.779828, -1.000000, 0.000000
582.401143, 48.791895, -1.000000, 0.000000
582.472324, 48.794336, -1.000000, 0.000000
582.543506, 48.796777, -1.000000, 0.000000
582.614687, 48.799218, -1.000000, 0.000000
582.966619, 48.811286, -1.000000, 0.000000
583.037801, 48.813727, -1.000000, 0.000000
583.108982, 48.816167, -1.000000, 0.000000
583.180163, 48.818608, -1.000000, 0.000000
583.251344, 48.821049, -1.000000, 0.000000
583.603276, 48.833117, -1.000000, 0.000000
583.674458, 48.835558, -1.000000, 0.000000
583.745639, 48.837998, -1.000000, 0.000000
583.816820, 48.840439, -1.000000, 0.000000
584.168752, 48.852507, -1.000000, 0.000000
584.239933, 48.854948, -1.000000, 0.000000
584.311114, 48.857389, -1.000000, 0.000000
584.382296, 48.859830, -1.000000, 0.000000
584.734228, 48.871897, -1.000000, 0.000000
584.805410, 48.874338, -1.000000, 0.000000
584.876591, 48.876779, -1.000000, 0.000000
584.947772, 48.879220, -1.000000, 0.000000
585.299704, 48.891288, -1.000000, 0.000000
585.370885, 48.893729, -1.000000, 0.000000
585.442066, 48.896169, -1.000000, 0.000000
585.513248, 48.898610, -1.000000, 0.000000
585.865180, 48.910678, -1.000000, 0.000000
585.936361, 48.913119, -1.000000, 0.000000
586.007542, 48.915560, -1.000000, 0.000000
586.078723, 48.918001, -1.000000, 0.000000
586.430608, 48.931364, -1.000000, 0.000000
586.501778, 48.934120, -1.000000, 0.000000
586.572948, 48.936876, -1.000000, 0.000000
586.644117, 48.939632, -1.000000, 0.000000
586.715287, 48.942388, -1.000000, 0.000000
587.067080, 48.957983, -1.000000, 0.000000
587.138233, 48.961137, -1.000000, 0.000000
587.209386, 48.964291, -1.000000, 0.000000
587.280539, 48.967445, -1.000000, 0.000000
587.632245, 48.984894, -1.000000, 0.000000
587.703380, 48.988436, -1.000000, 0.000000
587.774515, 48.991978, -1.000000, 0.000000
587.845650, 48.995520, -1.000000, 0.000000
588.197261, 49.014783, -1.000000, 0.000000
588.268376, 49.018705, -1.000000, 0.000000
588.339491, 49.022627, -1.000000, 0.000000
588.410606, 49.026549, -1.000000, 0.000000
588.762114, 49.047590, -1.000000, 0.000000
588.833208, 49.051883, -1.000000, 0.000000
588.904301, 49.056177, -1.000000, 0.000000
588.975395, 49.060470, -1.000000, 0.000000
589.326794, 49.083253, -1.000000, 0.000000
589.397865, 49.087910, -1.000000, 0.000000
589.468936, 49.092567, -1.000000, 0.000000
589.540006, 49.097224, -1.000000, 0.000000
589.891304, 49.121542, -1.000000, 0.000000
589.962354, 49.126513, -1.000000, 0.000000
590.033403, 49.131485, -1.000000, 0.000000
590.104452, 49.136456, -1.000000, 0.000000
590.175502, 49.141428, -1.000000, 0.000000
590.526759, 49.166334, -1.000000, 0.000000
590.597803, 49.171372, -1.000000, 0.000000
590.668848, 49.176409, -1.000000, 0.000000
590.739893, 49.181447, -1.000000, 0.000000
591.091150, 49.206353, -1.000000, 0.000000
591.162194, 49.211390, -1.000000, 0.000000
591.233239, 49.216428, -1.000000, 0.000000
591.304284, 49.221465, -1.000000, 0.000000
591.655541, 49.246371, -1.000000, 0.000000
591.726586, 49.251409, -1.000000, 0.000000
591.797631, 49.256446, -1.000000, 0.000000
591.868675, 49.261484, -1.000000, 0.000000
592.219932, 49.286390, -1.000000, 0.000000
592.290977, 49.291427, -1.000000, 0.000000
592.362022, 49.296465, -1.000000, 0.000000
592.433066, 49.301502, -1.000000, 0.000000
592.784323, 49.326409, -1.000000, 0.000000
592.855368, 49.331446, -1.000000, 0.000000
592.926413, 49.336484, -1.000000, 0.000000
592.997457, 49.341521, -1.000000, 0.000000
593.348715, 49.366427, -1.000000, 0.000000
593.419760, 49.371465, -1.000000, 0.000000
593.490804, 49.376502, -1.000000, 0.000000
593.561849, 49.381540, -1.000000, 0.000000
593.632894, 49.386577, -1.000000, 0.000000
593.984151, 49.411483, -1.000000, 0.000000
594.055195, 49.416521, -1.000000, 0.000000
594.126240, 49.421558, -1.000000, 0.000000
594.197285, 49.426596, -1.000000, 0.000000
594.548542, 49.451502, -1.000000, 0.000000
594.619586, 49.456539, -1.000000, 0.000000
594.690631, 49.461577, -1.000000, 0.000000
594.761676, 49.466614, -1.000000, 0.000000
595.112933, 49.491521, -1.000000, 0.000000
595.183978, 49.496558, -1.000000, 0.000000
595.255023, 49.501595, -1.000000, 0.000000
595.326067, 49.506633, -1.000000, 0.000000
595.678084, 49.531593, -1.000000, 0.000000
595.749129, 49.536630, -1.000000, 0.000000
595.820174, 49.541668, -1.000000, 0.000000
595.891218, 49.546705, -1.000000, 0.000000
596.244182, 49.571733, -1.000000, 0.000000
596.315227, 49.576770, -1.000000, 0.000000
596.386271, 49.581808, -1.000000, 0.000000
596.457316, 49.586845, -1.000000, 0.000000
596.811236, 49.611940, -1.000000, 0.000000
596.882281, 49.616978, -1.000000, 0.000000
596.953326, 49.622015, -1.000000, 0.000000
597.024370, 49.627052, -1.000000, 0.000000
597.095415, 49.632090, -1.000000, 0.000000
597.450300, 49.657253, -1.000000, 0.000000
597.521345, 49.662291, -1.000000, 0.000000
597.592390, 49.667328, -1.000000, 0.000000
597.663434, 49.672366, -1.000000, 0.000000
598.019295, 49.697598, -1.000000, 0.000000
598.090339, 49.702636, -1.000000, 0.000000
598.161384, 49.707673, -1.000000, 0.000000
598.232429, 49.712711, -1.000000, 0.000000
598.589274, 49.738013, -1.000000, 0.000000
598.660319, 49.743051, -1.000000, 0.000000
598.731363, 49.748088, -1.000000, 0.000000
598.802408, 49.753126, -1.000000, 0.000000
599.160246, 49.778498, -1.000000, 0.000000
599.231291, 49.783536, -1.000000, 0.000000
599.302336, 49.788573, -1.000000, 0.000000
599.373380, 49.793611, -1.000000, 0.000000
599.731408, 49.818997, -1.000000, 0.000000
599.802453, 49.824035, -1.000000, 0.000000
599.873498, 49.829072, -1.000000, 0.000000
599.944542, 49.834110, -1.000000, 0.000000
600.302571, 49.859496, -1.000000, 0.000000
600.373616, 49.864533, -1.000000, 0.000000
600.444661, 49.869571, -1.000000, 0.000000
600.515705, 49.874608, -1.000000, 0.000000
600.586750, 49.879646, -1.000000, 0.000000
600.944778, 49.905032, -1.000000, 0.000000
601.015823, 49.910070, -1.000000, 0.000000
601.086867, 49.915107, -1.000000, 0.000000
601.157912, 49.920145, -1.000000, 0.000000
601.515940, 49.945531, -1.000000, 0.000000
601.586985, 49.950568, -1.000000, 0.000000
601.658030, 49.955606, -1.000000, 0.000000
601.729074, 49.960643, -1.000000, 0.000000
602.087103, 49.986030, -1.000000, 0.000000
602.158148, 49.991067, -1.000000, 0.000000
602.229192, 49.996104, -1.000000, 0.000000
602.300237, 50.001142, -1.000000, 0.000000
602.658265, 50.026528, -1.000000, 0.000000
602.729310, 50.031566, -1.000000, 0.000000
602.800354, 50.036603, -1.000000, 0.000000
602.871399, 50.041641, -1.000000, 0.000000
603.229407, 50.067308, -1.000000, 0.000000
603.300447, 50.072410, -1.000000, 0.000000
603.371487, 50.077512, -1.000000, 0.000000
603.442527, 50.082613, -1.000000, 0.000000
603.800454, 50.109383, -1.000000, 0.000000
603.871475, 50.114737, -1.000000, 0.000000
603.942497, 50.120091, -1.000000, 0.000000
604.013518, 50.125444, -1.000000, 0.000000
604.084540, 50.130798, -1.000000, 0.000000
604.442337, 50.159240, -1.000000, 0.000000
604.513336, 50.164884, -1.000000, 0.000000
604.584335, 50.170528, -1.000000, 0.000000
604.655334, 50.176172, -1.000000, 0.000000
605.013017, 50.206022, -1.000000, 0.000000
605.083992, 50.211954, -1.000000, 0.000000
605.154968, 50.217887, -1.000000, 0.000000
605.225943, 50.223820, -1.000000, 0.000000
605.583507, 50.255069, -1.000000, 0.000000
605.654458, 50.261289, -1.000000, 0.000000
605.725409, 50.267509, -1.000000, 0.000000
605.796360, 50.273728, -1.000000, 0.000000
606.153798, 50.306370, -1.000000, 0.000000
606.224723, 50.312875, -1.000000, 0.000000
606.295649, 50.319381, -1.000000, 0.000000
606.366574, 50.325887, -1.000000, 0.000000
606.723883, 50.359913, -1.000000, 0.000000
606.794782, 50.366703, -1.000000, 0.000000
606.865680, 50.373493, -1.000000, 0.000000
606.936579, 50.380282, -1.000000, 0.000000
607.293786, 50.415387, -1.000000, 0.000000
607.364664, 50.422388, -1.000000, 0.000000
607.435542, 50.429389, -1.000000, 0.000000
607.506420, 50.436390, -1.000000, 0.000000
607.577298, 50.443391, -1.000000, 0.000000
607.934469, 50.478858, -1.000000, 0.000000
608.005343, 50.485896, -1.000000, 0.000000
608.076217, 50.492934, -1.000000, 0.000000
608.147092, 50.499972, -1.000000, 0.000000
608.504262, 50.535439, -1.000000, 0.000000
608.575137, 50.542477, -1.000000, 0.000000
608.646011, 50.549515, -1.000000, 0.000000
608.716886, 50.556552, -1.000000, 0.000000
609.074057, 50.592020, -1.000000, 0.000000
609.144931, 50.599057, -1.000000, 0.000000
609.215806, 50.606095, -1.000000, 0.000000
609.286680, 50.613133, -1.000000, 0.000000
609.643850, 50.648600, -1.000000, 0.000000
609.714725, 50.655638, -1.000000, 0.000000
609.785599, 50.662676, -1.000000, 0.000000
609.856474, 50.669714, -1.000000, 0.000000
610.213644, 50.705181, -1.000000, 0.000000
610.284519, 50.712219, -1.000000, 0.000000
610.355393, 50.719256, -1.000000, 0.000000
610.426268, 50.726294, -1.000000, 0.000000
610.783439, 50.761761, -1.000000, 0.000000
610.854313, 50.768799, -1.000000, 0.000000
610.925188, 50.775837, -1.000000, 0.000000
610.996062, 50.782875, -1.000000, 0.000000
611.066936, 50.789913, -1.000000, 0.000000
611.424107, 50.825380, -1.000000, 0.000000
611.494981, 50.832418, -1.000000, 0.000000
611.565856, 50.839455, -1.000000, 0.000000
611.636730, 50.846493, -1.000000, 0.000000
611.993901, 50.881960, -1.000000, 0.000000
612.064775, 50.888998, -1.000000, 0.000000
612.135650, 50.896036, -1.000000, 0.000000
612.206524, 50.903074, -1.000000, 0.000000
612.563695, 50.938541, -1.000000, 0.000000
612.634570, 50.945579, -1.000000, 0.000000
612.705444, 50.952617, -1.000000, 0.000000
612.776318, 50.959654, -1.000000, 0.000000
613.133489, 50.995121, -1.000000, 0.000000
613.204363, 51.002159, -1.000000, 0.000000
613.275238, 51.009197, -1.000000, 0.000000
613.346112, 51.016235, -1.000000, 0.000000
613.706463, 51.052018, -1.000000, 0.000000
613.777337, 51.059056, -1.000000, 0.000000
613.848212, 51.066093, -1.000000, 0.000000
613.919086, 51.073131, -1.000000, 0.000000
614.282716, 51.109240, -1.000000, 0.000000
614.353590, 51.116278, -1.000000, 0.000000
614.424465, 51.123315, -1.000000, 0.000000
614.495339, 51.130353, -1.000000, 0.000000
614.566213, 51.137391, -1.000000, 0.000000
614.933121, 51.173825, -1.000000, 0.000000
615.003996, 51.180863, -1.000000, 0.000000
615.074870, 51.187901, -1.000000, 0.000000
615.145744, 51.194939, -1.000000, 0.000000
615.515931, 51.231698, -1.000000, 0.000000
615.586805, 51.238736, -1.000000, 0.000000
615.657680, 51.245774, -1.000000, 0.000000
615.728554, 51.252812, -1.000000, 0.000000
616.090208, 51.288724, -1.000000, 0.000000
616.161082, 51.295762, -1.000000, 0.000000
616.231957, 51.302800, -1.000000, 0.000000
616.302831, 51.309837, -1.000000, 0.000000
616.667763, 51.346075, -1.000000, 0.000000
616.738637, 51.353113, -1.000000, 0.000000
616.809512, 51.360151, -1.000000, 0.000000
616.880386, 51.367189, -1.000000, 0.000000
616.951261, 51.374226, -1.000000, 0.000000
617.319471, 51.410790, -1.000000, 0.000000
617.390346, 51.417828, -1.000000, 0.000000
617.461220, 51.424866, -1.000000, 0.000000
617.532095, 51.431903, -1.000000, 0.000000
617.900405, 51.468477, -1.000000, 0.000000
617.971279, 51.475514, -1.000000, 0.000000
618.042154, 51.482552, -1.000000, 0.000000
618.113028, 51.489590, -1.000000, 0.000000
618.481337, 51.526163, -1.000000, 0.000000
618.552212, 51.533201, -1.000000, 0.000000
618.623086, 51.540239, -1.000000, 0.000000
618.693961, 51.547277, -1.000000, 0.000000
618.764835, 51.554315, -1.000000, 0.000000
619.133144, 51.590888, -1.000000, 0.000000
619.204019, 51.597926, -1.000000, 0.000000
619.274893, 51.604963, -1.000000, 0.000000
619.345768, 51.612001, -1.000000, 0.000000
619.714078, 51.648574, -1.000000, 0.000000
619.784952, 51.655612, -1.000000, 0.000000
619.855826, 51.662650, -1.000000, 0.000000
619.926701, 51.669688, -1.000000, 0.000000
620.295010, 51.706261, -1.000000, 0.000000
620.365885, 51.713299, -1.000000, 0.000000
620.436759, 51.720337, -1.000000, 0.000000
620.507634, 51.727375, -1.000000, 0.000000
620.578508, 51.734412, -1.000000, 0.000000
620.946817, 51.770986, -1.000000, 0.000000
621.017692, 51.778023, -1.000000, 0.000000
621.088566, 51.785061, -1.000000, 0.000000
621.159441, 51.792099, -1.000000, 0.000000
621.527761, 51.828566, -1.000000, 0.000000
621.598638, 51.835582, -1.000000, 0.000000
621.669514, 51.842598, -1.000000, 0.000000
621.740391, 51.849614, -1.000000, 0.000000
622.108725, 51.885930, -1.000000, 0.000000
622.179605, 51.892914, -1.000000, 0.000000
622.250485, 51.899898, -1.000000, 0.000000
622.321365, 51.906883, -1.000000, 0.000000
622.392245, 51.913867, -1.000000, 0.000000
622.760597, 51.949997, -1.000000, 0.000000
622.831480, 51.956950, -1.000000, 0.000000
622.902363, 51.963902, -1.000000, 0.000000
622.973246, 51.970855, -1.000000, 0.000000
623.341614, 52.006834, -1.000000, 0.000000
623.412500, 52.013755, -1.000000, 0.000000
623.483386, 52.020677, -1.000000, 0.000000
623.554272, 52.027599, -1.000000, 0.000000
623.922654, 52.063429, -1.000000, 0.000000
623.993543, 52.070320, -1.000000, 0.000000
624.064432, 52.077211, -1.000000, 0.000000
624.135321, 52.084102, -1.000000, 0.000000
624.206210, 52.090993, -1.000000, 0.000000
624.574609, 52.126647, -1.000000, 0.000000
624.645501, 52.133508, -1.000000, 0.000000
624.716393, 52.140369, -1.000000, 0.000000
624.787285, 52.147229, -1.000000, 0.000000
625.155698, 52.182739, -1.000000, 0.000000
625.226593, 52.189571, -1.000000, 0.000000
625.297488, 52.196402, -1.000000, 0.000000
625.368382, 52.203234, -1.000000, 0.000000
625.736799, 52.238708, -1.000000, 0.000000
625.807694, 52.245534, -1.000000, 0.000000
625.878589, 52.252359, -1.000000, 0.000000
625.949485, 52.259185, -1.000000, 0.000000
626.020380, 52.266011, -1.000000, 0.000000
626.388797, 52.301481, -1.000000, 0.000000
626.459692, 52.308306, -1.000000, 0.000000
626.530587, 52.315132, -1.000000, 0.000000
626.601483, 52.321957, -1.000000, 0.000000
626.969900, 52.357427, -1.000000, 0.000000
627.040796, 52.364253, -1.000000, 0.000000
627.111691, 52.371078, -1.000000, 0.000000
627.182586, 52.377904, -1.000000, 0.000000
627.551003, 52.413374, -1.000000, 0.000000
627.621898, 52.420199, -1.000000, 0.000000
627.692794, 52.427025, -1.000000, 0.000000
627.763689, 52.433850, -1.000000, 0.000000
627.834584, 52.440676, -1.000000, 0.000000
628.203001, 52.476146, -1.000000, 0.000000
628.273896, 52.482972, -1.000000, 0.000000
628.344792, 52.489797, -1.000000, 0.000000
628.415687, 52.496623, -1.000000, 0.000000
628.784104, 52.532093, -1.000000, 0.000000
628.855000, 52.538918, -1.000000, 0.000000
628.925895, 52.545744, -1.000000, 0.000000
628.996790, 52.552569, -1.000000, 0.000000
629.365207, 52.588039, -1.000000, 0.000000
629.436102, 52.594865, -1.000000, 0.000000
629.506998, 52.601690, -1.000000, 0.000000
629.577893, 52.608516, -1.000000, 0.000000
629.648788, 52.615341, -1.000000, 0.000000
630.017205, 52.650811, -1.000000, 0.000000
630.088100, 52.657637, -1.000000, 0.000000
630.158996, 52.664462, -1.000000, 0.000000
630.229891, 52.671288, -1.000000, 0.000000
630.600982, 52.707015, -1.000000, 0.000000
630.671878, 52.713841, -1.000000, 0.000000
630.742773, 52.720666, -1.000000, 0.000000
630.813668, 52.727492, -1.000000, 0.000000
631.193980, 52.764107, -1.000000, 0.000000
