561.461026, 52.291583, 1.000000, -1.#QNAN0
561.530809, 52.277333, 1.000000, -1.#QNAN0
561.876534, 52.206733, 1.000000, -1.#QNAN0
561.946317, 52.192483, 1.000000, -1.#QNAN0
562.013724, 52.166602, 1.000000, -1.#QNAN0
562.083507, 52.152352, 1.000000, -1.#QNAN0
562.427231, 52.082161, 1.000000, -1.#QNAN0
562.494639, 52.056280, 1.000000, -1.#QNAN0
562.564422, 52.042030, 1.000000, -1.#QNAN0
562.634205, 52.027780, 1.000000, -1.#QNAN0
562.981510, 51.944742, 1.000000, -1.#QNAN0
563.051293, 51.930492, 1.000000, -1.#QNAN0
563.121076, 51.916242, 1.000000, -1.#QNAN0
563.190859, 51.901992, 1.000000, -1.#QNAN0
563.535458, 51.831622, 1.000000, -1.#QNAN0
563.607616, 51.829002, 1.000000, -1.#QNAN0
563.677399, 51.814752, 1.000000, -1.#QNAN0
563.747182, 51.800502, 1.000000, -1.#QNAN0
564.087310, 51.731045, 1.000000, -1.#QNAN0
564.157093, 51.716795, 1.000000, -1.#QNAN0
564.224501, 51.690914, 1.000000, -1.#QNAN0
564.294284, 51.676664, 1.000000, -1.#QNAN0
564.630565, 51.607993, 1.000000, -1.#QNAN0
564.700348, 51.593742, 1.000000, -1.#QNAN0
564.770131, 51.579492, 1.000000, -1.#QNAN0
564.839914, 51.565242, 1.000000, -1.#QNAN0
565.172987, 51.497226, 1.000000, -1.#QNAN0
565.242770, 51.482976, 1.000000, -1.#QNAN0
565.312553, 51.468726, 1.000000, -1.#QNAN0
565.384711, 51.466106, 1.000000, -1.#QNAN0
565.726855, 51.396237, 1.000000, -1.#QNAN0
565.796638, 51.381987, 1.000000, -1.#QNAN0
565.864046, 51.356107, 1.000000, -1.#QNAN0
565.933828, 51.341856, 1.000000, -1.#QNAN0
566.274626, 51.272263, 1.000000, -1.#QNAN0
566.342034, 51.246382, 1.000000, -1.#QNAN0
566.411817, 51.232132, 1.000000, -1.#QNAN0
566.483975, 51.229512, 1.000000, -1.#QNAN0
566.824773, 51.159919, 1.000000, -1.#QNAN0
566.894556, 51.145669, 1.000000, -1.#QNAN0
566.966713, 51.143049, 1.000000, -1.#QNAN0
567.036496, 51.128799, 1.000000, -1.#QNAN0
567.377294, 51.059205, 1.000000, -1.#QNAN0
567.444702, 51.033325, 1.000000, -1.#QNAN0
567.514485, 51.019075, 1.000000, -1.#QNAN0
567.855282, 50.949481, 1.000000, -1.#QNAN0
567.925065, 50.935231, 1.000000, -1.#QNAN0
567.994848, 50.920981, 1.000000, -1.#QNAN0
568.064631, 50.906731, 1.000000, -1.#QNAN0
568.405429, 50.837137, 1.000000, -1.#QNAN0
568.475212, 50.822887, 1.000000, -1.#QNAN0
568.544994, 50.808637, 1.000000, -1.#QNAN0
568.614777, 50.794386, 1.000000, -1.#QNAN0
568.957950, 50.736423, 1.000000, -1.#QNAN0
569.027733, 50.722173, 1.000000, -1.#QNAN0
569.097516, 50.707923, 1.000000, -1.#QNAN0
569.169673, 50.705303, 1.000000, -1.#QNAN0
569.510471, 50.635710, 1.000000, -1.#QNAN0
569.582629, 50.633090, 1.000000, -1.#QNAN0
569.652412, 50.618840, 1.000000, -1.#QNAN0
569.724570, 50.616220, 1.000000, -1.#QNAN0
570.054869, 50.550907, 1.000000, -1.#QNAN0
570.124741, 50.537099, 1.000000, -1.#QNAN0
570.196914, 50.534936, 1.000000, -1.#QNAN0
570.269087, 50.532774, 1.000000, -1.#QNAN0
570.575086, 50.491777, 1.000000, -1.#QNAN0
570.645245, 50.479514, 1.000000, -1.#QNAN0
570.717448, 50.478943, 1.000000, -1.#QNAN0
571.007236, 50.448613, 1.000000, -1.#QNAN0
571.077745, 50.438554, 1.000000, -1.#QNAN0
571.149931, 50.440248, 1.000000, -1.#QNAN0
571.220440, 50.430190, 1.000000, -1.#QNAN0
571.508782, 50.409855, 1.000000, -1.#QNAN0
571.579579, 50.402074, 1.000000, -1.#QNAN0
571.650376, 50.394293, 1.000000, -1.#QNAN0
571.719876, 50.374712, 1.000000, -1.#QNAN0
572.006415, 50.352581, 1.000000, -1.#QNAN0
572.077430, 50.347140, 1.000000, -1.#QNAN0
572.147538, 50.329864, 1.000000, -1.#QNAN0
572.219459, 50.336260, 1.000000, -1.#QNAN0
572.505317, 50.324274, 1.000000, -1.#QNAN0
572.576475, 50.321231, 1.000000, -1.#QNAN0
572.647633, 50.318187, 1.000000, -1.#QNAN0
572.718791, 50.315144, 1.000000, -1.#QNAN0
573.003797, 50.313415, 1.000000, -1.#QNAN0
573.075017, 50.312815, 1.000000, -1.#QNAN0
573.146238, 50.312216, 1.000000, -1.#QNAN0
573.217458, 50.311616, 1.000000, -1.#QNAN0
573.511206, 50.306789, 1.000000, -1.#QNAN0
573.582413, 50.308302, 1.000000, -1.#QNAN0
573.653620, 50.309815, 1.000000, -1.#QNAN0
573.978014, 50.308441, 1.000000, -1.#QNAN0
574.049195, 50.310882, 1.000000, -1.#QNAN0
574.120377, 50.313323, 1.000000, -1.#QNAN0
574.191965, 50.303900, 1.000000, -1.#QNAN0
574.539592, 50.315820, 1.000000, -1.#QNAN0
574.610773, 50.318261, 1.000000, -1.#QNAN0
574.681954, 50.320702, 1.000000, -1.#QNAN0
574.753135, 50.323143, 1.000000, -1.#QNAN0
575.100762, 50.335063, 1.000000, -1.#QNAN0
575.171943, 50.337504, 1.000000, -1.#QNAN0
575.243124, 50.339945, 1.000000, -1.#QNAN0
575.314305, 50.342385, 1.000000, -1.#QNAN0
575.661932, 50.354306, 1.000000, -1.#QNAN0
575.732706, 50.368610, 1.000000, -1.#QNAN0
575.803887, 50.371051, 1.000000, -1.#QNAN0
575.874662, 50.385355, 1.000000, -1.#QNAN0
576.222289, 50.397275, 1.000000, -1.#QNAN0
576.293063, 50.411580, 1.000000, -1.#QNAN0
576.364244, 50.414020, 1.000000, -1.#QNAN0
576.435018, 50.428325, 1.000000, -1.#QNAN0
576.782645, 50.440245, 1.000000, -1.#QNAN0
576.853419, 50.454549, 1.000000, -1.#QNAN0
576.924600, 50.456990, 1.000000, -1.#QNAN0
577.271820, 50.480774, 1.000000, -1.#QNAN0
577.343001, 50.483215, 1.000000, -1.#QNAN0
577.413776, 50.497519, 1.000000, -1.#QNAN0
577.484550, 50.511823, 1.000000, -1.#QNAN0
577.831770, 50.535607, 1.000000, -1.#QNAN0
577.902951, 50.538048, 1.000000, -1.#QNAN0
577.973726, 50.552352, 1.000000, -1.#QNAN0
578.044907, 50.554793, 1.000000, -1.#QNAN0
578.383349, 50.578276, 1.000000, -1.#QNAN0
578.454530, 50.580717, 1.000000, -1.#QNAN0
578.525711, 50.583158, 1.000000, -1.#QNAN0
578.596892, 50.585598, 1.000000, -1.#QNAN0
578.939305, 50.609217, 1.000000, -1.#QNAN0
579.010486, 50.611658, 1.000000, -1.#QNAN0
579.081667, 50.614099, 1.000000, -1.#QNAN0
579.152848, 50.616540, 1.000000, -1.#QNAN0
579.499655, 50.628432, 1.000000, -1.#QNAN0
579.570836, 50.630873, 1.000000, -1.#QNAN0
579.642017, 50.633314, 1.000000, -1.#QNAN0
579.713198, 50.635754, 1.000000, -1.#QNAN0
580.064006, 50.647784, 1.000000, -1.#QNAN0
580.135187, 50.650224, 1.000000, -1.#QNAN0
580.206368, 50.652665, 1.000000, -1.#QNAN0
580.277549, 50.655106, 1.000000, -1.#QNAN0
580.632374, 50.667273, 1.000000, -1.#QNAN0
580.703555, 50.669714, 1.000000, -1.#QNAN0
580.774736, 50.672155, 1.000000, -1.#QNAN0
580.846324, 50.662732, 1.000000, -1.#QNAN0
581.205182, 50.675037, 1.000000, -1.#QNAN0
581.276363, 50.677478, 1.000000, -1.#QNAN0
581.347544, 50.679919, 1.000000, -1.#QNAN0
581.418725, 50.682360, 1.000000, -1.#QNAN0
581.769358, 50.706261, 1.000000, -1.#QNAN0
581.840540, 50.708701, 1.000000, -1.#QNAN0
581.911721, 50.711142, 1.000000, -1.#QNAN0
581.982495, 50.725447, 1.000000, -1.#QNAN0
582.334427, 50.737514, 1.000000, -1.#QNAN0
582.405609, 50.739955, 1.000000, -1.#QNAN0
582.476790, 50.742396, 1.000000, -1.#QNAN0
582.547971, 50.744837, 1.000000, -1.#QNAN0
582.899904, 50.756905, 1.000000, -1.#QNAN0
582.971085, 50.759346, 1.000000, -1.#QNAN0
583.042266, 50.761786, 1.000000, -1.#QNAN0
583.113447, 50.764227, 1.000000, -1.#QNAN0
583.184628, 50.766668, 1.000000, -1.#QNAN0
583.536561, 50.778736, 1.000000, -1.#QNAN0
583.607335, 50.793040, 1.000000, -1.#QNAN0
583.678516, 50.795481, 1.000000, -1.#QNAN0
583.749697, 50.797922, 1.000000, -1.#QNAN0
584.101629, 50.809990, 1.000000, -1.#QNAN0
584.172811, 50.812431, 1.000000, -1.#QNAN0
584.243992, 50.814871, 1.000000, -1.#QNAN0
584.314766, 50.829176, 1.000000, -1.#QNAN0
584.666699, 50.841244, 1.000000, -1.#QNAN0
584.737880, 50.843684, 1.000000, -1.#QNAN0
584.808655, 50.857989, 1.000000, -1.#QNAN0
584.879836, 50.860430, 1.000000, -1.#QNAN0
585.231768, 50.872497, 1.000000, -1.#QNAN0
585.302949, 50.874938, 1.000000, -1.#QNAN0
585.374130, 50.877379, 1.000000, -1.#QNAN0
585.445311, 50.879820, 1.000000, -1.#QNAN0
585.797650, 50.880024, 1.000000, -1.#QNAN0
585.868832, 50.882465, 1.000000, -1.#QNAN0
585.940013, 50.884906, 1.000000, -1.#QNAN0
586.011194, 50.887347, 1.000000, -1.#QNAN0
586.354359, 50.900392, 1.000000, -1.#QNAN0
586.425988, 50.891286, 1.000000, -1.#QNAN0
586.497158, 50.894042, 1.000000, -1.#QNAN0
586.568327, 50.896798, 1.000000, -1.#QNAN0
586.639956, 50.887693, 1.000000, -1.#QNAN0
586.980866, 50.902835, 1.000000, -1.#QNAN0
587.052019, 50.905990, 1.000000, -1.#QNAN0
587.123172, 50.909144, 1.000000, -1.#QNAN0
587.194325, 50.912298, 1.000000, -1.#QNAN0
587.535427, 50.929247, 1.000000, -1.#QNAN0
587.606562, 50.932789, 1.000000, -1.#QNAN0
587.677697, 50.936331, 1.000000, -1.#QNAN0
587.748832, 50.939874, 1.000000, -1.#QNAN0
588.090065, 50.958592, 1.000000, -1.#QNAN0
588.161180, 50.962514, 1.000000, -1.#QNAN0
588.232295, 50.966436, 1.000000, -1.#QNAN0
588.303410, 50.970358, 1.000000, -1.#QNAN0
588.644763, 50.990812, 1.000000, -1.#QNAN0
588.715141, 51.006955, 1.000000, -1.#QNAN0
588.786234, 51.011248, 1.000000, -1.#QNAN0
588.856612, 51.027390, 1.000000, -1.#QNAN0
589.197950, 51.049539, 1.000000, -1.#QNAN0
589.268245, 51.066041, 1.000000, -1.#QNAN0
589.338539, 51.082544, 1.000000, -1.#QNAN0
589.408834, 51.099046, 1.000000, -1.#QNAN0
589.751272, 51.122764, 1.000000, -1.#QNAN0
589.821493, 51.139577, 1.000000, -1.#QNAN0
589.892542, 51.144548, 1.000000, -1.#QNAN0
589.963591, 51.149520, 1.000000, -1.#QNAN0
590.033812, 51.166333, 1.000000, -1.#QNAN0
590.383191, 51.191107, 1.000000, -1.#QNAN0
590.453396, 51.207985, 1.000000, -1.#QNAN0
590.524440, 51.213022, 1.000000, -1.#QNAN0
590.595485, 51.218060, 1.000000, -1.#QNAN0
590.946742, 51.242966, 1.000000, -1.#QNAN0
591.017787, 51.248004, 1.000000, -1.#QNAN0
591.088831, 51.253041, 1.000000, -1.#QNAN0
591.160716, 51.246238, 1.000000, -1.#QNAN0
591.511973, 51.271144, 1.000000, -1.#QNAN0
591.583018, 51.276181, 1.000000, -1.#QNAN0
591.654063, 51.281219, 1.000000, -1.#QNAN0
591.725107, 51.286256, 1.000000, -1.#QNAN0
592.075525, 51.323003, 1.000000, -1.#QNAN0
592.146569, 51.328041, 1.000000, -1.#QNAN0
592.217614, 51.333078, 1.000000, -1.#QNAN0
592.288659, 51.338116, 1.000000, -1.#QNAN0
592.639916, 51.363022, 1.000000, -1.#QNAN0
592.711800, 51.356219, 1.000000, -1.#QNAN0
592.782845, 51.361256, 1.000000, -1.#QNAN0
592.854729, 51.354453, 1.000000, -1.#QNAN0
593.205987, 51.379359, 1.000000, -1.#QNAN0
593.277871, 51.372556, 1.000000, -1.#QNAN0
593.348915, 51.377593, 1.000000, -1.#QNAN0
593.419960, 51.382631, 1.000000, -1.#QNAN0
593.491844, 51.375827, 1.000000, -1.#QNAN0
593.843101, 51.400734, 1.000000, -1.#QNAN0
593.914146, 51.405771, 1.000000, -1.#QNAN0
593.985191, 51.410809, 1.000000, -1.#QNAN0
594.057075, 51.404005, 1.000000, -1.#QNAN0
594.408332, 51.428911, 1.000000, -1.#QNAN0
594.479377, 51.433949, 1.000000, -1.#QNAN0
594.550421, 51.438986, 1.000000, -1.#QNAN0
594.621466, 51.444024, 1.000000, -1.#QNAN0
594.972724, 51.468930, 1.000000, -1.#QNAN0
595.043768, 51.473967, 1.000000, -1.#QNAN0
595.114813, 51.479005, 1.000000, -1.#QNAN0
595.185858, 51.484042, 1.000000, -1.#QNAN0
595.537875, 51.509002, 1.000000, -1.#QNAN0
595.608919, 51.514040, 1.000000, -1.#QNAN0
595.679964, 51.519077, 1.000000, -1.#QNAN0
595.751848, 51.512274, 1.000000, -1.#QNAN0
596.104812, 51.537301, 1.000000, -1.#QNAN0
596.175856, 51.542339, 1.000000, -1.#QNAN0
596.246901, 51.547376, 1.000000, -1.#QNAN0
596.317106, 51.564255, 1.000000, -1.#QNAN0
596.671026, 51.589350, 1.000000, -1.#QNAN0
596.742071, 51.594387, 1.000000, -1.#QNAN0
596.813116, 51.599424, 1.000000, -1.#QNAN0
596.885000, 51.592621, 1.000000, -1.#QNAN0
596.956045, 51.597659, 1.000000, -1.#QNAN0
597.311770, 51.610981, 1.000000, -1.#QNAN0
597.382814, 51.616019, 1.000000, -1.#QNAN0
597.453859, 51.621056, 1.000000, -1.#QNAN0
597.524904, 51.626094, 1.000000, -1.#QNAN0
597.880764, 51.651326, 1.000000, -1.#QNAN0
597.952648, 51.644523, 1.000000, -1.#QNAN0
598.023693, 51.649560, 1.000000, -1.#QNAN0
598.094738, 51.654598, 1.000000, -1.#QNAN0
598.451583, 51.679900, 1.000000, -1.#QNAN0
598.522628, 51.684938, 1.000000, -1.#QNAN0
598.593672, 51.689975, 1.000000, -1.#QNAN0
598.664717, 51.695013, 1.000000, -1.#QNAN0
599.023395, 51.708545, 1.000000, -1.#QNAN0
599.094439, 51.713582, 1.000000, -1.#QNAN0
599.165484, 51.718620, 1.000000, -1.#QNAN0
599.236529, 51.723657, 1.000000, -1.#QNAN0
599.594557, 51.749044, 1.000000, -1.#QNAN0
599.665602, 51.754081, 1.000000, -1.#QNAN0
599.736646, 51.759118, 1.000000, -1.#QNAN0
599.807691, 51.764156, 1.000000, -1.#QNAN0
600.165720, 51.789542, 1.000000, -1.#QNAN0
600.236764, 51.794580, 1.000000, -1.#QNAN0
600.307809, 51.799617, 1.000000, -1.#QNAN0
600.378854, 51.804655, 1.000000, -1.#QNAN0
600.449059, 51.821533, 1.000000, -1.#QNAN0
600.807087, 51.846919, 1.000000, -1.#QNAN0
600.878132, 51.851957, 1.000000, -1.#QNAN0
600.949176, 51.856994, 1.000000, -1.#QNAN0
601.020221, 51.862032, 1.000000, -1.#QNAN0
601.377410, 51.899259, 1.000000, -1.#QNAN0
601.448454, 51.904296, 1.000000, -1.#QNAN0
601.520338, 51.897493, 1.000000, -1.#QNAN0
601.591383, 51.902530, 1.000000, -1.#QNAN0
601.949412, 51.927917, 1.000000, -1.#QNAN0
602.020457, 51.932954, 1.000000, -1.#QNAN0
602.091501, 51.937992, 1.000000, -1.#QNAN0
602.162546, 51.943029, 1.000000, -1.#QNAN0
602.520574, 51.968415, 1.000000, -1.#QNAN0
602.592458, 51.961612, 1.000000, -1.#QNAN0
602.663503, 51.966650, 1.000000, -1.#QNAN0
602.734548, 51.971687, 1.000000, -1.#QNAN0
603.090808, 51.997230, 1.000000, -1.#QNAN0
603.161848, 52.002332, 1.000000, -1.#QNAN0
603.232888, 52.007433, 1.000000, -1.#QNAN0
603.303928, 52.012535, 1.000000, -1.#QNAN0
603.655012, 52.038801, 1.000000, -1.#QNAN0
603.726034, 52.044155, 1.000000, -1.#QNAN0
603.797055, 52.049509, 1.000000, -1.#QNAN0
603.868077, 52.054862, 1.000000, -1.#QNAN0
603.938206, 52.072053, 1.000000, -1.#QNAN0
604.288069, 52.099881, 1.000000, -1.#QNAN0
604.359068, 52.105525, 1.000000, -1.#QNAN0
604.431008, 52.099336, 1.000000, -1.#QNAN0
604.502007, 52.104980, 1.000000, -1.#QNAN0
604.852835, 52.122360, 1.000000, -1.#QNAN0
604.923810, 52.128293, 1.000000, -1.#QNAN0
604.994786, 52.134226, 1.000000, -1.#QNAN0
605.065761, 52.140158, 1.000000, -1.#QNAN0
605.415570, 52.170743, 1.000000, -1.#QNAN0
605.486521, 52.176963, 1.000000, -1.#QNAN0
605.558509, 52.171358, 1.000000, -1.#QNAN0
605.629460, 52.177578, 1.000000, -1.#QNAN0
605.979233, 52.209532, 1.000000, -1.#QNAN0
606.050158, 52.216037, 1.000000, -1.#QNAN0
606.121084, 52.222543, 1.000000, -1.#QNAN0
606.192009, 52.229049, 1.000000, -1.#QNAN0
606.540563, 52.274177, 1.000000, -1.#QNAN0
606.611462, 52.280967, 1.000000, -1.#QNAN0
606.682360, 52.287756, 1.000000, -1.#QNAN0
606.753259, 52.294546, 1.000000, -1.#QNAN0
607.104760, 52.329096, 1.000000, -1.#QNAN0
607.175638, 52.336097, 1.000000, -1.#QNAN0
607.246516, 52.343098, 1.000000, -1.#QNAN0
607.318561, 52.338286, 1.000000, -1.#QNAN0
607.389439, 52.345287, 1.000000, -1.#QNAN0
607.746793, 52.368844, 1.000000, -1.#QNAN0
607.817667, 52.375882, 1.000000, -1.#QNAN0
607.888542, 52.382919, 1.000000, -1.#QNAN0
607.959416, 52.389957, 1.000000, -1.#QNAN0
608.315414, 52.437237, 1.000000, -1.#QNAN0
608.386288, 52.444274, 1.000000, -1.#QNAN0
608.457163, 52.451312, 1.000000, -1.#QNAN0
608.528037, 52.458350, 1.000000, -1.#QNAN0
608.885208, 52.493817, 1.000000, -1.#QNAN0
608.957255, 52.489043, 1.000000, -1.#QNAN0
609.029303, 52.484268, 1.000000, -1.#QNAN0
609.101350, 52.479494, 1.000000, -1.#QNAN0
609.458521, 52.514961, 1.000000, -1.#QNAN0
609.530568, 52.510186, 1.000000, -1.#QNAN0
609.601443, 52.517224, 1.000000, -1.#QNAN0
609.672317, 52.524262, 1.000000, -1.#QNAN0
610.029487, 52.559729, 1.000000, -1.#QNAN0
610.099189, 52.578579, 1.000000, -1.#QNAN0
610.171236, 52.573804, 1.000000, -1.#QNAN0
610.242111, 52.580842, 1.000000, -1.#QNAN0
610.599282, 52.616309, 1.000000, -1.#QNAN0
610.670156, 52.623347, 1.000000, -1.#QNAN0
610.739858, 52.642197, 1.000000, -1.#QNAN0
610.809559, 52.661048, 1.000000, -1.#QNAN0
610.880434, 52.668086, 1.000000, -1.#QNAN0
611.237604, 52.703553, 1.000000, -1.#QNAN0
611.308479, 52.710590, 1.000000, -1.#QNAN0
611.379353, 52.717628, 1.000000, -1.#QNAN0
611.450227, 52.724666, 1.000000, -1.#QNAN0
611.807398, 52.760133, 1.000000, -1.#QNAN0
611.878272, 52.767171, 1.000000, -1.#QNAN0
611.949147, 52.774209, 1.000000, -1.#QNAN0
612.020021, 52.781247, 1.000000, -1.#QNAN0
612.377192, 52.816714, 1.000000, -1.#QNAN0
612.445721, 52.847376, 1.000000, -1.#QNAN0
612.516595, 52.854414, 1.000000, -1.#QNAN0
612.587470, 52.861452, 1.000000, -1.#QNAN0
612.944640, 52.896919, 1.000000, -1.#QNAN0
613.014342, 52.915769, 1.000000, -1.#QNAN0
613.085216, 52.922807, 1.000000, -1.#QNAN0
613.156091, 52.929845, 1.000000, -1.#QNAN0
613.516441, 52.965628, 1.000000, -1.#QNAN0
613.586143, 52.984478, 1.000000, -1.#QNAN0
613.657017, 52.991516, 1.000000, -1.#QNAN0
613.727891, 52.998554, 1.000000, -1.#QNAN0
614.091521, 53.034662, 1.000000, -1.#QNAN0
614.162396, 53.041700, 1.000000, -1.#QNAN0
614.232097, 53.060550, 1.000000, -1.#QNAN0
614.302971, 53.067588, 1.000000, -1.#QNAN0
614.373846, 53.074626, 1.000000, -1.#QNAN0
614.740754, 53.111060, 1.000000, -1.#QNAN0
614.811628, 53.118098, 1.000000, -1.#QNAN0
614.881329, 53.136948, 1.000000, -1.#QNAN0
614.952204, 53.143986, 1.000000, -1.#QNAN0
615.322390, 53.180745, 1.000000, -1.#QNAN0
615.393265, 53.187783, 1.000000, -1.#QNAN0
615.464139, 53.194821, 1.000000, -1.#QNAN0
615.535014, 53.201859, 1.000000, -1.#QNAN0
615.896667, 53.237771, 1.000000, -1.#QNAN0
615.966369, 53.256621, 1.000000, -1.#QNAN0
616.037243, 53.263659, 1.000000, -1.#QNAN0
616.108117, 53.270697, 1.000000, -1.#QNAN0
616.474222, 53.295123, 1.000000, -1.#QNAN0
616.545097, 53.302160, 1.000000, -1.#QNAN0
616.615971, 53.309198, 1.000000, -1.#QNAN0
616.686846, 53.316236, 1.000000, -1.#QNAN0
616.757720, 53.323274, 1.000000, -1.#QNAN0
617.125931, 53.359837, 1.000000, -1.#QNAN0
617.196805, 53.366875, 1.000000, -1.#QNAN0
617.266507, 53.385725, 1.000000, -1.#QNAN0
617.336208, 53.404576, 1.000000, -1.#QNAN0
617.704518, 53.441149, 1.000000, -1.#QNAN0
617.775393, 53.448187, 1.000000, -1.#QNAN0
617.846267, 53.455224, 1.000000, -1.#QNAN0
617.915969, 53.474075, 1.000000, -1.#QNAN0
618.284278, 53.510648, 1.000000, -1.#QNAN0
618.355152, 53.517686, 1.000000, -1.#QNAN0
618.426027, 53.524723, 1.000000, -1.#QNAN0
618.496901, 53.531761, 1.000000, -1.#QNAN0
618.567776, 53.538799, 1.000000, -1.#QNAN0
618.936085, 53.575372, 1.000000, -1.#QNAN0
619.005786, 53.594223, 1.000000, -1.#QNAN0
619.076661, 53.601260, 1.000000, -1.#QNAN0
619.147535, 53.608298, 1.000000, -1.#QNAN0
619.515845, 53.644871, 1.000000, -1.#QNAN0
619.586720, 53.651909, 1.000000, -1.#QNAN0
619.657594, 53.658947, 1.000000, -1.#QNAN0
619.728469, 53.665985, 1.000000, -1.#QNAN0
620.095605, 53.714370, 1.000000, -1.#QNAN0
620.166479, 53.721408, 1.000000, -1.#QNAN0
620.237354, 53.728446, 1.000000, -1.#QNAN0
620.308228, 53.735484, 1.000000, -1.#QNAN0
620.379103, 53.742522, 1.000000, -1.#QNAN0
620.747412, 53.779095, 1.000000, -1.#QNAN0
620.818286, 53.786133, 1.000000, -1.#QNAN0
620.889161, 53.793171, 1.000000, -1.#QNAN0
620.960035, 53.800208, 1.000000, -1.#QNAN0
621.327804, 53.848550, 1.000000, -1.#QNAN0
621.398680, 53.855566, 1.000000, -1.#QNAN0
621.469557, 53.862582, 1.000000, -1.#QNAN0
621.540434, 53.869598, 1.000000, -1.#QNAN0
621.908512, 53.917816, 1.000000, -1.#QNAN0
621.979392, 53.924801, 1.000000, -1.#QNAN0
622.050272, 53.931785, 1.000000, -1.#QNAN0
622.121151, 53.938769, 1.000000, -1.#QNAN0
622.193195, 53.933940, 1.000000, -1.#QNAN0
622.562448, 53.970158, 1.000000, -1.#QNAN0
622.633331, 53.977111, 1.000000, -1.#QNAN0
622.704214, 53.984064, 1.000000, -1.#QNAN0
622.775097, 53.991016, 1.000000, -1.#QNAN0
623.143197, 54.038896, 1.000000, -1.#QNAN0
623.214083, 54.045818, 1.000000, -1.#QNAN0
623.284969, 54.052740, 1.000000, -1.#QNAN0
623.355855, 54.059661, 1.000000, -1.#QNAN0
623.723964, 54.107392, 1.000000, -1.#QNAN0
623.794853, 54.114283, 1.000000, -1.#QNAN0
623.864593, 54.132988, 1.000000, -1.#QNAN0
623.935482, 54.139879, 1.000000, -1.#QNAN0
624.005223, 54.158585, 1.000000, -1.#QNAN0
624.374499, 54.194324, 1.000000, -1.#QNAN0
624.445391, 54.201185, 1.000000, -1.#QNAN0
624.516282, 54.208046, 1.000000, -1.#QNAN0
624.587174, 54.214907, 1.000000, -1.#QNAN0
624.955312, 54.262316, 1.000000, -1.#QNAN0
625.026207, 54.269147, 1.000000, -1.#QNAN0
625.095963, 54.287794, 1.000000, -1.#QNAN0
625.166857, 54.294626, 1.000000, -1.#QNAN0
625.534304, 54.341932, 1.000000, -1.#QNAN0
625.605199, 54.348758, 1.000000, -1.#QNAN0
625.674956, 54.367399, 1.000000, -1.#QNAN0
625.745852, 54.374225, 1.000000, -1.#QNAN0
625.817884, 54.369235, 1.000000, -1.#QNAN0
626.186306, 54.404705, 1.000000, -1.#QNAN0
626.257201, 54.411531, 1.000000, -1.#QNAN0
626.328096, 54.418356, 1.000000, -1.#QNAN0
626.397854, 54.436998, 1.000000, -1.#QNAN0
626.766272, 54.472468, 1.000000, -1.#QNAN0
626.837167, 54.479293, 1.000000, -1.#QNAN0
626.908062, 54.486119, 1.000000, -1.#QNAN0
626.978957, 54.492944, 1.000000, -1.#QNAN0
627.347374, 54.528414, 1.000000, -1.#QNAN0
627.418270, 54.535240, 1.000000, -1.#QNAN0
627.488027, 54.553881, 1.000000, -1.#QNAN0
627.558922, 54.560707, 1.000000, -1.#QNAN0
627.629818, 54.567532, 1.000000, -1.#QNAN0
627.998235, 54.603002, 1.000000, -1.#QNAN0
628.069130, 54.609828, 1.000000, -1.#QNAN0
628.140025, 54.616653, 1.000000, -1.#QNAN0
628.209783, 54.635295, 1.000000, -1.#QNAN0
628.578201, 54.670765, 1.000000, -1.#QNAN0
628.647958, 54.689406, 1.000000, -1.#QNAN0
628.718853, 54.696232, 1.000000, -1.#QNAN0
628.789749, 54.703057, 1.000000, -1.#QNAN0
629.158166, 54.738527, 1.000000, -1.#QNAN0
629.229061, 54.745353, 1.000000, -1.#QNAN0
629.298819, 54.763994, 1.000000, -1.#QNAN0
629.369714, 54.770820, 1.000000, -1.#QNAN0
629.440609, 54.777645, 1.000000, -1.#QNAN0
629.809026, 54.813115, 1.000000, -1.#QNAN0
629.878784, 54.831757, 1.000000, -1.#QNAN0
629.950817, 54.826766, 1.000000, -1.#QNAN0
630.021712, 54.833592, 1.000000, -1.#QNAN0
630.392803, 54.869319, 1.000000, -1.#QNAN0
630.464836, 54.864329, 1.000000, -1.#QNAN0
630.535731, 54.871154, 1.000000, -1.#QNAN0
630.606627, 54.877980, 1.000000, -1.#QNAN0
630.988076, 54.902779, 1.000000, -1.#QNAN0
631.058972, 54.909605, 1.000000, -1.#QNAN0
631.129867, 54.916430, 1.000000, -1.#QNAN0
631.200762, 54.923256, 1.000000, -1.#QNAN0
631.270520, 54.941897, 1.000000, -1.#QNAN0
631.648239, 54.978263, 1.000000, -1.#QNAN0
631.717997, 54.996904, 1.000000, -1.#QNAN0
631.788892, 55.003730, 1.000000, -1.#QNAN0
631.859787, 55.010555, 1.000000, -1.#QNAN0
632.245596, 55.059625, 1.000000, -1.#QNAN0
632.316491, 55.066450, 1.000000, -1.#QNAN0
632.387386, 55.073276, 1.000000, -1.#QNAN0
632.457144, 55.091917, 1.000000, -1.#QNAN0
632.528039, 55.098743, 1.000000, -1.#QNAN0
632.911258, 55.147563, 1.000000, -1.#QNAN0
632.981016, 55.166205, 1.000000, -1.#QNAN0
633.051911, 55.173030, 1.000000, -1.#QNAN0
633.121668, 55.191672, 1.000000, -1.#QNAN0
633.515254, 55.229565, 1.000000, -1.#QNAN0
633.585012, 55.248206, 1.000000, -1.#QNAN0
633.655907, 55.255032, 1.000000, -1.#QNAN0
633.726802, 55.261857, 1.000000, -1.#QNAN0
633.797697, 55.268683, 1.000000, -1.#QNAN0
634.200515, 55.307465, 1.000000, -1.#QNAN0
634.270272, 55.326106, 1.000000, -1.#QNAN0
634.341168, 55.332932, 1.000000, -1.#QNAN0
634.412063, 55.339757, 1.000000, -1.#QNAN0
634.484096, 55.334767, 1.000000, -1.#QNAN0
634.881652, 55.373042, 1.000000, -1.#QNAN0
634.953684, 55.368052, 1.000000, -1.#QNAN0
635.024580, 55.374877, 1.000000, -1.#QNAN0
635.095475, 55.381703, 1.000000, -1.#QNAN0
635.493030, 55.419978, 1.000000, -1.#QNAN0
635.562788, 55.438620, 1.000000, -1.#QNAN0
635.633683, 55.445445, 1.000000, -1.#QNAN0
635.705716, 55.440455, 1.000000, -1.#QNAN0
635.775474, 55.459096, 1.000000, -1.#QNAN0
636.173030, 55.497372, 1.000000, -1.#QNAN0
636.242788, 55.516013, 1.000000, -1.#QNAN0
636.313683, 55.522839, 1.000000, -1.#QNAN0
636.384578, 55.529664, 1.000000, -1.#QNAN0
636.455473, 55.536490, 1.000000, -1.#QNAN0
636.853029, 55.574765, 1.000000, -1.#QNAN0
636.922787, 55.593406, 1.000000, -1.#QNAN0
636.993682, 55.600232, 1.000000, -1.#QNAN0
637.064577, 55.607057, 1.000000, -1.#QNAN0
637.135472, 55.613883, 1.000000, -1.#QNAN0
637.534166, 55.640342, 1.000000, -1.#QNAN0
637.603923, 55.658984, 1.000000, -1.#QNAN0
637.674819, 55.665809, 1.000000, -1.#QNAN0
637.745714, 55.672635, 1.000000, -1.#QNAN0
637.816609, 55.679460, 1.000000, -1.#QNAN0
638.213222, 55.717805, 1.000000, -1.#QNAN0
638.284115, 55.724660, 1.000000, -1.#QNAN0
638.355007, 55.731514, 1.000000, -1.#QNAN0
638.425899, 55.738369, 1.000000, -1.#QNAN0
638.497934, 55.733408, 1.000000, -1.#QNAN0
638.891582, 55.772151, 1.000000, -1.#QNAN0
638.962463, 55.779127, 1.000000, -1.#QNAN0
639.033343, 55.786102, 1.000000, -1.#QNAN0
639.104224, 55.793078, 1.000000, -1.#QNAN0
639.496037, 55.844232, 1.000000, -1.#QNAN0
639.566903, 55.851346, 1.000000, -1.#QNAN0
639.637770, 55.858461, 1.000000, -1.#QNAN0
639.707451, 55.877387, 1.000000, -1.#QNAN0
639.778318, 55.884502, 1.000000, -1.#QNAN0
640.170054, 55.936440, 1.000000, -1.#QNAN0
640.239698, 55.955501, 1.000000, -1.#QNAN0
640.309342, 55.974561, 1.000000, -1.#QNAN0
640.381404, 55.970004, 1.000000, -1.#QNAN0
640.452257, 55.977256, 1.000000, -1.#QNAN0
640.845374, 56.018147, 1.000000, -1.#QNAN0
640.917444, 56.013720, 1.000000, -1.#QNAN0
640.988283, 56.021100, 1.000000, -1.#QNAN0
641.059123, 56.028480, 1.000000, -1.#QNAN0
641.129963, 56.035859, 1.000000, -1.#QNAN0
641.523275, 56.077469, 1.000000, -1.#QNAN0
641.594102, 56.084969, 1.000000, -1.#QNAN0
641.664929, 56.092469, 1.000000, -1.#QNAN0
641.735756, 56.099968, 1.000000, -1.#QNAN0
641.806583, 56.107468, 1.000000, -1.#QNAN0
642.200093, 56.149749, 1.000000, -1.#QNAN0
642.272176, 56.145558, 1.000000, -1.#QNAN0
642.342992, 56.153170, 1.000000, -1.#QNAN0
642.413807, 56.160782, 1.000000, -1.#QNAN0
642.484622, 56.168393, 1.000000, -1.#QNAN0
642.878128, 56.223031, 1.000000, -1.#QNAN0
642.948935, 56.230714, 1.000000, -1.#QNAN0
643.018462, 56.250198, 1.000000, -1.#QNAN0
643.089269, 56.257881, 1.000000, -1.#QNAN0
643.485053, 56.312765, 1.000000, -1.#QNAN0
643.555860, 56.320448, 1.000000, -1.#QNAN0
643.625387, 56.339932, 1.000000, -1.#QNAN0
643.696194, 56.347615, 1.000000, -1.#QNAN0
643.768282, 56.343496, 1.000000, -1.#QNAN0
644.165347, 56.386579, 1.000000, -1.#QNAN0
644.236154, 56.394262, 1.000000, -1.#QNAN0
644.306961, 56.401945, 1.000000, -1.#QNAN0
644.376488, 56.421429, 1.000000, -1.#QNAN0
644.447296, 56.429112, 1.000000, -1.#QNAN0
644.843079, 56.483996, 1.000000, -1.#QNAN0
644.912606, 56.503480, 1.000000, -1.#QNAN0
644.983413, 56.511163, 1.000000, -1.#QNAN0
645.052940, 56.530647, 1.000000, -1.#QNAN0
645.123748, 56.538330, 1.000000, -1.#QNAN0
645.520811, 56.581412, 1.000000, -1.#QNAN0
645.591619, 56.589095, 1.000000, -1.#QNAN0
645.662426, 56.596778, 1.000000, -1.#QNAN0
645.733234, 56.604461, 1.000000, -1.#QNAN0
645.802760, 56.623945, 1.000000, -1.#QNAN0
646.199825, 56.667028, 1.000000, -1.#QNAN0
646.270632, 56.674710, 1.000000, -1.#QNAN0
646.341440, 56.682393, 1.000000, -1.#QNAN0
646.410967, 56.701877, 1.000000, -1.#QNAN0
646.481774, 56.709560, 1.000000, -1.#QNAN0
646.878838, 56.752643, 1.000000, -1.#QNAN0
646.948364, 56.772127, 1.000000, -1.#QNAN0
647.019172, 56.779810, 1.000000, -1.#QNAN0
647.089979, 56.787493, 1.000000, -1.#QNAN0
647.487043, 56.830575, 1.000000, -1.#QNAN0
647.557850, 56.838258, 1.000000, -1.#QNAN0
647.628658, 56.845941, 1.000000, -1.#QNAN0
647.699465, 56.853624, 1.000000, -1.#QNAN0
647.770273, 56.861307, 1.000000, -1.#QNAN0
648.166056, 56.916191, 1.000000, -1.#QNAN0
648.236864, 56.923873, 1.000000, -1.#QNAN0
648.307671, 56.931556, 1.000000, -1.#QNAN0
648.377198, 56.951040, 1.000000, -1.#QNAN0
648.448006, 56.958723, 1.000000, -1.#QNAN0
648.845069, 57.001806, 1.000000, -1.#QNAN0
648.914596, 57.021290, 1.000000, -1.#QNAN0
648.985404, 57.028973, 1.000000, -1.#QNAN0
649.056211, 57.036656, 1.000000, -1.#QNAN0
649.127019, 57.044339, 1.000000, -1.#QNAN0
649.523740, 57.087384, 1.000000, -1.#QNAN0
649.595827, 57.083266, 1.000000, -1.#QNAN0
649.666635, 57.090948, 1.000000, -1.#QNAN0
649.736162, 57.110433, 1.000000, -1.#QNAN0
649.806969, 57.118115, 1.000000, -1.#QNAN0
650.211576, 57.173957, 1.000000, -1.#QNAN0
650.282384, 57.181640, 1.000000, -1.#QNAN0
650.353191, 57.189322, 1.000000, -1.#QNAN0
650.423999, 57.197005, 1.000000, -1.#QNAN0
650.825971, 57.252561, 1.000000, -1.#QNAN0
650.896778, 57.260244, 1.000000, -1.#QNAN0
650.967586, 57.267926, 1.000000, -1.#QNAN0
651.038393, 57.275609, 1.000000, -1.#QNAN0
651.109201, 57.283292, 1.000000, -1.#QNAN0
651.511100, 57.314959, 1.000000, -1.#QNAN0
651.581907, 57.322642, 1.000000, -1.#QNAN0
651.652715, 57.330325, 1.000000, -1.#QNAN0
651.724803, 57.326207, 1.000000, -1.#QNAN0
651.795610, 57.333889, 1.000000, -1.#QNAN0
652.193597, 57.377072, 1.000000, -1.#QNAN0
652.264404, 57.384755, 1.000000, -1.#QNAN0
652.333931, 57.404239, 1.000000, -1.#QNAN0
652.404738, 57.411922, 1.000000, -1.#QNAN0
652.798811, 57.466620, 1.000000, -1.#QNAN0
652.868338, 57.486104, 1.000000, -1.#QNAN0
652.939146, 57.493787, 1.000000, -1.#QNAN0
653.009953, 57.501470, 1.000000, -1.#QNAN0
653.079480, 57.520954, 1.000000, -1.#QNAN0
653.472202, 57.563566, 1.000000, -1.#QNAN0
653.541729, 57.583050, 1.000000, -1.#QNAN0
653.612536, 57.590733, 1.000000, -1.#QNAN0
653.683344, 57.598416, 1.000000, -1.#QNAN0
653.752871, 57.617900, 1.000000, -1.#QNAN0
654.143304, 57.660263, 1.000000, -1.#QNAN0
654.212831, 57.679747, 1.000000, -1.#QNAN0
654.283638, 57.687430, 1.000000, -1.#QNAN0
654.355726, 57.683311, 1.000000, -1.#QNAN0
654.746159, 57.725675, 1.000000, -1.#QNAN0
654.818247, 57.721556, 1.000000, -1.#QNAN0
654.889054, 57.729239, 1.000000, -1.#QNAN0
654.961142, 57.725121, 1.000000, -1.#QNAN0
655.031950, 57.732804, 1.000000, -1.#QNAN0
655.421102, 57.786968, 1.000000, -1.#QNAN0
655.491909, 57.794651, 1.000000, -1.#QNAN0
655.561436, 57.814135, 1.000000, -1.#QNAN0
655.632244, 57.821818, 1.000000, -1.#QNAN0
655.703051, 57.829501, 1.000000, -1.#QNAN0
656.093485, 57.871864, 1.000000, -1.#QNAN0
656.165572, 57.867745, 1.000000, -1.#QNAN0
656.236380, 57.875428, 1.000000, -1.#QNAN0
656.307187, 57.883111, 1.000000, -1.#QNAN0
656.697620, 57.925474, 1.000000, -1.#QNAN0
656.767147, 57.944958, 1.000000, -1.#QNAN0
656.837954, 57.952641, 1.000000, -1.#QNAN0
656.908762, 57.960324, 1.000000, -1.#QNAN0
656.978289, 57.979808, 1.000000, -1.#QNAN0
657.369009, 58.022162, 1.000000, -1.#QNAN0
657.439818, 58.029837, 1.000000, -1.#QNAN0
657.509347, 58.049313, 1.000000, -1.#QNAN0
657.580155, 58.056988, 1.000000, -1.#QNAN0
657.650964, 58.064663, 1.000000, -1.#QNAN0
658.042341, 58.118691, 1.000000, -1.#QNAN0
658.113156, 58.126305, 1.000000, -1.#QNAN0
658.183971, 58.133919, 1.000000, -1.#QNAN0
658.253517, 58.153335, 1.000000, -1.#QNAN0
658.646522, 58.195257, 1.000000, -1.#QNAN0
658.716087, 58.214605, 1.000000, -1.#QNAN0
658.785652, 58.233953, 1.000000, -1.#QNAN0
658.856475, 58.241496, 1.000000, -1.#QNAN0
658.927297, 58.249040, 1.000000, -1.#QNAN0
659.320400, 58.290554, 1.000000, -1.#QNAN0
659.391230, 58.298028, 1.000000, -1.#QNAN0
659.462060, 58.305501, 1.000000, -1.#QNAN0
659.532890, 58.312975, 1.000000, -1.#QNAN0
659.603720, 58.320448, 1.000000, -1.#QNAN0
659.996898, 58.361546, 1.000000, -1.#QNAN0
660.067736, 58.368948, 1.000000, -1.#QNAN0
660.138573, 58.376350, 1.000000, -1.#QNAN0
660.209410, 58.383752, 1.000000, -1.#QNAN0
660.602656, 58.424500, 1.000000, -1.#QNAN0
660.673501, 58.431830, 1.000000, -1.#QNAN0
660.744346, 58.439160, 1.000000, -1.#QNAN0
660.815191, 58.446489, 1.000000, -1.#QNAN0
660.886036, 58.453819, 1.000000, -1.#QNAN0
661.279357, 58.494141, 1.000000, -1.#QNAN0
661.350210, 58.501398, 1.000000, -1.#QNAN0
661.421062, 58.508654, 1.000000, -1.#QNAN0
661.491915, 58.515911, 1.000000, -1.#QNAN0
661.562767, 58.523168, 1.000000, -1.#QNAN0
661.955893, 58.563070, 1.000000, -1.#QNAN0
662.026752, 58.570260, 1.000000, -1.#QNAN0
662.097611, 58.577450, 1.000000, -1.#QNAN0
662.168471, 58.584640, 1.000000, -1.#QNAN0
662.559746, 58.624271, 1.000000, -1.#QNAN0
662.630606, 58.631446, 1.000000, -1.#QNAN0
662.701467, 58.638621, 1.000000, -1.#QNAN0
662.772328, 58.645795, 1.000000, -1.#QNAN0
662.841993, 58.664780, 1.000000, -1.#QNAN0
663.231523, 58.716152, 1.000000, -1.#QNAN0
663.301188, 58.735137, 1.000000, -1.#QNAN0
663.372049, 58.742312, 1.000000, -1.#QNAN0
663.442910, 58.749487, 1.000000, -1.#QNAN0
663.512574, 58.768472, 1.000000, -1.#QNAN0
663.903302, 58.808034, 1.000000, -1.#QNAN0
663.974162, 58.815209, 1.000000, -1.#QNAN0
664.045023, 58.822384, 1.000000, -1.#QNAN0
664.115884, 58.829559, 1.000000, -1.#QNAN0
664.506610, 58.869121, 1.000000, -1.#QNAN0
664.577471, 58.876296, 1.000000, -1.#QNAN0
664.648332, 58.883470, 1.000000, -1.#QNAN0
664.719192, 58.890645, 1.000000, -1.#QNAN0
664.788857, 58.909630, 1.000000, -1.#QNAN0
665.179584, 58.949192, 1.000000, -1.#QNAN0
665.249249, 58.968177, 1.000000, -1.#QNAN0
665.320109, 58.975352, 1.000000, -1.#QNAN0
665.390970, 58.982527, 1.000000, -1.#QNAN0
665.460635, 59.001512, 1.000000, -1.#QNAN0
665.851362, 59.041074, 1.000000, -1.#QNAN0
665.922223, 59.048249, 1.000000, -1.#QNAN0
665.993084, 59.055424, 1.000000, -1.#QNAN0
666.062749, 59.074409, 1.000000, -1.#QNAN0
666.452279, 59.125781, 1.000000, -1.#QNAN0
666.523140, 59.132956, 1.000000, -1.#QNAN0
666.594001, 59.140130, 1.000000, -1.#QNAN0
666.664861, 59.147305, 1.000000, -1.#QNAN0
666.734526, 59.166290, 1.000000, -1.#QNAN0
667.125253, 59.205852, 1.000000, -1.#QNAN0
667.196113, 59.213027, 1.000000, -1.#QNAN0
667.266974, 59.220202, 1.000000, -1.#QNAN0
667.336639, 59.239187, 1.000000, -1.#QNAN0
667.407500, 59.246362, 1.000000, -1.#QNAN0
667.797031, 59.297734, 1.000000, -1.#QNAN0
667.866696, 59.316719, 1.000000, -1.#QNAN0
667.937557, 59.323894, 1.000000, -1.#QNAN0
668.008417, 59.331069, 1.000000, -1.#QNAN0
668.399144, 59.370631, 1.000000, -1.#QNAN0
668.470005, 59.377806, 1.000000, -1.#QNAN0
668.540865, 59.384980, 1.000000, -1.#QNAN0
668.611726, 59.392155, 1.000000, -1.#QNAN0
668.682587, 59.399330, 1.000000, -1.#QNAN0
669.073313, 59.438892, 1.000000, -1.#QNAN0
669.144174, 59.446067, 1.000000, -1.#QNAN0
669.215035, 59.453242, 1.000000, -1.#QNAN0
669.284700, 59.472227, 1.000000, -1.#QNAN0
669.355560, 59.479402, 1.000000, -1.#QNAN0
669.745518, 59.518886, 1.000000, -1.#QNAN0
669.816378, 59.526061, 1.000000, -1.#QNAN0
669.887239, 59.533235, 1.000000, -1.#QNAN0
669.959296, 59.528600, 1.000000, -1.#QNAN0
670.348169, 59.567975, 1.000000, -1.#QNAN0
670.419029, 59.575149, 1.000000, -1.#QNAN0
670.489890, 59.582324, 1.000000, -1.#QNAN0
670.561946, 59.577689, 1.000000, -1.#QNAN0
670.632807, 59.584864, 1.000000, -1.#QNAN0
671.021793, 59.612318, 1.000000, -1.#QNAN0
671.092653, 59.619493, 1.000000, -1.#QNAN0
671.164710, 59.614858, 1.000000, -1.#QNAN0
671.235571, 59.622033, 1.000000, -1.#QNAN0
671.305236, 59.641018, 1.000000, -1.#QNAN0
671.691943, 59.680173, 1.000000, -1.#QNAN0
671.762804, 59.687348, 1.000000, -1.#QNAN0
671.833665, 59.694522, 1.000000, -1.#QNAN0
671.904525, 59.701697, 1.000000, -1.#QNAN0
672.288954, 59.752553, 1.000000, -1.#QNAN0
672.359815, 59.759728, 1.000000, -1.#QNAN0
672.429480, 59.778713, 1.000000, -1.#QNAN0
672.500341, 59.785888, 1.000000, -1.#QNAN0
672.571201, 59.793062, 1.000000, -1.#QNAN0
672.955744, 59.831998, 1.000000, -1.#QNAN0
673.025409, 59.850983, 1.000000, -1.#QNAN0
673.096270, 59.858158, 1.000000, -1.#QNAN0
673.167131, 59.865333, 1.000000, -1.#QNAN0
673.237991, 59.872508, 1.000000, -1.#QNAN0
673.633264, 59.912530, 1.000000, -1.#QNAN0
673.704125, 59.919705, 1.000000, -1.#QNAN0
673.774985, 59.926880, 1.000000, -1.#QNAN0
673.845846, 59.934055, 1.000000, -1.#QNAN0
674.239609, 59.985855, 1.000000, -1.#QNAN0
674.310469, 59.993030, 1.000000, -1.#QNAN0
674.380134, 60.012015, 1.000000, -1.#QNAN0
674.450995, 60.019190, 1.000000, -1.#QNAN0
674.521856, 60.026365, 1.000000, -1.#QNAN0
674.916814, 60.066355, 1.000000, -1.#QNAN0
674.986479, 60.085340, 1.000000, -1.#QNAN0
675.057340, 60.092515, 1.000000, -1.#QNAN0
675.128201, 60.099690, 1.000000, -1.#QNAN0
675.523160, 60.139681, 1.000000, -1.#QNAN0
675.594021, 60.146856, 1.000000, -1.#QNAN0
675.664881, 60.154030, 1.000000, -1.#QNAN0
675.734546, 60.173015, 1.000000, -1.#QNAN0
675.805407, 60.180190, 1.000000, -1.#QNAN0
676.200365, 60.220181, 1.000000, -1.#QNAN0
676.270030, 60.239166, 1.000000, -1.#QNAN0
676.340891, 60.246340, 1.000000, -1.#QNAN0
676.411752, 60.253515, 1.000000, -1.#QNAN0
676.806710, 60.293506, 1.000000, -1.#QNAN0
676.877571, 60.300681, 1.000000, -1.#QNAN0
676.948432, 60.307856, 1.000000, -1.#QNAN0
677.018097, 60.326841, 1.000000, -1.#QNAN0
677.088957, 60.334015, 1.000000, -1.#QNAN0
677.485096, 60.373964, 1.000000, -1.#QNAN0
677.554768, 60.392920, 1.000000, -1.#QNAN0
677.624441, 60.411876, 1.000000, -1.#QNAN0
677.695305, 60.419022, 1.000000, -1.#QNAN0
678.091361, 60.470609, 1.000000, -1.#QNAN0
678.162231, 60.477698, 1.000000, -1.#QNAN0
678.233100, 60.484787, 1.000000, -1.#QNAN0
678.303969, 60.491877, 1.000000, -1.#QNAN0
678.374839, 60.498966, 1.000000, -1.#QNAN0
678.772384, 60.538390, 1.000000, -1.#QNAN0
678.843259, 60.545417, 1.000000, -1.#QNAN0
678.914135, 60.552444, 1.000000, -1.#QNAN0
678.985011, 60.559470, 1.000000, -1.#QNAN0
679.381440, 60.610388, 1.000000, -1.#QNAN0
679.452322, 60.617352, 1.000000, -1.#QNAN0
679.522043, 60.636129, 1.000000, -1.#QNAN0
679.592925, 60.643093, 1.000000, -1.#QNAN0
679.663807, 60.650057, 1.000000, -1.#QNAN0
680.060318, 60.700593, 1.000000, -1.#QNAN0
680.131206, 60.707493, 1.000000, -1.#QNAN0
680.202094, 60.714394, 1.000000, -1.#QNAN0
680.272982, 60.721294, 1.000000, -1.#QNAN0
680.670698, 60.759693, 1.000000, -1.#QNAN0
680.741592, 60.766529, 1.000000, -1.#QNAN0
680.812486, 60.773366, 1.000000, -1.#QNAN0
680.882241, 60.792019, 1.000000, -1.#QNAN0
680.953135, 60.798856, 1.000000, -1.#QNAN0
681.350913, 60.836866, 1.000000, -1.#QNAN0
681.421813, 60.843639, 1.000000, -1.#QNAN0
681.492713, 60.850412, 1.000000, -1.#QNAN0
681.562485, 60.869002, 1.000000, -1.#QNAN0
681.959145, 60.906716, 1.000000, -1.#QNAN0
682.030048, 60.913453, 1.000000, -1.#QNAN0
682.099829, 60.932007, 1.000000, -1.#QNAN0
682.169610, 60.950561, 1.000000, -1.#QNAN0
682.240514, 60.957298, 1.000000, -1.#QNAN0
682.636006, 60.994838, 1.000000, -1.#QNAN0
682.705789, 61.013386, 1.000000, -1.#QNAN0
682.775571, 61.031933, 1.000000, -1.#QNAN0
682.846476, 61.038663, 1.000000, -1.#QNAN0
683.240557, 61.087992, 1.000000, -1.#QNAN0
683.311461, 61.094722, 1.000000, -1.#QNAN0
683.381244, 61.113269, 1.000000, -1.#QNAN0
683.452148, 61.119999, 1.000000, -1.#QNAN0
683.521931, 61.138546, 1.000000, -1.#QNAN0
683.917132, 61.176058, 1.000000, -1.#QNAN0
683.986915, 61.194605, 1.000000, -1.#QNAN0
684.057819, 61.201335, 1.000000, -1.#QNAN0
684.127602, 61.219882, 1.000000, -1.#QNAN0
684.521682, 61.269211, 1.000000, -1.#QNAN0
684.591465, 61.287758, 1.000000, -1.#QNAN0
684.661247, 61.306306, 1.000000, -1.#QNAN0
684.731030, 61.324853, 1.000000, -1.#QNAN0
684.803056, 61.319766, 1.000000, -1.#QNAN0
685.198259, 61.357277, 1.000000, -1.#QNAN0
685.270285, 61.352189, 1.000000, -1.#QNAN0
685.340067, 61.370737, 1.000000, -1.#QNAN0
685.410972, 61.377467, 1.000000, -1.#QNAN0
685.805052, 61.426795, 1.000000, -1.#QNAN0
685.874834, 61.445343, 1.000000, -1.#QNAN0
685.945739, 61.452073, 1.000000, -1.#QNAN0
686.016643, 61.458803, 1.000000, -1.#QNAN0
686.087547, 61.465533, 1.000000, -1.#QNAN0
686.482749, 61.503044, 1.000000, -1.#QNAN0
686.553653, 61.509774, 1.000000, -1.#QNAN0
686.623436, 61.528321, 1.000000, -1.#QNAN0
686.694340, 61.535051, 1.000000, -1.#QNAN0
687.088421, 61.584380, 1.000000, -1.#QNAN0
687.158204, 61.602927, 1.000000, -1.#QNAN0
687.229108, 61.609657, 1.000000, -1.#QNAN0
687.298891, 61.628205, 1.000000, -1.#QNAN0
687.368674, 61.646752, 1.000000, -1.#QNAN0
687.762754, 61.696081, 1.000000, -1.#QNAN0
687.833658, 61.702811, 1.000000, -1.#QNAN0
687.903441, 61.721358, 1.000000, -1.#QNAN0
687.974345, 61.728088, 1.000000, -1.#QNAN0
688.369547, 61.765599, 1.000000, -1.#QNAN0
688.440451, 61.772329, 1.000000, -1.#QNAN0
688.511355, 61.779059, 1.000000, -1.#QNAN0
688.582260, 61.785789, 1.000000, -1.#QNAN0
688.653164, 61.792519, 1.000000, -1.#QNAN0
689.048366, 61.830030, 1.000000, -1.#QNAN0
689.118149, 61.848578, 1.000000, -1.#QNAN0
689.189053, 61.855308, 1.000000, -1.#QNAN0
689.259958, 61.862038, 1.000000, -1.#QNAN0
689.652063, 61.887331, 1.000000, -1.#QNAN0
689.722968, 61.894061, 1.000000, -1.#QNAN0
689.793872, 61.900791, 1.000000, -1.#QNAN0
689.864776, 61.907521, 1.000000, -1.#QNAN0
689.935681, 61.914251, 1.000000, -1.#QNAN0
690.337222, 61.952364, 1.000000, -1.#QNAN0
690.408126, 61.959094, 1.000000, -1.#QNAN0
690.479031, 61.965824, 1.000000, -1.#QNAN0
690.549935, 61.972554, 1.000000, -1.#QNAN0
690.620839, 61.979284, 1.000000, -1.#QNAN0
691.021125, 62.017278, 1.000000, -1.#QNAN0
691.092029, 62.024008, 1.000000, -1.#QNAN0
691.162934, 62.030738, 1.000000, -1.#QNAN0
691.232716, 62.049285, 1.000000, -1.#QNAN0
691.642444, 62.100099, 1.000000, -1.#QNAN0
691.712226, 62.118646, 1.000000, -1.#QNAN0
691.782009, 62.137193, 1.000000, -1.#QNAN0
691.851792, 62.155741, 1.000000, -1.#QNAN0
691.922696, 62.162471, 1.000000, -1.#QNAN0
692.331173, 62.213166, 1.000000, -1.#QNAN0
692.402078, 62.219896, 1.000000, -1.#QNAN0
692.472982, 62.226626, 1.000000, -1.#QNAN0
692.542765, 62.245173, 1.000000, -1.#QNAN0
692.612547, 62.263721, 1.000000, -1.#QNAN0
693.031595, 62.315419, 1.000000, -1.#QNAN0
693.102499, 62.322149, 1.000000, -1.#QNAN0
693.172282, 62.340696, 1.000000, -1.#QNAN0
693.243186, 62.347426, 1.000000, -1.#QNAN0
693.312969, 62.365974, 1.000000, -1.#QNAN0
693.743711, 62.406858, 1.000000, -1.#QNAN0
693.813493, 62.425406, 1.000000, -1.#QNAN0
693.883276, 62.443953, 1.000000, -1.#QNAN0
693.954180, 62.450683, 1.000000, -1.#QNAN0
694.023963, 62.469230, 1.000000, -1.#QNAN0
694.445848, 62.509274, 1.000000, -1.#QNAN0
694.515631, 62.527822, 1.000000, -1.#QNAN0
694.586535, 62.534552, 1.000000, -1.#QNAN0
694.656318, 62.553099, 1.000000, -1.#QNAN0
694.726100, 62.571646, 1.000000, -1.#QNAN0
695.147986, 62.611690, 1.000000, -1.#QNAN0
695.217769, 62.630238, 1.000000, -1.#QNAN0
695.288673, 62.636968, 1.000000, -1.#QNAN0
695.359577, 62.643698, 1.000000, -1.#QNAN0
695.430482, 62.650428, 1.000000, -1.#QNAN0
695.501386, 62.657158, 1.000000, -1.#QNAN0
695.923271, 62.697201, 1.000000, -1.#QNAN0
695.993054, 62.715749, 1.000000, -1.#QNAN0
696.063958, 62.722479, 1.000000, -1.#QNAN0
696.133741, 62.741026, 1.000000, -1.#QNAN0
696.203523, 62.759573, 1.000000, -1.#QNAN0
696.624287, 62.811435, 1.000000, -1.#QNAN0
696.694069, 62.829982, 1.000000, -1.#QNAN0
696.763852, 62.848529, 1.000000, -1.#QNAN0
696.833635, 62.867077, 1.000000, -1.#QNAN0
696.904539, 62.873807, 1.000000, -1.#QNAN0
697.322027, 62.925733, 1.000000, -1.#QNAN0
697.391792, 62.944346, 1.000000, -1.#QNAN0
697.462690, 62.951142, 1.000000, -1.#QNAN0
697.532456, 62.969755, 1.000000, -1.#QNAN0
697.603354, 62.976552, 1.000000, -1.#QNAN0
698.016249, 63.028915, 1.000000, -1.#QNAN0
698.085972, 63.047683, 1.000000, -1.#QNAN0
698.155696, 63.066451, 1.000000, -1.#QNAN0
698.226579, 63.073405, 1.000000, -1.#QNAN0
698.296303, 63.092172, 1.000000, -1.#QNAN0
698.709543, 63.133608, 1.000000, -1.#QNAN0
698.779221, 63.152543, 1.000000, -1.#QNAN0
699.205078, 59.628183, -1.000000, -1.#QNAN0
699.275944, 59.635306, -1.000000, -1.#QNAN0
699.346810, 59.642430, -1.000000, -1.#QNAN0
699.768383, 59.685643, -1.000000, -1.#QNAN0
699.839232, 59.692929, -1.000000, -1.#QNAN0
699.910081, 59.700214, -1.000000, -1.#QNAN0
699.980931, 59.707499, -1.000000, -1.#QNAN0
700.051780, 59.714785, -1.000000, -1.#QNAN0
700.122630, 59.722070, -1.000000, -1.#QNAN0
700.544092, 59.766336, -1.000000, -1.#QNAN0
700.614926, 59.773776, -1.000000, -1.#QNAN0
700.685759, 59.781216, -1.000000, -1.#QNAN0
700.756593, 59.788655, -1.000000, -1.#QNAN0
700.827426, 59.796095, -1.000000, -1.#QNAN0
701.248798, 59.841213, -1.000000, -1.#QNAN0
701.319616, 59.848800, -1.000000, -1.#QNAN0
701.390434, 59.856387, -1.000000, -1.#QNAN0
701.461251, 59.863974, -1.000000, -1.#QNAN0
701.532069, 59.871561, -1.000000, -1.#QNAN0
701.953354, 59.917495, -1.000000, -1.#QNAN0
702.024157, 59.925223, -1.000000, -1.#QNAN0
702.094959, 59.932951, -1.000000, -1.#QNAN0
702.165762, 59.940678, -1.000000, -1.#QNAN0
702.236564, 59.948406, -1.000000, -1.#QNAN0
702.657814, 59.994652, -1.000000, -1.#QNAN0
702.728612, 60.002428, -1.000000, -1.#QNAN0
702.799409, 60.010205, -1.000000, -1.#QNAN0
702.870206, 60.017981, -1.000000, -1.#QNAN0
702.941003, 60.025758, -1.000000, -1.#QNAN0
703.362249, 60.072048, -1.000000, -1.#QNAN0
703.433045, 60.079828, -1.000000, -1.#QNAN0
703.503842, 60.087609, -1.000000, -1.#QNAN0
703.574639, 60.095389, -1.000000, -1.#QNAN0
703.645436, 60.103169, -1.000000, -1.#QNAN0
704.066681, 60.149463, 2.000000, -1.#QNAN0
704.137478, 60.157243, 2.000000, -1.#QNAN0
704.208275, 60.165023, 2.000000, -1.#QNAN0
704.279072, 60.172803, 2.000000, -1.#QNAN0
704.349869, 60.180584, 2.000000, -1.#QNAN0
704.420665, 60.188364, 2.000000, -1.#QNAN0
704.841910, 60.234657, 2.000000, -1.#QNAN0
704.912707, 60.242438, 2.000000, -1.#QNAN0
704.983504, 60.250218, 2.000000, -1.#QNAN0
705.054301, 60.257998, 2.000000, -1.#QNAN0
705.125097, 60.265778, 2.000000, -1.#QNAN0
705.546342, 60.312072, 2.000000, -1.#QNAN0
705.617139, 60.319852, 2.000000, -1.#QNAN0
705.687936, 60.327632, 2.000000, -1.#QNAN0
705.758733, 60.335412, 2.000000, -1.#QNAN0
705.829530, 60.343193, 2.000000, -1.#QNAN0
706.249479, 60.401285, 2.000000, -1.#QNAN0
706.320275, 60.409066, 2.000000, -1.#QNAN0
706.389775, 60.428646, 2.000000, -1.#QNAN0
706.460572, 60.436426, 2.000000, -1.#QNAN0
706.530072, 60.456006, 2.000000, -1.#QNAN0
706.950020, 60.514098, 2.000000, -1.#QNAN0
707.020817, 60.521879, 2.000000, -1.#QNAN0
707.090317, 60.541458, 2.000000, -1.#QNAN0
707.159817, 60.561038, 2.000000, -1.#QNAN0
707.230614, 60.568818, 2.000000, -1.#QNAN0
707.650562, 60.626911, 2.000000, -1.#QNAN0
707.720063, 60.646491, 2.000000, -1.#QNAN0
707.790859, 60.654271, 2.000000, -1.#QNAN0
707.860359, 60.673851, 2.000000, -1.#QNAN0
707.931156, 60.681631, 2.000000, -1.#QNAN0
708.351105, 60.739724, 2.000000, -1.#QNAN0
708.420605, 60.759304, 2.000000, -1.#QNAN0
708.491402, 60.767084, 2.000000, -1.#QNAN0
708.560902, 60.786664, 2.000000, -1.#QNAN0
708.630402, 60.806243, 0.000000, -1.#QNAN0
708.701199, 60.814024, 0.000000, -1.#QNAN0
709.121147, 60.872116, 0.000000, -1.#QNAN0
709.190647, 60.891696, 0.000000, -1.#QNAN0
709.261444, 60.899476, 0.000000, -1.#QNAN0
709.330944, 60.919056, 0.000000, -1.#QNAN0
709.400444, 60.938636, 0.000000, -1.#QNAN0
709.821689, 60.984929, 0.000000, -1.#QNAN0
709.891189, 61.004509, 0.000000, -1.#QNAN0
709.961986, 61.012289, 0.000000, -1.#QNAN0
710.031486, 61.031869, 0.000000, -1.#QNAN0
710.100986, 61.051449, 0.000000, -1.#QNAN0
710.522129, 61.097731, 0.000000, -1.#QNAN0
710.591629, 61.117310, 0.000000, -1.#QNAN0
710.661129, 61.136890, 0.000000, -1.#QNAN0
710.731926, 61.144670, 0.000000, -1.#QNAN0
710.801426, 61.164250, 0.000000, -1.#QNAN0
711.227924, 61.223063, 0.000000, -1.#QNAN0
711.298721, 61.230843, 0.000000, -1.#QNAN0
561.111897, 50.581902, -1.000000, 0.000000
561.181680, 50.567652, -1.000000, 0.000000
561.527404, 50.497052, -1.000000, 0.000000
561.597187, 50.482802, -1.000000, 0.000000
561.666970, 50.468552, -1.000000, 0.000000
561.736753, 50.454302, -1.000000, 0.000000
562.080477, 50.384111, -1.000000, 0.000000
562.150259, 50.369861, -1.000000, 0.000000
562.220042, 50.355610, -1.000000, 0.000000
562.289825, 50.341360, -1.000000, 0.000000
562.639505, 50.269953, -1.000000, 0.000000
562.709288, 50.255703, -1.000000, 0.000000
562.779071, 50.241453, -1.000000, 0.000000
562.848854, 50.227202, -1.000000, 0.000000
563.193454, 50.156832, -1.000000, 0.000000
563.263237, 50.142582, -1.000000, 0.000000
563.333020, 50.128332, -1.000000, 0.000000
563.402802, 50.114082, -1.000000, 0.000000
563.742930, 50.044625, -1.000000, 0.000000
563.812713, 50.030375, -1.000000, 0.000000
563.882496, 50.016125, -1.000000, 0.000000
563.952279, 50.001875, -1.000000, 0.000000
564.288560, 49.933203, -1.000000, 0.000000
564.358343, 49.918953, -1.000000, 0.000000
564.428126, 49.904703, -1.000000, 0.000000
564.497909, 49.890453, -1.000000, 0.000000
564.830982, 49.822437, -1.000000, 0.000000
564.900765, 49.808187, -1.000000, 0.000000
564.970548, 49.793936, -1.000000, 0.000000
565.040331, 49.779686, -1.000000, 0.000000
565.382475, 49.709818, -1.000000, 0.000000
565.452258, 49.695568, -1.000000, 0.000000
565.522041, 49.681317, -1.000000, 0.000000
565.591824, 49.667067, -1.000000, 0.000000
565.932621, 49.597474, -1.000000, 0.000000
566.002404, 49.583224, -1.000000, 0.000000
566.072187, 49.568973, -1.000000, 0.000000
566.141970, 49.554723, -1.000000, 0.000000
566.482768, 49.485130, -1.000000, 0.000000
566.552551, 49.470879, -1.000000, 0.000000
566.622334, 49.456629, -1.000000, 0.000000
566.692117, 49.442379, -1.000000, 0.000000
567.032914, 49.372786, -1.000000, 0.000000
567.102697, 49.358535, -1.000000, 0.000000
567.172480, 49.344285, -1.000000, 0.000000
567.513277, 49.274692, -1.000000, 0.000000
567.583060, 49.260442, -1.000000, 0.000000
567.652843, 49.246191, -1.000000, 0.000000
567.722626, 49.231941, -1.000000, 0.000000
568.063424, 49.162348, -1.000000, 0.000000
568.133207, 49.148098, -1.000000, 0.000000
568.202990, 49.133847, -1.000000, 0.000000
568.272773, 49.119597, -1.000000, 0.000000
568.613570, 49.050004, -1.000000, 0.000000
568.683353, 49.035754, -1.000000, 0.000000
568.753136, 49.021503, -1.000000, 0.000000
568.822919, 49.007253, -1.000000, 0.000000
569.163716, 48.937660, -1.000000, 0.000000
569.233499, 48.923410, -1.000000, 0.000000
569.303282, 48.909159, -1.000000, 0.000000
569.373065, 48.894909, -1.000000, 0.000000
569.714275, 48.827404, -1.000000, 0.000000
569.784147, 48.813596, -1.000000, 0.000000
569.854018, 48.799788, -1.000000, 0.000000
569.923890, 48.785980, -1.000000, 0.000000
570.266456, 48.726101, -1.000000, 0.000000
570.336616, 48.713838, -1.000000, 0.000000
570.406775, 48.701575, -1.000000, 0.000000
570.750755, 48.650627, -1.000000, 0.000000
570.821264, 48.640569, -1.000000, 0.000000
570.891773, 48.630511, -1.000000, 0.000000
570.962282, 48.620453, -1.000000, 0.000000
571.307764, 48.580941, -1.000000, 0.000000
571.378560, 48.573160, -1.000000, 0.000000
571.449357, 48.565379, -1.000000, 0.000000
571.520154, 48.557597, -1.000000, 0.000000
571.866780, 48.529864, -1.000000, 0.000000
571.937795, 48.524424, -1.000000, 0.000000
572.008810, 48.518983, -1.000000, 0.000000
572.079825, 48.513543, -1.000000, 0.000000
572.427210, 48.497886, -1.000000, 0.000000
572.498368, 48.494842, -1.000000, 0.000000
572.569526, 48.491799, -1.000000, 0.000000
572.640684, 48.488756, -1.000000, 0.000000
572.988410, 48.485422, -1.000000, 0.000000
573.059631, 48.484822, -1.000000, 0.000000
573.130851, 48.484223, -1.000000, 0.000000
573.202072, 48.483624, -1.000000, 0.000000
573.549787, 48.491012, -1.000000, 0.000000
573.620994, 48.492524, -1.000000, 0.000000
573.692200, 48.494037, -1.000000, 0.000000
574.039848, 48.505184, -1.000000, 0.000000
574.111030, 48.507625, -1.000000, 0.000000
574.182211, 48.510066, -1.000000, 0.000000
574.253392, 48.512507, -1.000000, 0.000000
574.601019, 48.524427, -1.000000, 0.000000
574.672200, 48.526868, -1.000000, 0.000000
574.743381, 48.529309, -1.000000, 0.000000
574.814563, 48.531750, -1.000000, 0.000000
575.162189, 48.543670, -1.000000, 0.000000
575.233370, 48.546111, -1.000000, 0.000000
575.304551, 48.548551, -1.000000, 0.000000
575.375733, 48.550992, -1.000000, 0.000000
575.723359, 48.562912, -1.000000, 0.000000
575.794540, 48.565353, -1.000000, 0.000000
575.865721, 48.567794, -1.000000, 0.000000
575.936902, 48.570235, -1.000000, 0.000000
576.284529, 48.582155, -1.000000, 0.000000
576.355711, 48.584596, -1.000000, 0.000000
576.426892, 48.587037, -1.000000, 0.000000
576.498073, 48.589478, -1.000000, 0.000000
576.845699, 48.601398, -1.000000, 0.000000
576.916881, 48.603839, -1.000000, 0.000000
576.988062, 48.606279, -1.000000, 0.000000
577.335688, 48.618200, -1.000000, 0.000000
577.406869, 48.620640, -1.000000, 0.000000
577.478051, 48.623081, -1.000000, 0.000000
577.549232, 48.625522, -1.000000, 0.000000
577.896859, 48.637442, -1.000000, 0.000000
577.968040, 48.639883, -1.000000, 0.000000
578.039221, 48.642324, -1.000000, 0.000000
578.110402, 48.644765, -1.000000, 0.000000
578.449251, 48.656384, -1.000000, 0.000000
578.520432, 48.658825, -1.000000, 0.000000
578.591613, 48.661266, -1.000000, 0.000000
578.662795, 48.663706, -1.000000, 0.000000
579.005614, 48.675462, -1.000000, 0.000000
579.076795, 48.677903, -1.000000, 0.000000
579.147976, 48.680343, -1.000000, 0.000000
579.219157, 48.682784, -1.000000, 0.000000
579.565964, 48.694676, -1.000000, 0.000000
579.637145, 48.697117, -1.000000, 0.000000
579.708326, 48.699558, -1.000000, 0.000000
579.779507, 48.701999, -1.000000, 0.000000
580.130315, 48.714028, -1.000000, 0.000000
580.201496, 48.716469, -1.000000, 0.000000
580.272677, 48.718910, -1.000000, 0.000000
580.343858, 48.721351, -1.000000, 0.000000
580.698683, 48.733518, -1.000000, 0.000000
580.769864, 48.735958, -1.000000, 0.000000
580.841045, 48.738399, -1.000000, 0.000000
580.912226, 48.740840, -1.000000, 0.000000
581.271084, 48.753145, -1.000000, 0.000000
581.342265, 48.755586, -1.000000, 0.000000
581.413446, 48.758027, -1.000000, 0.000000
581.484627, 48.760468, -1.000000, 0.000000
581.835667, 48.772505, -1.000000, 0.000000
581.906849, 48.774946, -1.000000, 0.000000
581.978030, 48.777387, -1.000000, 0.000000
582.049211, 48.779828, -1.000000, 0.000000
582.401143, 48.791895, -1.000000, 0.000000
582.472324, 48.794336, -1.000000, 0.000000
582.543506, 48.796777, -1.000000, 0.000000
582.614687, 48.799218, -1.000000, 0.000000
582.966619, 48.811286, -1.000000, 0.000000
583.037801, 48.813727, -1.000000, 0.000000
583.108982, 48.816167, -1.000000, 0.000000
583.180163, 48.818608, -1.000000, 0.000000
583.251344, 48.821049, -1.000000, 0.000000
583.603276, 48.833117, -1.000000, 0.000000
583.674458, 48.835558, -1.000000, 0.000000
583.745639, 48.837998, -1.000000, 0.000000
583.816820, 48.840439, -1.000000, 0.000000
584.168752, 48.852507, -1.000000, 0.000000
584.239933, 48.854948, -1.000000, 0.000000
584.311114, 48.857389, -1.000000, 0.000000
584.382296, 48.859830, -1.000000, 0.000000
584.734228, 48.871897, -1.000000, 0.000000
584.805410, 48.874338, -1.000000, 0.000000
584.876591, 48.876779, -1.000000, 0.000000
584.947772, 48.879220, -1.000000, 0.000000
585.299704, 48.891288, -1.000000, 0.000000
585.370885, 48.893729, -1.000000, 0.000000
585.442066, 48.896169, -1.000000, 0.000000
585.513248, 48.898610, -1.000000, 0.000000
585.865180, 48.910678, -1.000000, 0.000000
585.936361, 48.913119, -1.000000, 0.000000
586.007542, 48.915560, -1.000000, 0.000000
586.078723, 48.918001, -1.000000, 0.000000
586.430608, 48.931364, -1.000000, 0.000000
586.501778, 48.934120, -1.000000, 0.000000
586.572948, 48.936876, -1.000000, 0.000000
586.644117, 48.939632, -1.000000, 0.000000
586.715287, 48.942388, -1.000000, 0.000000
587.067080, 48.957983, -1.000000, 0.000000
587.138233, 48.961137, -1.000000, 0.000000
587.209386, 48.964291, -1.000000, 0.000000
587.280539, 48.967445, -1.000000, 0.000000
587.632245, 48.984894, -1.000000, 0.000000
587.703380, 48.988436, -1.000000, 0.000000
587.774515, 48.991978, -1.000000, 0.000000
587.845650, 48.995520, -1.000000, 0.000000
588.197261, 49.014783, -1.000000, 0.000000
588.268376, 49.018705, -1.000000, 0.000000
588.339491, 49.022627, -1.000000, 0.000000
588.410606, 49.026549, -1.000000, 0.000000
588.762114, 49.047590, -1.000000, 0.000000
588.833208, 49.051883, -1.000000, 0.000000
588.904301, 49.056177, -1.000000, 0.000000
588.975395, 49.060470, -1.000000, 0.000000
589.326794, 49.083253, -1.000000, 0.000000
589.397865, 49.087910, -1.000000, 0.000000
589.468936, 49.092567, -1.000000, 0.000000
589.540006, 49.097224, -1.000000, 0.000000
589.891304, 49.121542, -1.000000, 0.000000
589.962354, 49.126513, -1.000000, 0.000000
590.033403, 49.131485, -1.000000, 0.000000
590.104452, 49.136456, -1.000000, 0.000000
590.175502, 49.141428, -1.000000, 0.000000
590.526759, 49.166334, -1.000000, 0.000000
590.597803, 49.171372, -1.000000, 0.000000
590.668848, 49.176409, -1.000000, 0.000000
590.739893, 49.181447, -1.000000, 0.000000
591.091150, 49.206353, -1.000000, 0.000000
591.162194, 49.211390, -1.000000, 0.000000
591.233239, 49.216428, -1.000000, 0.000000
591.304284, 49.221465, -1.000000, 0.000000
591.655541, 49.246371, -1.000000, 0.000000
591.726586, 49.251409, -1.000000, 0.000000
591.797631, 49.256446, -1.000000, 0.000000
591.868675, 49.261484, -1.000000, 0.000000
592.219932, 49.286390, -1.000000, 0.000000
592.290977, 49.291427, -1.000000, 0.000000
592.362022, 49.296465, -1.000000, 0.000000
592.433066, 49.301502, -1.000000, 0.000000
592.784323, 49.326409, -1.000000, 0.000000
592.855368, 49.331446, -1.000000, 0.000000
592.926413, 49.336484, -1.000000, 0.000000
592.997457, 49.341521, -1.000000, 0.000000
593.348715, 49.366427, -1.000000, 0.000000
593.419760, 49.371465, -1.000000, 0.000000
593.490804, 49.376502, -1.000000, 0.000000
593.561849, 49.381540, -1.000000, 0.000000
593.632894, 49.386577, -1.000000, 0.000000
593.984151, 49.411483, -1.000000, 0.000000
594.055195, 49.416521, -1.000000, 0.000000
594.126240, 49.421558, -1.000000, 0.000000
594.197285, 49.426596, -1.000000, 0.000000
594.548542, 49.451502, -1.000000, 0.000000
594.619586, 49.456539, -1.000000, 0.000000
594.690631, 49.461577, -1.000000, 0.000000
594.761676, 49.466614, -1.000000, 0.000000
595.112933, 49.491521, -1.000000, 0.000000
595.183978, 49.496558, -1.000000, 0.000000
595.255023, 49.501595, -1.000000, 0.000000
595.326067, 49.506633, -1.000000, 0.000000
595.678084, 49.531593, -1.000000, 0.000000
595.749129, 49.536630, -1.000000, 0.000000
595.820174, 49.541668, -1.000000, 0.000000
595.891218, 49.546705, -1.000000, 0.000000
596.244182, 49.571733, -1.000000, 0.000000
596.315227, 49.576770, -1.000000, 0.000000
596.386271, 49.581808, -1.000000, 0.000000
596.457316, 49.586845, -1.000000, 0.000000
596.811236, 49.611940, -1.000000, 0.000000
596.882281, 49.616978, -1.000000, 0.000000
596.953326, 49.622015, -1.000000, 0.000000
597.024370, 49.627052, -1.000000, 0.000000
597.095415, 49.632090, -1.000000, 0.000000
597.450300, 49.657253, -1.000000, 0.000000
597.521345, 49.662291, -1.000000, 0.000000
597.592390, 49.667328, -1.000000, 0.000000
597.663434, 49.672366, -1.000000, 0.000000
598.019295, 49.697598, -1.000000, 0.000000
598.090339, 49.702636, -1.000000, 0.000000
598.161384, 49.707673, -1.000000, 0.000000
598.232429, 49.712711, -1.000000, 0.000000
598.589274, 49.738013, -1.000000, 0.000000
598.660319, 49.743051, -1.000000, 0.000000
598.731363, 49.748088, -1.000000, 0.000000
598.802408, 49.753126, -1.000000, 0.000000
599.160246, 49.778498, -1.000000, 0.000000
599.231291, 49.783536, -1.000000, 0.000000
599.302336, 49.788573, -1.000000, 0.000000
599.373380, 49.793611, -1.000000, 0.000000
599.731408, 49.818997, -1.000000, 0.000000
599.802453, 49.824035, -1.000000, 0.000000
599.873498, 49.829072, -1.000000, 0.000000
599.944542, 49.834110, -1.000000, 0.000000
600.302571, 49.859496, -1.000000, 0.000000
600.373616, 49.864533, -1.000000, 0.000000
600.444661, 49.869571, -1.000000, 0.000000
600.515705, 49.874608, -1.000000, 0.000000
600.586750, 49.879646, -1.000000, 0.000000
600.944778, 49.905032, -1.000000, 0.000000
601.015823, 49.910070, -1.000000, 0.000000
601.086867, 49.915107, -1.000000, 0.000000
601.157912, 49.920145, -1.000000, 0.000000
601.515940, 49.945531, -1.000000, 0.000000
601.586985, 49.950568, -1.000000, 0.000000
601.658030, 49.955606, -1.000000, 0.000000
601.729074, 49.960643, -1.000000, 0.000000
602.087103, 49.986030, -1.000000, 0.000000
602.158148, 49.991067, -1.000000, 0.000000
602.229192, 49.996104, -1.000000, 0.000000
602.300237, 50.001142, -1.000000, 0.000000
602.658265, 50.026528, -1.000000, 0.000000
602.729310, 50.031566, -1.000000, 0.000000
602.800354, 50.036603, -1.000000, 0.000000
602.871399, 50.041641, -1.000000, 0.000000
603.229407, 50.067308, -1.000000, 0.000000
603.300447, 50.072410, -1.000000, 0.000000
603.371487, 50.077512, -1.000000, 0.000000
603.442527, 50.082613, -1.000000, 0.000000
603.800454, 50.109383, -1.000000, 0.000000
603.871475, 50.114737, -1.000000, 0.000000
603.942497, 50.120091, -1.000000, 0.000000
604.013518, 50.125444, -1.000000, 0.000000
604.084540, 50.130798, -1.000000, 0.000000
604.442337, 50.159240, -1.000000, 0.000000
604.513336, 50.164884, -1.000000, 0.000000
604.584335, 50.170528, -1.000000, 0.000000
604.655334, 50.176172, -1.000000, 0.000000
605.013017, 50.206022, -1.000000, 0.000000
605.083992, 50.211954, -1.000000, 0.000000
605.154968, 50.217887, -1.000000, 0.000000
605.225943, 50.223820, -1.000000, 0.000000
605.583507, 50.255069, -1.000000, 0.000000
605.654458, 50.261289, -1.000000, 0.000000
605.725409, 50.267509, -1.000000, 0.000000
605.796360, 50.273728, -1.000000, 0.000000
606.153798, 50.306370, -1.000000, 0.000000
606.224723, 50.312875, -1.000000, 0.000000
606.295649, 50.319381, -1.000000, 0.000000
606.366574, 50.325887, -1.000000, 0.000000
606.723883, 50.359913, -1.000000, 0.000000
606.794782, 50.366703, -1.000000, 0.000000
606.865680, 50.373493, -1.000000, 0.000000
606.936579, 50.380282, -1.000000, 0.000000
607.293786, 50.415387, -1.000000, 0.000000
607.364664, 50.422388, -1.000000, 0.000000
607.435542, 50.429389, -1.000000, 0.000000
607.506420, 50.436390, -1.000000, 0.000000
607.577298, 50.443391, -1.000000, 0.000000
607.934469, 50.478858, -1.000000, 0.000000
608.005343, 50.485896, -1.000000, 0.000000
608.076217, 50.492934, -1.000000, 0.000000
608.147092, 50.499972, -1.000000, 0.000000
608.504262, 50.535439, -1.000000, 0.000000
608.575137, 50.542477, -1.000000, 0.000000
608.646011, 50.549515, -1.000000, 0.000000
608.716886, 50.556552, -1.000000, 0.000000
609.074057, 50.592020, -1.000000, 0.000000
609.144931, 50.599057, -1.000000, 0.000000
609.215806, 50.606095, -1.000000, 0.000000
609.286680, 50.613133, -1.000000, 0.000000
609.643850, 50.648600, -1.000000, 0.000000
609.714725, 50.655638, -1.000000, 0.000000
609.785599, 50.662676, -1.000000, 0.000000
609.856474, 50.669714, -1.000000, 0.000000
610.213644, 50.705181, -1.000000, 0.000000
610.284519, 50.712219, -1.000000, 0.000000
610.355393, 50.719256, -1.000000, 0.000000
610.426268, 50.726294, -1.000000, 0.000000
610.783439, 50.761761, -1.000000, 0.000000
610.854313, 50.768799, -1.000000, 0.000000
610.925188, 50.775837, -1.000000, 0.000000
610.996062, 50.782875, -1.000000, 0.000000
611.066936, 50.789913, -1.000000, 0.000000
611.424107, 50.825380, -1.000000, 0.000000
611.494981, 50.832418, -1.000000, 0.000000
611.565856, 50.839455, -1.000000, 0.000000
611.636730, 50.846493, -1.000000, 0.000000
611.993901, 50.881960, -1.000000, 0.000000
612.064775, 50.888998, -1.000000, 0.000000
612.135650, 50.896036, -1.000000, 0.000000
612.206524, 50.903074, -1.000000, 0.000000
612.563695, 50.938541, -1.000000, 0.000000
612.634570, 50.945579, -1.000000, 0.000000
612.705444, 50.952617, -1.000000, 0.000000
612.776318, 50.959654, -1.000000, 0.000000
613.133489, 50.995121, -1.000000, 0.000000
613.204363, 51.002159, -1.000000, 0.000000
613.275238, 51.009197, -1.000000, 0.000000
613.346112, 51.016235, -1.000000, 0.000000
613.706463, 51.052018, -1.000000, 0.000000
613.777337, 51.059056, -1.000000, 0.000000
613.848212, 51.066093, -1.000000, 0.000000
613.919086, 51.073131, -1.000000, 0.000000
614.282716, 51.109240, -1.000000, 0.000000
614.353590, 51.116278, -1.000000, 0.000000
614.424465, 51.123315, -1.000000, 0.000000
614.495339, 51.130353, -1.000000, 0.000000
614.566213, 51.137391, -1.000000, 0.000000
614.933121, 51.173825, -1.000000, 0.000000
615.003996, 51.180863, -1.000000, 0.000000
615.074870, 51.187901, -1.000000, 0.000000
615.145744, 51.194939, -1.000000, 0.000000
615.515931, 51.231698, -1.000000, 0.000000
615.586805, 51.238736, -1.000000, 0.000000
615.657680, 51.245774, -1.000000, 0.000000
615.728554, 51.252812, -1.000000, 0.000000
616.090208, 51.288724, -1.000000, 0.000000
616.161082, 51.295762, -1.000000, 0.000000
616.231957, 51.302800, -1.000000, 0.000000
616.302831, 51.309837, -1.000000, 0.000000
616.667763, 51.346075, -1.000000, 0.000000
616.738637, 51.353113, -1.000000, 0.000000
616.809512, 51.360151, -1.000000, 0.000000
616.880386, 51.367189, -1.000000, 0.000000
616.951261, 51.374226, -1.000000, 0.000000
617.319471, 51.410790, -1.000000, 0.000000
617.390346, 51.417828, -1.000000, 0.000000
617.461220, 51.424866, -1.000000, 0.000000
617.532095, 51.431903, -1.000000, 0.000000
617.900405, 51.468477, -1.000000, 0.000000
617.971279, 51.475514, -1.000000, 0.000000
618.042154, 51.482552, -1.000000, 0.000000
618.113028, 51.489590, -1.000000, 0.000000
618.481337, 51.526163, -1.000000, 0.000000
618.552212, 51.533201, -1.000000, 0.000000
618.623086, 51.540239, -1.000000, 0.000000
618.693961, 51.547277, -1.000000, 0.000000
618.764835, 51.554315, -1.000000, 0.000000
619.133144, 51.590888, -1.000000, 0.000000
619.204019, 51.597926, -1.000000, 0.000000
619.274893, 51.604963, -1.000000, 0.000000
619.345768, 51.612001, -1.000000, 0.000000
619.714078, 51.648574, -1.000000, 0.000000
619.784952, 51.655612, -1.000000, 0.000000
619.855826, 51.662650, -1.000000, 0.000000
619.926701, 51.669688, -1.000000, 0.000000
620.295010, 51.706261, -1.000000, 0.000000
620.365885, 51.713299, -1.000000, 0.000000
620.436759, 51.720337, -1.000000, 0.000000
620.507634, 51.727375, -1.000000, 0.000000
620.578508, 51.734412, -1.000000, 0.000000
620.946817, 51.770986, -1.000000, 0.000000
621.017692, 51.778023, -1.000000, 0.000000
621.088566, 51.785061, -1.000000, 0.000000
621.159441, 51.792099, -1.000000, 0.000000
621.527761, 51.828566, -1.000000, 0.000000
621.598638, 51.835582, -1.000000, 0.000000
621.669514, 51.842598, -1.000000, 0.000000
621.740391, 51.849614, -1.000000, 0.000000
622.108725, 51.885930, -1.000000, 0.000000
622.179605, 51.892914, -1.000000, 0.000000
622.250485, 51.899898, -1.000000, 0.000000
622.321365, 51.906883, -1.000000, 0.000000
622.392245, 51.913867, -1.000000, 0.000000
622.760597, 51.949997, -1.000000, 0.000000
622.831480, 51.956950, -1.000000, 0.000000
622.902363, 51.963902, -1.000000, 0.000000
622.973246, 51.970855, -1.000000, 0.000000
623.341614, 52.006834, -1.000000, 0.000000
623.412500, 52.013755, -1.000000, 0.000000
623.483386, 52.020677, -1.000000, 0.000000
623.554272, 52.027599, -1.000000, 0.000000
623.922654, 52.063429, -1.000000, 0.000000
623.993543, 52.070320, -1.000000, 0.000000
624.064432, 52.077211, -1.000000, 0.000000
624.135321, 52.084102, -1.000000, 0.000000
624.206210, 52.090993, -1.000000, 0.000000
624.574609, 52.126647, -1.000000, 0.000000
624.645501, 52.133508, -1.000000, 0.000000
624.716393, 52.140369, -1.000000, 0.000000
624.787285, 52.147229, -1.000000, 0.000000
625.155698, 52.182739, -1.000000, 0.000000
625.226593, 52.189571, -1.000000, 0.000000
625.297488, 52.196402, -1.000000, 0.000000
625.368382, 52.203234, -1.000000, 0.000000
625.736799, 52.238708, -1.000000, 0.000000
625.807694, 52.245534, -1.000000, 0.000000
625.878589, 52.252359, -1.000000, 0.000000
625.949485, 52.259185, -1.000000, 0.000000
626.020380, 52.266011, -1.000000, 0.000000
626.388797, 52.301481, -1.000000, 0.000000
626.459692, 52.308306, -1.000000, 0.000000
626.530587, 52.315132, -1.000000, 0.000000
626.601483, 52.321957, -1.000000, 0.000000
626.969900, 52.357427, -1.000000, 0.000000
627.040796, 52.364253, -1.000000, 0.000000
627.111691, 52.371078, -1.000000, 0.000000
627.182586, 52.377904, -1.000000, 0.000000
627.551003, 52.413374, -1.000000, 0.000000
627.621898, 52.420199, -1.000000, 0.000000
627.692794, 52.427025, -1.000000, 0.000000
627.763689, 52.433850, -1.000000, 0.000000
627.834584, 52.440676, -1.000000, 0.000000
628.203001, 52.476146, -1.000000, 0.000000
628.273896, 52.482972, -1.000000, 0.000000
628.344792, 52.489797, -1.000000, 0.000000
628.415687, 52.496623, -1.000000, 0.000000
628.784104, 52.532093, -1.000000, 0.000000
628.855000, 52.538918, -1.000000, 0.000000
628.925895, 52.545744, -1.000000, 0.000000
628.996790, 52.552569, -1.000000, 0.000000
629.365207, 52.588039, -1.000000, 0.000000
629.436102, 52.594865, -1.000000, 0.000000
629.506998, 52.601690, -1.000000, 0.000000
629.577893, 52.608516, -1.000000, 0.000000
629.648788, 52.615341, -1.000000, 0.000000
630.017205, 52.650811, -1.000000, 0.000000
630.088100, 52.657637, -1.000000, 0.000000
630.158996, 52.664462, -1.000000, 0.000000
630.229891, 52.671288, -1.000000, 0.000000
630.600982, 52.707015, -1.000000, 0.000000
630.671878, 52.713841, -1.000000, 0.000000
630.742773, 52.720666, -1.000000, 0.000000
630.813668, 52.727492, -1.000000, 0.000000
631.193980, 52.764107, -1.000000, 0.000000
631.264875, 52.770933, -1.000000, 0.000000
631.335771, 52.777758, -1.000000, 0.000000
631.406666, 52.784584, -1.000000, 0.000000
631.477561, 52.791409, -1.000000, 0.000000
631.855281, 52.827775, -1.000000, 0.000000
631.926176, 52.834600, -1.000000, 0.000000
631.997071, 52.841426, -1.000000, 0.000000
632.067967, 52.848251, -1.000000, 0.000000
632.454912, 52.885505, -1.000000, 0.000000
632.525808, 52.892331, -1.000000, 0.000000
632.596703, 52.899156, -1.000000, 0.000000
632.667598, 52.905982, -1.000000, 0.000000
632.738493, 52.912807, -1.000000, 0.000000
633.122850, 52.949812, -1.000000, 0.000000
633.193745, 52.956637, -1.000000, 0.000000
633.264640, 52.963463, -1.000000, 0.000000
633.335535, 52.970288, -1.000000, 0.000000
633.729121, 53.008182, -1.000000, 0.000000
633.800016, 53.015007, -1.000000, 0.000000
633.870912, 53.021833, -1.000000, 0.000000
633.941807, 53.028658, -1.000000, 0.000000
634.012702, 53.035484, -1.000000, 0.000000
634.415519, 53.074266, -1.000000, 0.000000
634.486415, 53.081091, -1.000000, 0.000000
634.557310, 53.087917, -1.000000, 0.000000
634.628205, 53.094742, -1.000000, 0.000000
634.699100, 53.101568, -1.000000, 0.000000
635.096656, 53.139843, -1.000000, 0.000000
635.167551, 53.146669, -1.000000, 0.000000
635.238447, 53.153494, -1.000000, 0.000000
635.309342, 53.160320, -1.000000, 0.000000
635.706898, 53.198595, -1.000000, 0.000000
635.777793, 53.205420, -1.000000, 0.000000
635.848688, 53.212246, -1.000000, 0.000000
635.919583, 53.219072, -1.000000, 0.000000
635.990478, 53.225897, -1.000000, 0.000000
636.388035, 53.264172, -1.000000, 0.000000
636.458930, 53.270998, -1.000000, 0.000000
636.529825, 53.277824, -1.000000, 0.000000
636.600720, 53.284649, -1.000000, 0.000000
636.671616, 53.291475, -1.000000, 0.000000
637.069171, 53.329750, -1.000000, 0.000000
637.140067, 53.336575, -1.000000, 0.000000
637.210962, 53.343401, -1.000000, 0.000000
637.281857, 53.350227, -1.000000, 0.000000
637.352752, 53.357052, -1.000000, 0.000000
637.750308, 53.395327, -1.000000, 0.000000
637.821203, 53.402153, -1.000000, 0.000000
637.892098, 53.408978, -1.000000, 0.000000
637.962994, 53.415804, -1.000000, 0.000000
638.033889, 53.422630, -1.000000, 0.000000
638.431430, 53.461064, -1.000000, 0.000000
638.502322, 53.467918, -1.000000, 0.000000
638.573215, 53.474773, -1.000000, 0.000000
638.644107, 53.481628, -1.000000, 0.000000
638.715000, 53.488482, -1.000000, 0.000000
639.112473, 53.527599, -1.000000, 0.000000
639.183354, 53.534574, -1.000000, 0.000000
639.254235, 53.541550, -1.000000, 0.000000
639.325115, 53.548525, -1.000000, 0.000000
639.722523, 53.588306, -1.000000, 0.000000
639.793390, 53.595421, -1.000000, 0.000000
639.864257, 53.602536, -1.000000, 0.000000
639.935123, 53.609650, -1.000000, 0.000000
640.005990, 53.616765, -1.000000, 0.000000
640.403318, 53.657339, -1.000000, 0.000000
640.474171, 53.664591, -1.000000, 0.000000
640.545024, 53.671843, -1.000000, 0.000000
640.615877, 53.679094, -1.000000, 0.000000
640.686730, 53.686346, -1.000000, 0.000000
641.083981, 53.727664, -1.000000, 0.000000
641.154821, 53.735044, -1.000000, 0.000000
641.225660, 53.742424, -1.000000, 0.000000
641.296500, 53.749803, -1.000000, 0.000000
641.367340, 53.757183, -1.000000, 0.000000
641.764517, 53.799199, -1.000000, 0.000000
641.835344, 53.806699, -1.000000, 0.000000
641.906171, 53.814198, -1.000000, 0.000000
641.976998, 53.821698, -1.000000, 0.000000
642.047826, 53.829198, -1.000000, 0.000000
642.444935, 53.871863, -1.000000, 0.000000
642.515750, 53.879475, -1.000000, 0.000000
642.586565, 53.887086, -1.000000, 0.000000
642.657380, 53.894698, -1.000000, 0.000000
642.728195, 53.902310, -1.000000, 0.000000
643.125259, 53.945392, -1.000000, 0.000000
643.196066, 53.953075, -1.000000, 0.000000
643.266874, 53.960758, -1.000000, 0.000000
643.337681, 53.968441, -1.000000, 0.000000
643.734745, 54.011523, -1.000000, 0.000000
643.805552, 54.019206, -1.000000, 0.000000
644.064589, 52.292107, 1.000000, 0.000000
644.134116, 52.311591, 1.000000, 0.000000
644.204924, 52.319274, 1.000000, 0.000000
644.601988, 52.362357, 1.000000, 0.000000
644.672795, 52.370039, 1.000000, 0.000000
644.742322, 52.389524, 1.000000, 0.000000
644.813130, 52.397206, 1.000000, 0.000000
644.883937, 52.404889, 1.000000, 0.000000
645.281001, 52.447972, 1.000000, 0.000000
645.351808, 52.455655, 1.000000, 0.000000
645.422615, 52.463338, 1.000000, 0.000000
645.493423, 52.471020, 1.000000, 0.000000
645.565511, 52.466902, 1.000000, 0.000000
645.962574, 52.509985, 1.000000, 0.000000
646.033382, 52.517668, 1.000000, 0.000000
646.105470, 52.513549, 0.000000, 0.000000
646.176277, 52.521232, 0.000000, 0.000000
646.245804, 52.540716, 0.000000, 0.000000
646.642868, 52.583799, 0.000000, 0.000000
646.713676, 52.591482, 0.000000, 0.000000
646.784483, 52.599165, 0.000000, 0.000000
646.855291, 52.606847, 0.000000, 0.000000
646.924818, 52.626331, 0.000000, 0.000000
647.321881, 52.669414, 0.000000, 0.000000
647.392689, 52.677097, 0.000000, 0.000000
647.463496, 52.684780, 0.000000, 0.000000
647.533023, 52.704264, 0.000000, 0.000000
647.930087, 52.747347, 0.000000, 0.000000
648.000894, 52.755029, 0.000000, 0.000000
648.071701, 52.762712, 0.000000, 0.000000
648.142509, 52.770395, 0.000000, 0.000000
648.212036, 52.789879, 0.000000, 0.000000
648.609100, 52.832962, 0.000000, 0.000000
648.679908, 52.840645, 0.000000, 0.000000
648.750715, 52.848328, 0.000000, 0.000000
648.820242, 52.867812, 0.000000, 0.000000
648.891049, 52.875495, 0.000000, 0.000000
649.288113, 52.918577, 0.000000, 0.000000
649.358920, 52.926260, 0.000000, 0.000000
649.429728, 52.933943, 0.000000, 0.000000
649.499255, 52.953427, 0.000000, 0.000000
649.570062, 52.961110, 0.000000, 0.000000
649.966783, 53.004155, 0.000000, 0.000000
650.037591, 53.011838, 0.000000, 0.000000
650.107118, 53.031322, 0.000000, 0.000000
650.177925, 53.039005, 0.000000, 0.000000
650.248732, 53.046688, 0.000000, 0.000000
650.654620, 53.090728, 0.000000, 0.000000
650.724147, 53.110212, 0.000000, 0.000000
650.794955, 53.117895, 0.000000, 0.000000
650.865762, 53.125578, 0.000000, 0.000000
651.269015, 53.169332, 0.000000, 0.000000
651.339822, 53.177015, 0.000000, 0.000000
651.409349, 53.196499, 0.000000, 0.000000
651.480156, 53.204182, 0.000000, 0.000000
651.550964, 53.211865, 0.000000, 0.000000
651.951583, 53.255333, 0.000000, 0.000000
652.021110, 53.274817, 0.000000, 0.000000
652.091917, 53.282500, 0.000000, 0.000000
652.162725, 53.290183, 0.000000, 0.000000
652.233532, 53.297866, 0.000000, 0.000000
652.631518, 53.341048, 0.000000, 0.000000
652.701045, 53.360533, 0.000000, 0.000000
652.771853, 53.368215, 0.000000, 0.000000
652.841380, 53.387699, 1.000000, 0.000000
653.238014, 53.418795, 1.000000, 0.000000
653.308821, 53.426478, 1.000000, 0.000000
653.379628, 53.434161, 1.000000, 0.000000
653.449155, 53.453645, 1.000000, 0.000000
653.518682, 53.473129, 1.000000, 0.000000
653.911404, 53.515741, 1.000000, 0.000000
653.982212, 53.523424, 1.000000, 0.000000
654.054299, 53.519305, 1.000000, 0.000000
654.123826, 53.538789, 1.000000, 0.000000
654.194634, 53.546472, 1.000000, 0.000000
654.585067, 53.588835, 1.000000, 0.000000
654.657155, 53.584717, 1.000000, 0.000000
654.726682, 53.604201, 1.000000, 0.000000
654.794929, 53.635486, 1.000000, 0.000000
655.185361, 53.677850, 1.000000, 0.000000
655.254888, 53.697334, 1.000000, 0.000000
655.325696, 53.705017, 1.000000, 0.000000
655.396503, 53.712699, 1.000000, 0.000000
655.468591, 53.708581, 1.000000, 0.000000
655.860304, 53.739143, 1.000000, 0.000000
655.932392, 53.735025, 1.000000, 0.000000
656.001919, 53.754509, 1.000000, 0.000000
656.072726, 53.762192, 1.000000, 0.000000
656.143534, 53.769874, 1.000000, 0.000000
656.532687, 53.824039, 1.000000, 0.000000
656.603494, 53.831722, 1.000000, 0.000000
656.673021, 53.851206, 1.000000, 0.000000
656.743829, 53.858889, 1.000000, 0.000000
657.132981, 53.913053, 1.000000, 0.000000
657.203788, 53.920736, 1.000000, 0.000000
657.274596, 53.928419, 1.000000, 0.000000
657.345403, 53.936102, 1.000000, 0.000000
657.416211, 53.943784, 1.000000, 0.000000
657.806474, 53.986089, 1.000000, 0.000000
657.876003, 54.005565, 1.000000, 0.000000
657.946811, 54.013240, 1.000000, 0.000000
658.017619, 54.020914, 1.000000, 0.000000
658.088428, 54.028589, 1.000000, 0.000000
658.477585, 54.070439, 1.000000, 0.000000
658.547131, 54.089855, 1.000000, 0.000000
658.617946, 54.097469, 1.000000, 0.000000
658.688761, 54.105082, 1.000000, 0.000000
659.074011, 54.181990, 1.000000, 0.000000
659.143576, 54.201337, 0.000000, 0.000000
659.214399, 54.208881, 0.000000, 0.000000
659.285221, 54.216425, 0.000000, 0.000000
659.356044, 54.223969, 0.000000, 0.000000
659.745138, 54.265058, 0.000000, 0.000000
659.814723, 54.284337, 0.000000, 0.000000
659.885553, 54.291810, 0.000000, 0.000000
659.956382, 54.299283, 0.000000, 0.000000
660.027212, 54.306757, 0.000000, 0.000000
660.416346, 54.347430, 0.000000, 0.000000
660.487183, 54.354832, 0.000000, 0.000000
660.558021, 54.362234, 0.000000, 0.000000
660.628858, 54.369636, 0.000000, 0.000000
661.018010, 54.409958, 0.000000, 0.000000
661.087633, 54.429096, 0.000000, 0.000000
661.158478, 54.436425, 0.000000, 0.000000
661.229322, 54.443755, 0.000000, 0.000000
661.300167, 54.451085, 0.000000, 0.000000
661.689357, 54.490982, 0.000000, 0.000000
661.760209, 54.498238, 0.000000, 0.000000
661.831062, 54.505495, 0.000000, 0.000000
661.901914, 54.512751, 0.000000, 0.000000
661.972767, 54.520008, 0.000000, 0.000000
662.362130, 54.559527, 0.000000, 0.000000
662.431791, 54.578527, 0.000000, 0.000000
662.502650, 54.585717, 0.000000, 0.000000
662.573509, 54.592907, 0.000000, 0.000000
662.963928, 54.632451, 0.000000, 0.000000
663.034788, 54.639626, 0.000000, 0.000000
663.105649, 54.646800, 0.000000, 0.000000
663.176510, 54.653975, 0.000000, 0.000000
663.247371, 54.661150, 0.000000, 0.000000
663.638097, 54.700712, 0.000000, 0.000000
663.707762, 54.719697, 0.000000, 0.000000
663.778623, 54.726872, 0.000000, 0.000000
663.849483, 54.734047, 0.000000, 0.000000
663.920344, 54.741222, 0.000000, 0.000000
664.311071, 54.780784, 0.000000, 0.000000
664.381932, 54.787959, 0.000000, 0.000000
664.452793, 54.795133, 0.000000, 0.000000
664.523653, 54.802308, 0.000000, 0.000000
664.914380, 54.841870, 0.000000, 0.000000
664.985241, 54.849045, 0.000000, 0.000000
665.054905, 54.868030, 0.000000, 0.000000
665.125766, 54.875205, 0.000000, 0.000000
665.196627, 54.882380, 0.000000, 0.000000
665.587353, 54.921942, 0.000000, 0.000000
665.658214, 54.929117, 0.000000, 0.000000
665.729075, 54.936291, 0.000000, 0.000000
665.799936, 54.943466, 0.000000, 0.000000
665.870796, 54.950641, 0.000000, 0.000000
666.261523, 54.990203, 0.000000, 0.000000
666.331188, 55.009188, 0.000000, 0.000000
666.402049, 55.016363, 0.000000, 0.000000
666.472910, 55.023538, 0.000000, 0.000000
666.863636, 55.063100, 0.000000, 0.000000
666.934497, 55.070275, 0.000000, 0.000000
667.005358, 55.077450, 0.000000, 0.000000
667.076218, 55.084624, 0.000000, 0.000000
667.147079, 55.091799, 0.000000, 0.000000
667.537806, 55.131361, 0.000000, 0.000000
667.608666, 55.138536, 0.000000, 0.000000
667.678331, 55.157521, 0.000000, 0.000000
667.749192, 55.164696, 0.000000, 0.000000
667.820053, 55.171871, 0.000000, 0.000000
668.210780, 55.211433, 0.000000, 0.000000
668.281640, 55.218608, 0.000000, 0.000000
668.352501, 55.225783, 0.000000, 0.000000
668.423362, 55.232957, 0.000000, 0.000000
668.814088, 55.272520, 0.000000, 0.000000
668.884949, 55.279694, 0.000000, 0.000000
668.954614, 55.298679, 0.000000, 0.000000
669.025475, 55.305854, 0.000000, 0.000000
669.096335, 55.313029, 0.000000, 0.000000
669.487062, 55.352591, 0.000000, 0.000000
669.557923, 55.359766, 0.000000, 0.000000
669.628783, 55.366941, 1.000000, 0.000000
669.698448, 55.385926, 1.000000, 0.000000
669.768113, 55.404911, 1.000000, 0.000000
670.158071, 55.444395, 1.000000, 0.000000
670.227735, 55.463380, 1.000000, 0.000000
670.298596, 55.470555, 1.000000, 0.000000
670.369457, 55.477729, 1.000000, 0.000000
670.758330, 55.517104, 1.000000, 0.000000
670.829190, 55.524279, 1.000000, 0.000000
670.896464, 55.566884, 1.000000, 0.000000
670.966129, 55.585869, 1.000000, 0.000000
671.038185, 55.581233, 0.000000, 0.000000
671.425975, 55.620498, 0.000000, 0.000000
671.495640, 55.639483, 0.000000, 0.000000
671.566500, 55.646658, 0.000000, 0.000000
671.637361, 55.653833, 0.000000, 0.000000
671.708222, 55.661008, 0.000000, 0.000000
672.093734, 55.711973, 0.000000, 0.000000
672.164594, 55.719148, 0.000000, 0.000000
672.235455, 55.726323, 0.000000, 0.000000
672.305120, 55.745308, 0.000000, 0.000000
672.690745, 55.784353, 0.000000, 0.000000
672.761606, 55.791528, 0.000000, 0.000000
672.832466, 55.798703, 0.000000, 0.000000
672.902131, 55.817688, 0.000000, 0.000000
672.972992, 55.824862, 0.000000, 0.000000
673.357535, 55.863798, 0.000000, 0.000000
673.428396, 55.870973, 0.000000, 0.000000
673.498060, 55.889958, 0.000000, 0.000000
673.568921, 55.897133, 0.000000, 0.000000
673.639782, 55.904308, 0.000000, 0.000000
674.033859, 55.956140, 0.000000, 0.000000
674.104719, 55.963315, 0.000000, 0.000000
674.175580, 55.970490, 0.000000, 0.000000
674.246441, 55.977665, 0.000000, 0.000000
674.640204, 56.029466, 0.000000, 0.000000
674.711064, 56.036640, 0.000000, 0.000000
674.781925, 56.043815, 0.000000, 0.000000
674.852786, 56.050990, 0.000000, 0.000000
674.922451, 56.069975, 0.000000, 0.000000
675.317409, 56.109966, 0.000000, 0.000000
675.388270, 56.117140, 0.000000, 0.000000
675.457935, 56.136125, 0.000000, 0.000000
675.528795, 56.143300, 0.000000, 0.000000
675.923755, 56.183291, 0.000000, 0.000000
675.994615, 56.190466, 0.000000, 0.000000
676.064280, 56.209451, 0.000000, 0.000000
676.135141, 56.216625, 0.000000, 0.000000
676.206002, 56.223800, 1.000000, 0.000000
676.602156, 56.251981, 1.000000, 0.000000
676.674213, 56.247346, 1.000000, 0.000000
676.743877, 56.266330, 1.000000, 0.000000
676.814738, 56.273505, 1.000000, 0.000000
677.209697, 56.313496, 1.000000, 0.000000
677.279362, 56.332481, 1.000000, 0.000000
677.350222, 56.339656, 1.000000, 0.000000
677.421083, 56.346830, 1.000000, 0.000000
677.490748, 56.365815, 1.000000, 0.000000
677.885237, 56.405598, 1.000000, 0.000000
677.954910, 56.424554, 1.000000, 0.000000
678.026965, 56.419889, 1.000000, 0.000000
678.096638, 56.438845, 1.000000, 0.000000
678.491905, 56.466492, 1.000000, 0.000000
678.562775, 56.473581, 0.000000, 0.000000
678.632462, 56.492482, 0.000000, 0.000000
678.703332, 56.499571, 0.000000, 0.000000
678.774201, 56.506661, 0.000000, 0.000000
679.167047, 56.557546, 0.000000, 0.000000
679.237923, 56.564573, 0.000000, 0.000000
679.308798, 56.571600, 0.000000, 0.000000
679.378503, 56.590439, 0.000000, 0.000000
679.772568, 56.629195, 0.000000, 0.000000
679.843450, 56.636159, 0.000000, 0.000000
679.913171, 56.654936, 0.000000, 0.000000
679.984053, 56.661900, 1.000000, 0.000000
680.053774, 56.680677, 1.000000, 0.000000
680.447892, 56.719052, 1.000000, 0.000000
680.517630, 56.737767, 1.000000, 0.000000
680.588518, 56.744668, 1.000000, 0.000000
680.659406, 56.751568, 1.000000, 0.000000
681.051282, 56.813253, 1.000000, 0.000000
681.121036, 56.831906, 1.000000, 0.000000
681.191930, 56.838742, 1.000000, 0.000000
681.261685, 56.857395, 1.000000, 0.000000
681.331440, 56.876048, 1.000000, 0.000000
681.725681, 56.913719, 1.000000, 0.000000
681.796581, 56.920492, 1.000000, 0.000000
681.866352, 56.939081, 1.000000, 0.000000
681.936124, 56.957671, 1.000000, 0.000000
682.328560, 57.018831, 1.000000, 0.000000
682.400586, 57.013751, 0.000000, 0.000000
682.471490, 57.020488, 0.000000, 0.000000
682.541271, 57.039042, 0.000000, 0.000000
682.612175, 57.045779, 0.000000, 0.000000
683.007277, 57.083282, 0.000000, 0.000000
683.077060, 57.101829, 0.000000, 0.000000
683.147964, 57.108559, 0.000000, 0.000000
683.218869, 57.115289, 0.000000, 0.000000
683.612949, 57.164618, 0.000000, 0.000000
683.683854, 57.171348, 0.000000, 0.000000
683.754758, 57.178078, 0.000000, 0.000000
683.824541, 57.196625, 0.000000, 0.000000
683.895445, 57.203355, 0.000000, 0.000000
684.290647, 57.240867, 0.000000, 0.000000
684.360429, 57.259414, 0.000000, 0.000000
684.431334, 57.266144, 0.000000, 0.000000
684.502238, 57.272874, 0.000000, 0.000000
684.896318, 57.322202, 0.000000, 0.000000
684.967223, 57.328932, 0.000000, 0.000000
685.038127, 57.335662, 0.000000, 0.000000
685.107910, 57.354210, 0.000000, 0.000000
685.178814, 57.360940, 0.000000, 0.000000
685.574016, 57.398451, 0.000000, 0.000000
685.643799, 57.416998, 0.000000, 0.000000
685.714703, 57.423728, 0.000000, 0.000000
685.785608, 57.430458, 0.000000, 0.000000
686.179688, 57.479787, 0.000000, 0.000000
686.250592, 57.486517, 0.000000, 0.000000
686.321496, 57.493247, 0.000000, 0.000000
686.391279, 57.511794, 0.000000, 0.000000
686.462183, 57.518524, 0.000000, 0.000000
686.857385, 57.556035, 0.000000, 0.000000
686.927168, 57.574583, 0.000000, 0.000000
686.998072, 57.581313, 0.000000, 0.000000
687.068977, 57.588043, 0.000000, 0.000000
687.463057, 57.637371, 0.000000, 0.000000
687.533962, 57.644101, 0.000000, 0.000000
687.604866, 57.650831, 0.000000, 0.000000
687.674649, 57.669379, 0.000000, 0.000000
687.745553, 57.676109, 0.000000, 0.000000
688.140755, 57.713620, 0.000000, 0.000000
688.210537, 57.732167, 0.000000, 0.000000
688.281442, 57.738897, 0.000000, 0.000000
688.352346, 57.745627, 0.000000, 0.000000
688.746426, 57.794956, 0.000000, 0.000000
688.817330, 57.801686, 0.000000, 0.000000
688.888235, 57.808416, 0.000000, 0.000000
688.958018, 57.826963, 0.000000, 0.000000
689.028922, 57.833693, 1.000000, 0.000000
689.421881, 57.894839, 1.000000, 0.000000
689.492785, 57.901569, 1.000000, 0.000000
689.562568, 57.920117, 1.000000, 0.000000
689.633472, 57.926847, 1.000000, 0.000000
690.023334, 57.975775, 1.000000, 0.000000
690.093117, 57.994322, 1.000000, 0.000000
690.164021, 58.001052, 1.000000, 0.000000
690.233804, 58.019599, 1.000000, 0.000000
690.303587, 58.038147, 1.000000, 0.000000
690.705128, 58.076260, 1.000000, 0.000000
690.774911, 58.094807, 1.000000, 0.000000
690.845815, 58.101537, 1.000000, 0.000000
690.916719, 58.108267, 1.000000, 0.000000
690.987624, 58.114997, 1.000000, 0.000000
691.387909, 58.152991, 1.000000, 0.000000
691.458814, 58.159721, 1.000000, 0.000000
691.528596, 58.178268, 1.000000, 0.000000
691.597257, 58.208633, 1.000000, 0.000000
692.005863, 58.271264, 1.000000, 0.000000
692.076768, 58.277994, 1.000000, 0.000000
692.147672, 58.284724, 0.000000, 0.000000
692.217455, 58.303271, 0.000000, 0.000000
692.288359, 58.310001, 0.000000, 0.000000
692.696836, 58.360696, 0.000000, 0.000000
692.766619, 58.379244, 0.000000, 0.000000
692.837523, 58.385974, 0.000000, 0.000000
692.907306, 58.404521, 0.000000, 0.000000
692.978210, 58.411251, 0.000000, 0.000000
693.397258, 58.462950, 0.000000, 0.000000
693.468162, 58.469680, 0.000000, 0.000000
693.537945, 58.488227, 0.000000, 0.000000
693.608849, 58.494957, 0.000000, 0.000000
693.678632, 58.513504, 0.000000, 0.000000
694.109373, 58.554389, 0.000000, 0.000000
694.179156, 58.572936, 0.000000, 0.000000
694.250060, 58.579666, 0.000000, 0.000000
694.319843, 58.598214, 0.000000, 0.000000
694.389626, 58.616761, 0.000000, 0.000000
694.811511, 58.656805, 0.000000, 0.000000
694.881293, 58.675352, 0.000000, 0.000000
694.952198, 58.682082, 0.000000, 0.000000
695.021980, 58.700630, 0.000000, 0.000000
695.092885, 58.707360, 0.000000, 0.000000
695.513649, 58.759221, 0.000000, 0.000000
695.584553, 58.765951, 0.000000, 0.000000
695.654336, 58.784498, 0.000000, 0.000000
695.725240, 58.791228, 0.000000, 0.000000
695.795023, 58.809776, 0.000000, 0.000000
695.865927, 58.816506, 0.000000, 0.000000
696.286690, 58.868367, 0.000000, 0.000000
696.356473, 58.886914, 0.000000, 0.000000
696.427377, 58.893644, 0.000000, 0.000000
696.497160, 58.912192, 0.000000, 0.000000
696.568064, 58.918922, 0.000000, 0.000000
696.988828, 58.970783, 0.000000, 0.000000
697.059732, 58.977513, 0.000000, 0.000000
697.129515, 58.996060, 0.000000, 0.000000
697.200419, 59.002790, 0.000000, 0.000000
697.270202, 59.021337, 0.000000, 0.000000
697.692440, 59.061792, 0.000000, 0.000000
697.723691, 59.482161, -1.000000, 0.000000
697.833103, 59.087202, 1.000000, 0.000000
697.905134, 59.082182, 1.000000, 0.000000
697.976032, 59.088979, 1.000000, 0.000000
698.397554, 59.142179, 1.000000, 0.000000
698.466119, 59.172760, 1.000000, 0.000000
698.537002, 59.179714, 1.000000, 0.000000
698.607884, 59.186668, 1.000000, 0.000000
698.677608, 59.205436, 1.000000, 0.000000
699.098965, 59.259606, 1.000000, 0.000000
699.171018, 59.254919, 0.000000, 0.000000
699.240696, 59.273853, 0.000000, 0.000000
699.311562, 59.280977, 0.000000, 0.000000
699.382428, 59.288101, 0.000000, 0.000000
699.803595, 59.343204, 0.000000, 0.000000
699.874444, 59.350490, 0.000000, 0.000000
699.944080, 59.369583, 0.000000, 0.000000
700.014929, 59.376869, 0.000000, 0.000000
700.085778, 59.384154, 0.000000, 0.000000
700.155414, 59.403248, 0.000000, 0.000000
700.577571, 59.447586, 0.000000, 0.000000
700.648404, 59.455026, 0.000000, 0.000000
700.717998, 59.474271, 0.000000, 0.000000
700.788831, 59.481711, 0.000000, 0.000000
700.858424, 59.500956, 0.000000, 0.000000
701.280411, 59.546139, 0.000000, 0.000000
701.351228, 59.553726, 0.000000, 0.000000
701.420782, 59.573116, 0.000000, 0.000000
701.491599, 59.580703, 0.000000, 0.000000
701.561153, 59.600093, 0.000000, 0.000000
701.982977, 59.646085, 1.000000, 0.000000
702.051204, 59.677414, 1.000000, 0.000000
702.120718, 59.696942, 1.000000, 0.000000
702.191521, 59.704670, 1.000000, 0.000000
702.262323, 59.712398, 1.000000, 0.000000
702.682440, 59.770461, 1.000000, 0.000000
702.753237, 59.778237, 1.000000, 0.000000
702.824034, 59.786014, 1.000000, 0.000000
702.894831, 59.793790, 1.000000, 0.000000
702.964332, 59.813366, 1.000000, 0.000000
703.384293, 59.871457, 1.000000, 0.000000
703.452496, 59.902836, 1.000000, 0.000000
703.523293, 59.910617, 1.000000, 0.000000
703.594090, 59.918397, 1.000000, 0.000000
703.662293, 59.949776, 1.000000, 0.000000
704.082242, 60.007869, 2.000000, 0.000000
704.151742, 60.027449, 2.000000, 0.000000
704.221242, 60.047029, 2.000000, 0.000000
704.292039, 60.054809, 2.000000, 0.000000
704.361539, 60.074389, 2.000000, 0.000000
704.431039, 60.093968, 2.000000, 0.000000
704.852284, 60.140262, 2.000000, 0.000000
704.923081, 60.148042, 2.000000, 0.000000
704.992581, 60.167622, 2.000000, 0.000000
705.062081, 60.187201, 2.000000, 0.000000
705.130284, 60.218581, 2.000000, 0.000000
705.550233, 60.276673, 2.000000, 0.000000
705.619733, 60.296253, 2.000000, 0.000000
705.689233, 60.315833, 2.000000, 0.000000
705.760029, 60.323613, 2.000000, 0.000000
705.829530, 60.343193, 2.000000, 0.000000
706.250775, 60.389486, 2.000000, 0.000000
706.321572, 60.397266, 2.000000, 0.000000
706.392369, 60.405047, 2.000000, 0.000000
706.463166, 60.412827, 2.000000, 0.000000
706.533962, 60.420607, 2.000000, 0.000000
706.955207, 60.466900, 2.000000, 0.000000
707.026004, 60.474681, 2.000000, 0.000000
707.096801, 60.482461, 2.000000, 0.000000
707.167598, 60.490241, 2.000000, 0.000000
707.238395, 60.498022, 2.000000, 0.000000
707.659639, 60.544315, 2.000000, 0.000000
707.730436, 60.552095, 2.000000, 0.000000
707.801233, 60.559875, 2.000000, 0.000000
707.872030, 60.567656, 2.000000, 0.000000
707.942827, 60.575436, 2.000000, 0.000000
708.364072, 60.621729, 2.000000, 0.000000
708.434869, 60.629509, 2.000000, 0.000000
708.505666, 60.637290, 2.000000, 0.000000
708.576463, 60.645070, 2.000000, 0.000000
708.647260, 60.652850, -1.000000, 0.000000
708.718056, 60.660631, -1.000000, 0.000000
709.139301, 60.706924, -1.000000, 0.000000
709.210098, 60.714704, -1.000000, 0.000000
709.280895, 60.722484, -1.000000, 0.000000
709.351692, 60.730265, -1.000000, 0.000000
709.422488, 60.738045, -1.000000, 0.000000
709.843733, 60.784338, -1.000000, 0.000000
709.914530, 60.792118, -1.000000, 0.000000
709.985327, 60.799899, -1.000000, 0.000000
710.056124, 60.807679, -1.000000, 0.000000
710.126921, 60.815459, -1.000000, 0.000000
710.548063, 60.861741, -1.000000, 0.000000
710.618860, 60.869522, -1.000000, 0.000000
710.689657, 60.877302, -1.000000, 0.000000
710.760454, 60.885082, -1.000000, 0.000000
710.831250, 60.892862, -1.000000, 0.000000
711.259045, 60.939875, -1.000000, 0.000000
711.329842, 60.947656, -1.000000, 0.000000
