249.703151, -181.211336, -1.000000, 0.000000
251.845283, -181.812139, 0.000000, 0.000000
251.815997, -181.898061, 0.000000, 0.000000
251.794306, -182.013263, 0.000000, 0.000000
251.776453, -182.121885, 0.000000, 0.000000
251.758562, -182.238887, 0.000000, 0.000000
251.734296, -182.328195, 0.000000, 0.000000
251.719556, -182.447863, 0.000000, 0.000000
251.709891, -182.537686, 0.000000, 0.000000
251.697983, -182.663485, 0.000000, 0.000000
251.677222, -182.767037, 0.000000, 0.000000
251.664741, -182.916993, 0.000000, 0.000000
251.655547, -183.027460, 0.000000, 0.000000
251.643067, -183.177415, 0.000000, 0.000000
251.622044, -183.286897, 0.000000, 0.000000
251.609563, -183.436853, 0.000000, 0.000000
251.600369, -183.547319, 0.000000, 0.000000
251.587889, -183.697275, 0.000000, 0.000000
251.566866, -183.806757, 0.000000, 0.000000
251.554385, -183.956712, 0.000000, 0.000000
251.533362, -184.066194, 1.000000, 0.000000
251.520882, -184.216150, 1.000000, 0.000000
251.523517, -184.327601, 1.000000, 0.000000
251.511037, -184.477557, 1.000000, 0.000000
251.501843, -184.588023, 1.000000, 0.000000
251.489363, -184.737979, 1.000000, 0.000000
251.468071, -184.850685, 1.000000, 0.000000
251.446804, -184.963096, 1.000000, 0.000000
251.436404, -185.088047, 1.000000, 0.000000
251.426027, -185.212741, 1.000000, 0.000000
251.414684, -185.349019, 1.000000, 0.000000
251.403362, -185.485062, 1.000000, 0.000000
251.391074, -185.632704, 1.000000, 0.000000
251.378091, -185.788704, 1.000000, 0.000000
251.365107, -185.944702, 1.000000, 0.000000
251.359200, -186.015680, 1.000000, 0.000000
251.346217, -186.171679, 1.000000, 0.000000
251.345063, -186.328663, 1.000000, 0.000000
251.332080, -186.484662, 1.000000, 0.000000
251.330926, -186.641645, 1.000000, 0.000000
251.319768, -186.775822, 1.000000, 0.000000
251.311666, -186.877208, 1.000000, 0.000000
251.320140, -186.948915, 1.000000, 0.000000
251.316009, -187.052642, 1.000000, 0.000000
251.313999, -187.161400, 1.000000, 0.000000
251.326002, -187.274389, 1.000000, 0.000000
251.340119, -187.390885, 0.000000, 0.000000
251.356294, -187.510490, 0.000000, 0.000000
251.362392, -187.630467, 0.000000, 0.000000
251.367356, -187.701517, 0.000000, 0.000000
251.377103, -187.833598, 0.000000, 0.000000
251.401430, -187.986656, 0.000000, 0.000000
251.414187, -188.142673, 0.000000, 0.000000
251.426944, -188.298691, 0.000000, 0.000000
251.451532, -188.453741, 0.000000, 0.000000
251.464289, -188.609759, 0.000000, 0.000000
251.470094, -188.680745, 0.000000, 0.000000
251.482851, -188.836763, 0.000000, 0.000000
251.507439, -188.991813, 0.000000, 0.000000
251.520196, -189.147831, 0.000000, 0.000000
251.532968, -189.304033, 0.000000, 0.000000
251.557603, -189.459648, 0.000000, 0.000000
251.570441, -189.616665, 0.000000, 0.000000
251.576246, -189.687651, 0.000000, 0.000000
251.589125, -189.845158, 0.000000, 0.000000
251.613879, -190.002244, 0.000000, 0.000000
251.626852, -190.160895, 0.000000, 0.000000
251.639878, -190.320200, 0.000000, 0.000000
251.664760, -190.478849, 0.000000, 0.000000
251.677811, -190.638464, 0.000000, 0.000000
251.683616, -190.709451, 0.000000, 0.000000
251.696667, -190.869066, 0.000000, 0.000000
251.721549, -191.027715, 0.000000, 0.000000
251.734600, -191.187331, 0.000000, 0.000000
251.747652, -191.346947, 0.000000, 0.000000
251.772534, -191.505595, 0.000000, 0.000000
251.785585, -191.665211, 0.000000, 0.000000
251.791390, -191.736197, 0.000000, 0.000000
251.804441, -191.895813, 0.000000, 0.000000
251.829323, -192.054461, 0.000000, 0.000000
251.842375, -192.214077, 0.000000, 0.000000
251.855426, -192.373693, 0.000000, 0.000000
251.880308, -192.532342, 0.000000, 0.000000
251.894343, -192.704392, 0.000000, 0.000000
251.899767, -192.775408, 0.000000, 0.000000
251.912516, -192.946561, 0.000000, 0.000000
251.936291, -193.116274, 0.000000, 0.000000
251.947498, -193.287065, 0.000000, 0.000000
251.958071, -193.460329, 0.000000, 0.000000
251.979326, -193.627791, 0.000000, 0.000000
251.988147, -193.795264, 0.000000, 0.000000
251.991670, -193.866400, 0.000000, 0.000000
251.999855, -194.038548, 0.000000, 0.000000
252.018967, -194.205138, 0.000000, 0.000000
252.025711, -194.370527, 0.000000, 0.000000
252.032021, -194.532851, 0.000000, 0.000000
252.049603, -194.682767, 0.000000, 0.000000
252.052311, -194.753938, 0.000000, 0.000000
252.058256, -194.910182, 0.000000, 0.000000
252.064429, -195.072431, 0.000000, 0.000000
252.082697, -195.240350, 0.000000, 0.000000
252.085405, -195.311522, 0.000000, 0.000000
252.091596, -195.474257, 0.000000, 0.000000
252.109890, -195.642865, 0.000000, 0.000000
252.112598, -195.714037, 0.000000, 0.000000
252.119274, -195.889508, 0.000000, 0.000000
252.126103, -196.068993, 0.000000, 0.000000
252.140673, -196.139713, 0.000000, 0.000000
252.147502, -196.319199, 0.000000, 0.000000
252.154330, -196.498685, 0.000000, 0.000000
252.168900, -196.569405, 0.000000, 0.000000
252.175729, -196.748891, 0.000000, 0.000000
252.182558, -196.928376, 0.000000, 0.000000
252.185266, -196.999548, 0.000000, 0.000000
252.203956, -197.178583, 0.000000, 0.000000
252.210785, -197.358068, 0.000000, 0.000000
252.213493, -197.429240, 0.000000, 0.000000
252.232184, -197.608274, 0.000000, 0.000000
252.239013, -197.787760, 0.000000, 0.000000
252.241721, -197.858931, 0.000000, 0.000000
252.248549, -198.038417, 0.000000, 0.000000
252.267240, -198.217451, 0.000000, 0.000000
252.269948, -198.288623, 0.000000, 0.000000
252.276777, -198.468109, 0.000000, 0.000000
252.295468, -198.647143, 0.000000, 0.000000
252.298175, -198.718315, 0.000000, 0.000000
252.305004, -198.897800, 0.000000, 0.000000
252.311833, -199.077286, 0.000000, 0.000000
252.326403, -199.148006, 0.000000, 0.000000
252.333232, -199.327492, 0.000000, 0.000000
252.340061, -199.506978, 0.000000, 0.000000
252.354630, -199.577698, 0.000000, 0.000000
252.361459, -199.757184, 0.000000, 0.000000
252.368288, -199.936669, 0.000000, 0.000000
252.370996, -200.007841, 0.000000, 0.000000
252.389150, -200.167481, 0.000000, 0.000000
252.392856, -200.272578, 0.000000, 0.000000
252.398228, -200.343598, 0.000000, 0.000000
252.392441, -200.252495, 0.000000, 0.000000
252.365569, -200.179375, 0.000000, 0.000000
252.385617, -200.247719, 0.000000, 0.000000
252.337496, -200.135245, 0.000000, 0.000000
252.376326, -200.196121, 0.000000, 0.000000
252.304570, -200.066270, 0.000000, 0.000000
252.205084, -199.943597, 0.000000, 0.000000
252.258556, -199.992119, 0.000000, 0.000000
252.150696, -199.887930, 0.000000, 0.000000
252.201991, -199.937342, 0.000000, 0.000000
252.174617, -199.920073, 0.000000, 0.000000
252.237481, -199.955595, 0.000000, 0.000000
252.381093, -200.071347, 0.000000, 0.000000
252.436716, -200.115830, 0.000000, 0.000000
252.603593, -200.234085, 0.000000, 0.000000
252.764170, -200.362502, 0.000000, 0.000000
252.819793, -200.406985, 0.000000, 0.000000
252.980370, -200.535402, 0.000000, 0.000000
253.043407, -200.570614, 0.000000, 0.000000
253.203984, -200.699031, 0.000000, 0.000000
253.259608, -200.743514, 0.000000, 0.000000
253.427599, -200.862660, 0.000000, 0.000000
253.483222, -200.907143, 0.000000, 0.000000
253.643799, -201.035560, 0.000000, 0.000000
253.699422, -201.080043, 0.000000, 0.000000
253.867413, -201.199189, 0.000000, 0.000000
254.027990, -201.327606, 0.000000, 0.000000
254.083613, -201.372089, 0.000000, 0.000000
254.251604, -201.491235, 0.000000, 0.000000
254.307228, -201.535718, 0.000000, 0.000000
254.467805, -201.664135, 0.000000, 0.000000
254.523428, -201.708618, 0.000000, 0.000000
254.691419, -201.827764, 0.000000, 0.000000
254.747042, -201.872247, 0.000000, 0.000000
254.907619, -202.000664, 0.000000, 0.000000
254.970656, -202.035876, 0.000000, 0.000000
255.131233, -202.164293, 0.000000, 0.000000
255.291810, -202.292710, 0.000000, 0.000000
255.347434, -202.337193, 0.000000, 0.000000
255.515424, -202.456339, 0.000000, 0.000000
255.571048, -202.500822, 0.000000, 0.000000
255.731625, -202.629239, 0.000000, 0.000000
255.794662, -202.664451, 0.000000, 0.000000
255.955239, -202.792868, 0.000000, 0.000000
256.010862, -202.837351, 0.000000, 0.000000
256.171439, -202.965768, 0.000000, 0.000000
256.234476, -203.000980, 0.000000, 0.000000
256.395054, -203.129397, 0.000000, 0.000000
256.528443, -203.236358, 0.000000, 0.000000
256.591931, -203.270751, 0.000000, 0.000000
256.510562, -203.226592, 0.000000, 0.000000
256.571253, -203.263866, 0.000000, 0.000000
256.545187, -203.257166, 0.000000, 0.000000
256.614182, -203.278458, 0.000000, 0.000000
256.610284, -203.282369, 0.000000, 0.000000
256.676226, -203.309282, 0.000000, 0.000000
256.738904, -203.323185, 0.000000, 0.000000
256.806122, -203.346732, 0.000000, 0.000000
256.895342, -203.377515, 0.000000, 0.000000
256.980417, -203.405549, 0.000000, 0.000000
257.052257, -203.412811, 0.000000, 0.000000
257.141003, -203.437323, 0.000000, 0.000000
257.210311, -203.453727, 0.000000, 0.000000
257.353488, -203.474849, 0.000000, 0.000000
257.433659, -203.494125, 0.000000, 0.000000
257.503701, -203.507042, 0.000000, 0.000000
257.683191, -203.540074, 0.000000, 0.000000
257.755389, -203.541170, 0.000000, 0.000000
257.945707, -203.575868, 0.000000, 0.000000
258.136024, -203.610565, 0.000000, 0.000000
258.208222, -203.611661, 0.000000, 0.000000
258.398539, -203.646359, 0.000000, 0.000000
258.468607, -203.659133, 0.000000, 0.000000
258.658925, -203.693831, 0.000000, 0.000000
258.851372, -203.716850, 0.000000, 0.000000
258.921440, -203.729625, 0.000000, 0.000000
259.111758, -203.764322, 0.000000, 0.000000
259.183955, -203.765418, 0.000000, 0.000000
259.374273, -203.800116, 0.000000, 0.000000
259.564591, -203.834813, 0.000000, 0.000000
259.634659, -203.847588, 0.000000, 0.000000
259.827106, -203.870607, 0.000000, 0.000000
259.897174, -203.883381, 0.000000, 0.000000
260.087492, -203.918079, 0.000000, 0.000000
260.279939, -203.941098, 0.000000, 0.000000
260.350007, -203.953873, 0.000000, 0.000000
260.540325, -203.988570, 0.000000, 0.000000
260.610393, -204.001344, 0.000000, 0.000000
260.802840, -204.024364, 0.000000, 0.000000
260.993158, -204.059061, 0.000000, 0.000000
261.063226, -204.071836, 0.000000, 0.000000
261.255673, -204.094855, 0.000000, 0.000000
261.325741, -204.107630, 0.000000, 0.000000
261.516059, -204.142327, 0.000000, 0.000000
261.706377, -204.177024, 0.000000, 0.000000
261.778574, -204.178121, 0.000000, 0.000000
261.968892, -204.212818, 0.000000, 0.000000
262.038960, -204.225593, 0.000000, 0.000000
262.231407, -204.248612, 0.000000, 0.000000
262.421725, -204.283310, 0.000000, 0.000000
262.491793, -204.296084, 0.000000, 0.000000
262.682111, -204.330781, 0.000000, 0.000000
262.754308, -204.331878, 0.000000, 0.000000
262.944626, -204.366575, 0.000000, 0.000000
263.134944, -204.401273, 0.000000, 0.000000
263.207141, -204.402369, 0.000000, 0.000000
263.398264, -204.437213, 0.000000, 0.000000
263.468332, -204.449987, 0.000000, 0.000000
263.669591, -204.486680, 0.000000, 0.000000
263.741788, -204.487776, 0.000000, 0.000000
263.955907, -204.526813, 0.000000, 0.000000
264.025975, -204.539587, 0.000000, 0.000000
264.245484, -204.567540, 0.000000, 0.000000
264.315552, -204.580315, 0.000000, 0.000000
264.385620, -204.593089, 0.000000, 0.000000
264.619528, -204.635733, 0.000000, 0.000000
264.691725, -204.636830, 0.000000, 0.000000
264.943386, -204.682711, 0.000000, 0.000000
265.013454, -204.695485, 0.000000, 0.000000
265.085651, -204.696581, 0.000000, 0.000000
265.356019, -204.745873, 0.000000, 0.000000
265.426087, -204.758647, 0.000000, 0.000000
265.496155, -204.771422, 0.000000, 0.000000
265.775174, -204.810224, 0.000000, 0.000000
265.845242, -204.822999, 0.000000, 0.000000
265.915311, -204.835773, 0.000000, 0.000000
266.194329, -204.874576, 0.000000, 0.000000
266.264398, -204.887350, 0.000000, 0.000000
266.334466, -204.900125, 0.000000, 0.000000
266.404534, -204.912899, 0.000000, 0.000000
266.683553, -204.951702, 0.000000, 0.000000
266.753621, -204.964476, 0.000000, 0.000000
266.823689, -204.977250, 0.000000, 0.000000
267.102409, -205.015993, 0.000000, 0.000000
267.172478, -205.028761, 0.000000, 0.000000
267.242548, -205.041528, 0.000000, 0.000000
267.516554, -205.091419, 0.000000, 0.000000
267.588752, -205.092436, 0.000000, 0.000000
267.658834, -205.105134, 0.000000, 0.000000
267.929033, -205.154042, 0.000000, 0.000000
268.001233, -205.154893, 0.000000, 0.000000
268.071344, -205.167429, 0.000000, 0.000000
268.341336, -205.215684, 0.000000, 0.000000
268.411477, -205.228052, 0.000000, 0.000000
268.483679, -205.228730, 0.000000, 0.000000
268.753446, -205.276306, 0.000000, 0.000000
268.823618, -205.288498, 0.000000, 0.000000
268.895822, -205.288995, 0.000000, 0.000000
268.965993, -205.301187, 0.000000, 0.000000
269.235550, -205.347874, 0.000000, 0.000000
269.305754, -205.359882, 0.000000, 0.000000
269.377958, -205.360190, 0.000000, 0.000000
269.647256, -205.406134, 0.000000, 0.000000
269.717492, -205.417951, 0.000000, 0.000000
269.789697, -205.418062, 0.000000, 0.000000
270.059401, -205.463354, 0.000000, 0.000000
270.129668, -205.474986, 0.000000, 0.000000
270.199935, -205.486618, 0.000000, 0.000000
270.477147, -205.520460, 0.000000, 0.000000
270.547422, -205.532036, 0.000000, 0.000000
270.617698, -205.543612, 0.000000, 0.000000
270.897340, -205.577646, 0.000000, 0.000000
270.967616, -205.589222, 0.000000, 0.000000
271.037891, -205.600798, 0.000000, 0.000000
271.317532, -205.634832, 0.000000, 0.000000
271.387808, -205.646408, 0.000000, 0.000000
271.458084, -205.657984, 0.000000, 0.000000
271.528360, -205.669561, 0.000000, 0.000000
271.808001, -205.703594, 0.000000, 0.000000
271.878277, -205.715171, 0.000000, 0.000000
271.948553, -205.726747, 0.000000, 0.000000
272.228194, -205.760781, 0.000000, 0.000000
272.298470, -205.772357, 0.000000, 0.000000
272.368746, -205.783933, 0.000000, 0.000000
272.646457, -205.829679, 0.000000, 0.000000
272.718662, -205.829543, 0.000000, 0.000000
272.788938, -205.841119, 0.000000, 0.000000
273.066650, -205.886866, 0.000000, 0.000000
273.138855, -205.886729, 0.000000, 0.000000
273.209131, -205.898306, 0.000000, 0.000000
273.486843, -205.944052, 0.000000, 0.000000
273.557119, -205.955628, 0.000000, 0.000000
273.629324, -205.955492, 0.000000, 0.000000
273.907035, -206.001238, 0.000000, 0.000000
273.977311, -206.012814, 0.000000, 0.000000
274.049517, -206.012678, 0.000000, 0.000000
274.119793, -206.024254, 0.000000, 0.000000
274.397504, -206.070001, 0.000000, 0.000000
274.467780, -206.081577, 0.000000, 0.000000
274.539985, -206.081440, 0.000000, 0.000000
274.817697, -206.127187, 0.000000, 0.000000
274.887973, -206.138763, 0.000000, 0.000000
274.960178, -206.138627, 0.000000, 0.000000
275.237890, -206.184373, 0.000000, 0.000000
275.308165, -206.195949, 0.000000, 0.000000
275.378441, -206.207526, 0.000000, 0.000000
275.657323, -206.241434, 0.000000, 0.000000
275.727599, -206.253010, 0.000000, 0.000000
275.797875, -206.264587, 0.000000, 0.000000
276.082635, -206.299463, 0.000000, 0.000000
276.152911, -206.311040, 0.000000, 0.000000
276.223186, -206.322616, 0.000000, 0.000000
276.500183, -206.368244, 0.000000, 0.000000
276.572388, -206.368108, 0.000000, 0.000000
276.642664, -206.379684, 0.000000, 0.000000
276.913829, -206.424352, 0.000000, 0.000000
276.986034, -206.424216, 0.000000, 0.000000
277.056310, -206.435792, 0.000000, 0.000000
277.321646, -206.479500, 0.000000, 0.000000
277.391922, -206.491076, 0.000000, 0.000000
277.464128, -206.490940, 0.000000, 0.000000
277.210559, -209.721460, -1.000000, 0.000000
277.801767, -206.570619, 1.000000, 0.000000
277.870114, -206.593908, 1.000000, 0.000000
278.135513, -206.637626, 1.000000, 0.000000
278.203859, -206.660915, 1.000000, 0.000000
278.270276, -206.695916, 1.000000, 0.000000
278.528682, -206.750513, 1.000000, 0.000000
278.597028, -206.773802, 1.000000, 0.000000
278.852129, -206.827856, 1.000000, 0.000000
278.920500, -206.851072, 1.000000, 0.000000
278.990789, -206.862572, 1.000000, 0.000000
279.235746, -206.914659, 1.000000, 0.000000
279.304219, -206.937573, 1.000000, 0.000000
279.372693, -206.960486, 1.000000, 0.000000
279.613278, -207.010692, 1.000000, 0.000000
279.681887, -207.033195, 1.000000, 0.000000
279.750497, -207.055697, 1.000000, 0.000000
279.992136, -207.104507, 1.000000, 0.000000
280.060875, -207.126610, 1.000000, 0.000000
280.129614, -207.148713, 1.000000, 0.000000
280.372258, -207.196159, 1.000000, 0.000000
280.441121, -207.217874, 1.000000, 0.000000
280.509984, -207.239589, 1.000000, 0.000000
280.753587, -207.285702, 1.000000, 0.000000
280.822567, -207.307040, 1.000000, 0.000000
281.066972, -207.352219, 1.000000, 0.000000
281.136065, -207.373190, 1.000000, 0.000000
281.203625, -207.405931, 1.000000, 0.000000
281.449162, -207.449862, 1.000000, 0.000000
281.518361, -207.470481, 1.000000, 0.000000
281.587560, -207.491100, 1.000000, 0.000000
281.844889, -207.511281, 1.000000, 0.000000
281.912682, -207.543537, 1.000000, 0.000000
281.980475, -207.575793, 1.000000, 0.000000
282.239448, -207.631557, 1.000000, 0.000000
282.307241, -207.663813, 1.000000, 0.000000
282.376483, -207.684287, 1.000000, 0.000000
282.635456, -207.740051, 1.000000, 0.000000
282.704697, -207.760525, 1.000000, 0.000000
282.772491, -207.792781, 1.000000, 0.000000
283.032913, -207.836763, 1.000000, 0.000000
283.102154, -207.857237, 1.000000, 0.000000
283.361127, -207.913001, 1.000000, 0.000000
283.430369, -207.933476, 1.000000, 0.000000
283.498162, -207.965731, 1.000000, 0.000000
283.758584, -208.009714, 1.000000, 0.000000
283.829274, -208.018406, 1.000000, 0.000000
283.897067, -208.050662, 1.000000, 0.000000
284.157489, -208.094644, 1.000000, 0.000000
284.226731, -208.115119, 1.000000, 0.000000
284.297422, -208.123811, 1.000000, 0.000000
284.559292, -208.156011, 1.000000, 0.000000
284.629983, -208.164704, 1.000000, 0.000000
284.700673, -208.173396, 1.000000, 0.000000
284.962544, -208.205597, 1.000000, 0.000000
285.033234, -208.214289, 1.000000, 0.000000
285.103925, -208.222981, 1.000000, 0.000000
285.365795, -208.255182, 1.000000, 0.000000
285.436486, -208.263874, 1.000000, 0.000000
285.698356, -208.296075, 1.000000, 0.000000
285.769047, -208.304767, 1.000000, 0.000000
285.841186, -208.301678, 1.000000, 0.000000
286.103057, -208.333879, 1.000000, 0.000000
286.172298, -208.354353, 1.000000, 0.000000
286.242989, -208.363045, 1.000000, 0.000000
286.504860, -208.395246, 1.000000, 0.000000
286.575550, -208.403938, 1.000000, 0.000000
286.646241, -208.412630, 1.000000, 0.000000
286.908111, -208.444831, 1.000000, 0.000000
286.977353, -208.465305, 1.000000, 0.000000
287.048044, -208.473997, 1.000000, 0.000000
287.312369, -208.506500, 1.000000, 0.000000
287.383059, -208.515192, 1.000000, 0.000000
287.452301, -208.535666, 1.000000, 0.000000
287.720663, -208.568665, 1.000000, 0.000000
287.789905, -208.589139, 1.000000, 0.000000
288.062316, -208.622636, 1.000000, 0.000000
288.133007, -208.631328, 1.000000, 0.000000
288.203698, -208.640021, 1.000000, 0.000000
288.480175, -208.674017, 1.000000, 0.000000
288.550865, -208.682710, 1.000000, 0.000000
288.620107, -208.703184, 1.000000, 0.000000
288.888882, -208.736233, 1.000000, 0.000000
288.958124, -208.756708, 1.000000, 0.000000
289.028814, -208.765400, 1.000000, 0.000000
289.301680, -208.798953, 1.000000, 0.000000
289.372371, -208.807645, 1.000000, 0.000000
289.441613, -208.828119, 1.000000, 0.000000
289.718584, -208.862176, 1.000000, 0.000000
289.789275, -208.870869, 1.000000, 0.000000
289.858517, -208.891343, 1.000000, 0.000000
290.137093, -208.925598, 1.000000, 0.000000
290.207784, -208.934290, 1.000000, 0.000000
290.279923, -208.931201, 1.000000, 0.000000
290.558499, -208.965455, 1.000000, 0.000000
290.629189, -208.974148, 1.000000, 0.000000
290.701329, -208.971058, 1.000000, 0.000000
290.979905, -209.005313, 1.000000, 0.000000
291.050595, -209.014006, 1.000000, 0.000000
291.118388, -209.046261, 1.000000, 0.000000
291.408274, -209.081988, 1.000000, 0.000000
291.478924, -209.091006, 1.000000, 0.000000
291.548071, -209.111798, 1.000000, 0.000000
291.853940, -209.151128, 1.000000, 0.000000
291.924484, -209.160938, 1.000000, 0.000000
291.995029, -209.170747, 1.000000, 0.000000
292.302213, -209.213785, 1.000000, 0.000000
292.374410, -209.212700, 1.000000, 0.000000
292.444832, -209.223352, 1.000000, 0.000000
292.751861, -209.270121, 1.000000, 0.000000
292.822149, -209.281621, 1.000000, 0.000000
292.892438, -209.293122, 1.000000, 0.000000
293.201168, -209.331938, 1.000000, 0.000000
293.271311, -209.344291, 1.000000, 0.000000
293.341455, -209.356644, 1.000000, 0.000000
293.647851, -209.410940, 1.000000, 0.000000
293.717838, -209.424151, 1.000000, 0.000000
293.787826, -209.437361, 1.000000, 0.000000
294.093742, -209.495444, 1.000000, 0.000000
294.163561, -209.509516, 1.000000, 0.000000
294.233381, -209.523587, 1.000000, 0.000000
294.528757, -209.571165, 1.000000, 0.000000
294.598472, -209.585746, 1.000000, 0.000000
294.665756, -209.611945, 1.000000, 0.000000
294.940976, -209.669510, 1.000000, 0.000000
295.010688, -209.684104, 1.000000, 0.000000
295.080399, -209.698699, 1.000000, 0.000000
295.355118, -209.756213, 1.000000, 0.000000
295.424830, -209.770808, 1.000000, 0.000000
295.494542, -209.785403, 1.000000, 0.000000
295.771693, -209.831299, 1.000000, 0.000000
295.841404, -209.845893, 1.000000, 0.000000
295.911116, -209.860488, 1.000000, 0.000000
296.183402, -209.929621, 1.000000, 0.000000
296.250681, -209.955834, 1.000000, 0.000000
296.317960, -209.982047, 1.000000, 0.000000
296.592679, -210.039562, 1.000000, 0.000000
296.662391, -210.054157, 1.000000, 0.000000
296.732102, -210.068751, 1.000000, 0.000000
297.006821, -210.126266, 1.000000, 0.000000
297.076532, -210.140860, 1.000000, 0.000000
297.146244, -210.155455, 1.000000, 0.000000
297.418530, -210.224588, 1.000000, 0.000000
297.488242, -210.239183, 1.000000, 0.000000
297.557953, -210.253777, 1.000000, 0.000000
297.832672, -210.311292, 1.000000, 0.000000
297.902384, -210.325887, 1.000000, 0.000000
297.972096, -210.340481, 1.000000, 0.000000
298.246814, -210.397996, 1.000000, 0.000000
298.316526, -210.412590, 1.000000, 0.000000
298.386237, -210.427185, 1.000000, 0.000000
298.660956, -210.484699, 1.000000, 0.000000
298.730667, -210.499294, 1.000000, 0.000000
298.800379, -210.513889, 1.000000, 0.000000
299.077530, -210.559785, 1.000000, 0.000000
299.147242, -210.574379, 1.000000, 0.000000
299.216954, -210.588974, 1.000000, 0.000000
299.491672, -210.646488, 1.000000, 0.000000
299.561384, -210.661083, 1.000000, 0.000000
299.633528, -210.664059, 1.000000, 0.000000
299.907715, -210.721462, 1.000000, 0.000000
299.977426, -210.736057, 1.000000, 0.000000
300.047138, -210.750652, 1.000000, 0.000000
300.317698, -210.819423, 1.000000, 0.000000
300.387410, -210.834018, 1.000000, 0.000000
300.457122, -210.848613, 1.000000, 0.000000
300.728978, -210.905528, 1.000000, 0.000000
300.798689, -210.920122, 1.000000, 0.000000
300.868401, -210.934717, 1.000000, 0.000000
301.139179, -210.991407, 1.000000, 0.000000
301.208891, -211.006001, 1.000000, 0.000000
301.278603, -211.020596, 1.000000, 0.000000
301.548363, -211.077072, 1.000000, 0.000000
301.618074, -211.091667, 1.000000, 0.000000
301.690218, -211.094643, 0.000000, 0.000000
301.959019, -211.150918, 0.000000, 0.000000
302.028731, -211.165513, 0.000000, 0.000000
302.098442, -211.180108, 0.000000, 0.000000
302.366344, -211.236195, 0.000000, 0.000000
302.436056, -211.250790, 0.000000, 0.000000
302.505767, -211.265384, 0.000000, 0.000000
302.773184, -211.321370, 0.000000, 0.000000
302.842895, -211.335965, 0.000000, 0.000000
302.912607, -211.350559, 0.000000, 0.000000
303.180023, -211.406545, 0.000000, 0.000000
303.249735, -211.421140, 0.000000, 0.000000
303.319446, -211.435734, 0.000000, 0.000000
303.581240, -211.490522, 0.000000, 0.000000
303.650986, -211.504955, 0.000000, 0.000000
303.720731, -211.519388, 0.000000, 0.000000
303.955975, -211.568132, 0.000000, 0.000000
304.025906, -211.581637, 0.000000, 0.000000
304.095837, -211.595142, 0.000000, 0.000000
304.302875, -211.635617, 0.000000, 0.000000
304.373123, -211.647363, 0.000000, 0.000000
304.443371, -211.659110, 0.000000, 0.000000
304.303687, -214.150838, -1.000000, 0.000000
304.721190, -211.716285, 1.000000, 0.000000
304.791706, -211.726295, 1.000000, 0.000000
305.002850, -211.756707, 1.000000, 0.000000
305.073588, -211.765004, 1.000000, 0.000000
305.144326, -211.773300, 1.000000, 0.000000
305.356195, -211.810517, 1.000000, 0.000000
305.427111, -211.817129, 1.000000, 0.000000
305.498026, -211.823741, 1.000000, 0.000000
305.713042, -211.844180, 1.000000, 0.000000
305.784092, -211.849140, 1.000000, 0.000000
305.854316, -211.865941, 1.000000, 0.000000
306.073608, -211.881571, 1.000000, 0.000000
306.144181, -211.896836, 1.000000, 0.000000
306.215322, -211.900245, 1.000000, 0.000000
306.455822, -211.923704, 1.000000, 0.000000
306.527002, -211.926175, 1.000000, 0.000000
306.598182, -211.928647, 1.000000, 0.000000
306.871231, -211.938129, 1.000000, 0.000000
306.941999, -211.952464, 1.000000, 0.000000
307.013179, -211.954936, 1.000000, 0.000000
307.285816, -211.976282, 1.000000, 0.000000
307.356996, -211.978753, 1.000000, 0.000000
307.427764, -211.993089, 1.000000, 0.000000
307.700813, -212.002571, 1.000000, 0.000000
307.771993, -212.005042, 1.000000, 0.000000
307.842761, -212.019378, 1.000000, 0.000000
308.115809, -212.028860, 1.000000, 0.000000
308.186989, -212.031331, 1.000000, 0.000000
308.258170, -212.033803, 1.000000, 0.000000
308.531219, -212.043285, 1.000000, 0.000000
308.601987, -212.057620, 1.000000, 0.000000
308.673167, -212.060092, 1.000000, 0.000000
308.946215, -212.069574, 1.000000, 0.000000
309.017395, -212.072046, 1.000000, 0.000000
309.088576, -212.074518, 1.000000, 0.000000
309.361624, -212.084000, 1.000000, 0.000000
309.432392, -212.098335, 1.000000, 0.000000
309.503572, -212.100807, 1.000000, 0.000000
309.776621, -212.110289, 1.000000, 0.000000
309.847801, -212.112761, 1.000000, 0.000000
309.918982, -212.115232, 1.000000, 0.000000
310.192030, -212.124714, 1.000000, 0.000000
310.263210, -212.127186, 1.000000, 0.000000
310.334390, -212.129658, 1.000000, 0.000000
310.607439, -212.139140, 1.000000, 0.000000
310.678619, -212.141612, 1.000000, 0.000000
310.749799, -212.144084, 1.000000, 0.000000
311.022848, -212.153566, 1.000000, 0.000000
311.094028, -212.156037, 1.000000, 0.000000
311.165208, -212.158509, 1.000000, 0.000000
311.438257, -212.167991, 1.000000, 0.000000
311.509437, -212.170463, 1.000000, 0.000000
311.580617, -212.172935, 1.000000, 0.000000
311.854349, -212.182441, 1.000000, 0.000000
311.925529, -212.184912, 1.000000, 0.000000
311.996709, -212.187384, 1.000000, 0.000000
312.272471, -212.196960, 1.000000, 0.000000
312.343651, -212.199432, 1.000000, 0.000000
312.414832, -212.201904, 1.000000, 0.000000
312.692889, -212.211560, 1.000000, 0.000000
312.764069, -212.214032, 1.000000, 0.000000
312.835249, -212.216504, 1.000000, 0.000000
313.115863, -212.226248, 1.000000, 0.000000
313.187043, -212.228720, 1.000000, 0.000000
313.258223, -212.231192, 1.000000, 0.000000
313.541650, -212.241034, 1.000000, 0.000000
313.612830, -212.243506, 1.000000, 0.000000
313.684010, -212.245978, 1.000000, 0.000000
313.970500, -212.255927, 1.000000, 0.000000
314.041680, -212.258399, 1.000000, 0.000000
314.112860, -212.260870, 1.000000, 0.000000
314.402659, -212.270934, 1.000000, 0.000000
314.473839, -212.273406, 1.000000, 0.000000
314.545431, -212.264014, 1.000000, 0.000000
314.825576, -212.273743, 1.000000, 0.000000
314.896756, -212.276215, 1.000000, 0.000000
314.967936, -212.278686, 1.000000, 0.000000
315.039116, -212.281158, 1.000000, 0.000000
315.319261, -212.290887, 1.000000, 0.000000
315.390441, -212.293358, 1.000000, 0.000000
315.461621, -212.295830, 1.000000, 0.000000
315.741765, -212.305559, 1.000000, 0.000000
315.812945, -212.308030, 1.000000, 0.000000
315.884538, -212.298639, 1.000000, 0.000000
316.151751, -212.307759, 1.000000, 0.000000
316.222943, -212.309843, 1.000000, 0.000000
316.294136, -212.311927, 1.000000, 0.000000
316.540645, -212.319044, 1.000000, 0.000000
316.611860, -212.320117, 1.000000, 0.000000
316.683075, -212.321190, 1.000000, 0.000000
316.927208, -212.324964, 1.000000, 0.000000
316.998431, -212.324953, 1.000000, 0.000000
317.069654, -212.324942, 1.000000, 0.000000
317.314737, -212.325166, 1.000000, 0.000000
317.385952, -212.324098, 1.000000, 0.000000
317.457167, -212.323031, 1.000000, 0.000000
317.528382, -212.321963, 1.000000, 0.000000
317.774335, -212.317667, 1.000000, 0.000000
317.845527, -212.315570, 1.000000, 0.000000
317.916719, -212.313474, 1.000000, 0.000000
318.163492, -212.305774, 1.000000, 0.000000
318.234648, -212.302676, 1.000000, 0.000000
318.305803, -212.299578, 1.000000, 0.000000
248.286394, -180.911194, 1.000000, -1.#QNAN0
248.249477, -181.088056, 1.000000, -1.#QNAN0
248.211096, -181.220707, 1.000000, -1.#QNAN0
248.175291, -181.415892, 1.000000, -1.#QNAN0
248.155142, -181.538597, 1.000000, -1.#QNAN0
248.125484, -181.734045, 1.000000, -1.#QNAN0
248.095579, -181.865749, 1.000000, -1.#QNAN0
248.073184, -182.050257, 1.000000, -1.#QNAN0
248.047685, -182.177700, 1.000000, -1.#QNAN0
248.031656, -182.348228, 1.000000, -1.#QNAN0
248.021874, -182.462813, 1.000000, -1.#QNAN0
248.009394, -182.612769, 1.000000, -1.#QNAN0
248.000200, -182.723235, 1.000000, -1.#QNAN0
247.987719, -182.873191, 1.000000, -1.#QNAN0
247.978526, -182.983657, 1.000000, -1.#QNAN0
247.966045, -183.133613, 1.000000, -1.#QNAN0
247.956851, -183.244080, 1.000000, -1.#QNAN0
247.956201, -183.395020, 1.000000, -1.#QNAN0
247.958836, -183.506471, 1.000000, -1.#QNAN0
247.946356, -183.656426, 1.000000, -1.#QNAN0
247.948992, -183.767877, 1.000000, -1.#QNAN0
247.948341, -183.918818, 1.000000, -1.#QNAN0
247.939147, -184.029284, 1.000000, -1.#QNAN0
247.926667, -184.179240, 1.000000, -1.#QNAN0
247.917473, -184.289706, 1.000000, -1.#QNAN0
247.904993, -184.439662, 1.000000, -1.#QNAN0
247.907360, -184.554337, 1.000000, -1.#QNAN0
247.909752, -184.668717, 1.000000, -1.#QNAN0
247.911182, -184.794653, 1.000000, -1.#QNAN0
249.296698, -185.035523, -1.000000, -1.#QNAN0
249.285356, -185.171801, -1.000000, -1.#QNAN0
249.274033, -185.307844, -1.000000, -1.#QNAN0
249.261745, -185.455487, -1.000000, -1.#QNAN0
249.248762, -185.611486, -1.000000, -1.#QNAN0
249.235779, -185.767485, -1.000000, -1.#QNAN0
249.229871, -185.838462, -1.000000, -1.#QNAN0
249.216888, -185.994461, -1.000000, -1.#QNAN0
249.203905, -186.150460, -1.000000, -1.#QNAN0
249.190921, -186.306459, -1.000000, -1.#QNAN0
249.177938, -186.462458, -1.000000, -1.#QNAN0
249.165075, -186.618466, -1.000000, -1.#QNAN0
249.153673, -186.774588, -1.000000, -1.#QNAN0
249.150290, -186.845731, -1.000000, -1.#QNAN0
249.144294, -187.002137, -1.000000, -1.#QNAN0
249.141699, -187.158637, -1.000000, -1.#QNAN0
249.142209, -187.315159, -1.000000, -1.#QNAN0
249.145561, -187.471648, -1.000000, -1.#QNAN0
249.151513, -187.628062, -1.000000, -1.#QNAN0
249.159849, -187.784374, -1.000000, -1.#QNAN0
249.164814, -187.855423, -1.000000, -1.#QNAN0
249.176371, -188.011532, -1.000000, -1.#QNAN0
249.189029, -188.167557, -1.000000, -1.#QNAN0
249.201787, -188.323575, -1.000000, -1.#QNAN0
249.214544, -188.479592, -1.000000, -1.#QNAN0
249.227301, -188.635610, -1.000000, -1.#QNAN0
249.240058, -188.791628, -1.000000, -1.#QNAN0
249.245862, -188.862614, -1.000000, -1.#QNAN0
249.258619, -189.018631, -1.000000, -1.#QNAN0
249.271376, -189.174649, -1.000000, -1.#QNAN0
249.284133, -189.330667, -1.000000, -1.#QNAN0
249.296906, -189.486869, -1.000000, -1.#QNAN0
249.309709, -189.643451, -1.000000, -1.#QNAN0
249.322548, -189.800468, -1.000000, -1.#QNAN0
249.328352, -189.871455, -1.000000, -1.#QNAN0
249.341231, -190.028962, -1.000000, -1.#QNAN0
247.958094, -190.301166, 1.000000, -1.#QNAN0
247.971067, -190.459818, 1.000000, -1.#QNAN0
247.984093, -190.619123, 1.000000, -1.#QNAN0
247.997144, -190.778739, 1.000000, -1.#QNAN0
247.998364, -190.939322, 1.000000, -1.#QNAN0
247.992338, -191.011275, 1.000000, -1.#QNAN0
247.993558, -191.171859, 1.000000, -1.#QNAN0
248.006609, -191.331475, 1.000000, -1.#QNAN0
248.007829, -191.492058, 1.000000, -1.#QNAN0
248.009050, -191.652641, 1.000000, -1.#QNAN0
248.022101, -191.812257, 1.000000, -1.#QNAN0
248.023321, -191.972840, 1.000000, -1.#QNAN0
248.005464, -192.045761, 1.000000, -1.#QNAN0
248.006684, -192.206344, 1.000000, -1.#QNAN0
248.007904, -192.366928, 1.000000, -1.#QNAN0
247.997293, -192.528478, 1.000000, -1.#QNAN0
247.986683, -192.690029, 1.000000, -1.#QNAN0
247.964241, -192.852547, 1.000000, -1.#QNAN0
247.929271, -193.007214, 1.000000, -1.#QNAN0
247.887351, -193.081846, 1.000000, -1.#QNAN0
247.863116, -193.235735, 1.000000, -1.#QNAN0
247.826374, -193.390648, 1.000000, -1.#QNAN0
247.777097, -193.545759, 1.000000, -1.#QNAN0
247.774400, -193.695720, 0.000000, -1.#QNAN0
247.783001, -193.849133, 0.000000, -1.#QNAN0
247.779277, -194.003699, 0.000000, -1.#QNAN0
247.770943, -194.075422, 0.000000, -1.#QNAN0
247.778101, -194.225669, 0.000000, -1.#QNAN0
247.772947, -194.380505, 0.000000, -1.#QNAN0
247.779302, -194.536226, 0.000000, -1.#QNAN0
247.773591, -194.694870, 0.000000, -1.#QNAN0
247.767450, -194.845689, 0.000000, -1.#QNAN0
247.770158, -194.916860, 0.000000, -1.#QNAN0
247.764240, -195.073555, 0.000000, -1.#QNAN0
247.758551, -195.236255, 0.000000, -1.#QNAN0
247.764957, -195.404626, 0.000000, -1.#QNAN0
247.755803, -195.476249, 0.000000, -1.#QNAN0
247.761995, -195.638985, 0.000000, -1.#QNAN0
247.756565, -195.808495, 0.000000, -1.#QNAN0
247.747411, -195.880118, 0.000000, -1.#QNAN0
247.754087, -196.055589, 0.000000, -1.#QNAN0
247.749054, -196.235525, 0.000000, -1.#QNAN0
247.739900, -196.307148, 0.000000, -1.#QNAN0
247.746729, -196.486634, 0.000000, -1.#QNAN0
247.741696, -196.666571, 0.000000, -1.#QNAN0
247.732542, -196.738194, 0.000000, -1.#QNAN0
247.739370, -196.917680, 0.000000, -1.#QNAN0
247.734337, -197.097617, 0.000000, -1.#QNAN0
247.737045, -197.168788, 0.000000, -1.#QNAN0
247.732012, -197.348725, 0.000000, -1.#QNAN0
247.726979, -197.528662, 0.000000, -1.#QNAN0
247.729687, -197.599834, 0.000000, -1.#QNAN0
247.724654, -197.779771, 0.000000, -1.#QNAN0
247.719621, -197.959708, 0.000000, -1.#QNAN0
247.722329, -198.030879, 0.000000, -1.#QNAN0
247.717296, -198.210816, 0.000000, -1.#QNAN0
247.712262, -198.390753, 0.000000, -1.#QNAN0
247.714970, -198.461925, 0.000000, -1.#QNAN0
247.709937, -198.641862, 0.000000, -1.#QNAN0
247.716766, -198.821348, 0.000000, -1.#QNAN0
247.707612, -198.892971, 0.000000, -1.#QNAN0
247.702579, -199.072907, 0.000000, -1.#QNAN0
247.709408, -199.252393, 0.000000, -1.#QNAN0
247.700254, -199.324016, 0.000000, -1.#QNAN0
247.695221, -199.503953, 0.000000, -1.#QNAN0
247.702049, -199.683439, 0.000000, -1.#QNAN0
247.692895, -199.755062, 0.000000, -1.#QNAN0
247.699724, -199.934547, 0.000000, -1.#QNAN0
247.694691, -200.114484, 0.000000, -1.#QNAN0
247.685537, -200.186107, 0.000000, -1.#QNAN0
247.693354, -200.382576, 0.000000, -1.#QNAN0
247.693690, -200.628024, 0.000000, -1.#QNAN0
247.687225, -200.699939, 0.000000, -1.#QNAN0
247.735427, -201.115658, 0.000000, -1.#QNAN0
247.809347, -201.515885, 0.000000, -1.#QNAN0
247.818004, -201.587569, 0.000000, -1.#QNAN0
247.958085, -202.000464, 0.000000, -1.#QNAN0
247.975072, -202.070643, 0.000000, -1.#QNAN0
248.183076, -202.494881, 0.000000, -1.#QNAN0
248.442363, -202.916896, 0.000000, -1.#QNAN0
248.477207, -202.980137, 0.000000, -1.#QNAN0
248.807138, -203.358876, 0.000000, -1.#QNAN0
248.850197, -203.416838, 0.000000, -1.#QNAN0
249.131191, -203.687540, 0.000000, -1.#QNAN0
249.186595, -203.732296, 0.000000, -1.#QNAN0
249.341409, -203.872281, 0.000000, -1.#QNAN0
249.389618, -203.926035, 0.000000, -1.#QNAN0
249.549081, -204.053561, 0.000000, -1.#QNAN0
249.702244, -204.191248, 0.000000, -1.#QNAN0
249.757868, -204.235731, 0.000000, -1.#QNAN0
249.911031, -204.373418, 0.000000, -1.#QNAN0
249.959240, -204.427172, 0.000000, -1.#QNAN0
250.119817, -204.555589, 0.000000, -1.#QNAN0
250.168027, -204.609342, 0.000000, -1.#QNAN0
250.321190, -204.747029, 0.000000, -1.#QNAN0
250.376813, -204.791513, 0.000000, -1.#QNAN0
250.529976, -204.929200, 0.000000, -1.#QNAN0
250.585600, -204.973683, 0.000000, -1.#QNAN0
250.738763, -205.111370, 0.000000, -1.#QNAN0
250.891926, -205.249057, 0.000000, -1.#QNAN0
250.947549, -205.293541, 0.000000, -1.#QNAN0
251.100712, -205.431228, 0.000000, -1.#QNAN0
251.148922, -205.484981, 0.000000, -1.#QNAN0
251.309499, -205.613398, 0.000000, -1.#QNAN0
251.357708, -205.667152, 0.000000, -1.#QNAN0
251.510871, -205.804839, 0.000000, -1.#QNAN0
251.566495, -205.849322, 0.000000, -1.#QNAN0
251.719658, -205.987009, 0.000000, -1.#QNAN0
251.775281, -206.031493, 0.000000, -1.#QNAN0
251.928444, -206.169180, 0.000000, -1.#QNAN0
252.081607, -206.306867, 0.000000, -1.#QNAN0
252.137231, -206.351350, 0.000000, -1.#QNAN0
252.290394, -206.489037, 0.000000, -1.#QNAN0
252.338603, -206.542791, 0.000000, -1.#QNAN0
252.499180, -206.671208, 0.000000, -1.#QNAN0
252.547390, -206.724961, 0.000000, -1.#QNAN0
252.700553, -206.862649, 0.000000, -1.#QNAN0
252.756176, -206.907132, 0.000000, -1.#QNAN0
252.909339, -207.044819, 0.000000, -1.#QNAN0
252.964963, -207.089302, 0.000000, -1.#QNAN0
253.118126, -207.226989, 0.000000, -1.#QNAN0
253.297631, -207.385464, 0.000000, -1.#QNAN0
253.353826, -207.429222, 0.000000, -1.#QNAN0
253.746115, -207.727849, 0.000000, -1.#QNAN0
253.800594, -207.775238, 0.000000, -1.#QNAN0
254.173554, -207.990492, 0.000000, -1.#QNAN0
254.231914, -208.033011, 0.000000, -1.#QNAN0
254.600734, -208.206054, 0.000000, -1.#QNAN0
254.662191, -208.243958, 0.000000, -1.#QNAN0
254.968932, -208.375729, 0.000000, -1.#QNAN0
255.036149, -208.399276, 0.000000, -1.#QNAN0
255.295859, -208.499028, 0.000000, -1.#QNAN0
255.567446, -208.593928, 0.000000, -1.#QNAN0
255.636166, -208.612643, 0.000000, -1.#QNAN0
255.897087, -208.693209, 0.000000, -1.#QNAN0
255.963662, -208.721163, 0.000000, -1.#QNAN0
256.174893, -208.770091, 0.000000, -1.#QNAN0
256.447701, -208.840665, 0.000000, -1.#QNAN0
256.517743, -208.853582, 0.000000, -1.#QNAN0
256.705955, -208.900282, 0.000000, -1.#QNAN0
256.773894, -208.924734, 0.000000, -1.#QNAN0
256.964212, -208.959431, 0.000000, -1.#QNAN0
257.152401, -209.005807, 0.000000, -1.#QNAN0
257.220340, -209.030259, 0.000000, -1.#QNAN0
257.410657, -209.064957, 0.000000, -1.#QNAN0
257.478596, -209.089409, 0.000000, -1.#QNAN0
257.668914, -209.124107, 0.000000, -1.#QNAN0
257.857103, -209.170482, 0.000000, -1.#QNAN0
257.925042, -209.194934, 0.000000, -1.#QNAN0
258.115360, -209.229632, 0.000000, -1.#QNAN0
258.183299, -209.254084, 0.000000, -1.#QNAN0
258.371488, -209.300460, 0.000000, -1.#QNAN0
258.561806, -209.335157, 0.000000, -1.#QNAN0
258.629745, -209.359610, 0.000000, -1.#QNAN0
258.817934, -209.405985, 0.000000, -1.#QNAN0
258.888002, -209.418759, 0.000000, -1.#QNAN0
259.076191, -209.465135, 0.000000, -1.#QNAN0
259.266508, -209.499832, 0.000000, -1.#QNAN0
259.334447, -209.524285, 0.000000, -1.#QNAN0
259.522636, -209.570660, 0.000000, -1.#QNAN0
259.592704, -209.583434, 0.000000, -1.#QNAN0
259.780893, -209.629810, 0.000000, -1.#QNAN0
259.969082, -209.676185, 0.000000, -1.#QNAN0
260.039150, -209.688960, 0.000000, -1.#QNAN0
260.227339, -209.735335, 0.000000, -1.#QNAN0
260.295278, -209.759788, 0.000000, -1.#QNAN0
260.485596, -209.794485, 0.000000, -1.#QNAN0
261.199662, -206.956391, -1.000000, -1.#QNAN0
260.743853, -209.853635, 1.000000, -1.#QNAN0
260.929913, -209.911688, 1.000000, -1.#QNAN0
260.995723, -209.947819, 1.000000, -1.#QNAN0
261.181782, -210.005872, 1.000000, -1.#QNAN0
261.369971, -210.052248, 1.000000, -1.#QNAN0
261.442168, -210.053344, 1.000000, -1.#QNAN0
261.632486, -210.088041, 1.000000, -1.#QNAN0
261.700425, -210.112494, 1.000000, -1.#QNAN0
261.888614, -210.158869, 1.000000, -1.#QNAN0
262.081061, -210.181889, 0.000000, -1.#QNAN0
262.153258, -210.182985, 0.000000, -1.#QNAN0
262.346510, -210.206151, 0.000000, -1.#QNAN0
262.418707, -210.207248, 0.000000, -1.#QNAN0
262.622096, -210.232262, 0.000000, -1.#QNAN0
262.694293, -210.233358, 0.000000, -1.#QNAN0
262.910541, -210.260717, 0.000000, -1.#QNAN0
262.982738, -210.261813, 0.000000, -1.#QNAN0
263.200117, -210.301444, 0.000000, -1.#QNAN0
263.272314, -210.302541, 0.000000, -1.#QNAN0
263.344512, -210.303637, 0.000000, -1.#QNAN0
263.580549, -210.334603, 0.000000, -1.#QNAN0
263.652746, -210.335700, 0.000000, -1.#QNAN0
263.906536, -210.369903, 0.000000, -1.#QNAN0
263.978733, -210.370999, 0.000000, -1.#QNAN0
264.050930, -210.372096, 0.000000, -1.#QNAN0
264.323427, -210.409709, 0.000000, -1.#QNAN0
264.395624, -210.410805, 0.000000, -1.#QNAN0
264.467821, -210.411902, 0.000000, -1.#QNAN0
264.746840, -210.450705, 0.000000, -1.#QNAN0
264.819037, -210.451801, 0.000000, -1.#QNAN0
264.891235, -210.452897, 0.000000, -1.#QNAN0
265.170254, -210.491700, 0.000000, -1.#QNAN0
265.242451, -210.492796, 0.000000, -1.#QNAN0
265.314648, -210.493893, 0.000000, -1.#QNAN0
265.386845, -210.494989, 0.000000, -1.#QNAN0
265.665864, -210.533792, 0.000000, -1.#QNAN0
265.738061, -210.534888, 0.000000, -1.#QNAN0
265.810258, -210.535984, 0.000000, -1.#QNAN0
266.089550, -210.574832, 0.000000, -1.#QNAN0
266.161747, -210.575920, 0.000000, -1.#QNAN0
266.233944, -210.577009, 0.000000, -1.#QNAN0
266.515557, -210.616218, 0.000000, -1.#QNAN0
266.587755, -210.617235, 0.000000, -1.#QNAN0
266.657837, -210.629933, 0.000000, -1.#QNAN0
266.942856, -210.669447, 0.000000, -1.#QNAN0
267.015056, -210.670298, 0.000000, -1.#QNAN0
267.087257, -210.671149, 0.000000, -1.#QNAN0
267.372530, -210.710062, 0.000000, -1.#QNAN0
267.444733, -210.710739, 0.000000, -1.#QNAN0
267.516935, -210.711417, 0.000000, -1.#QNAN0
267.802472, -210.749703, 0.000000, -1.#QNAN0
267.874676, -210.750199, 0.000000, -1.#QNAN0
267.946879, -210.750696, 0.000000, -1.#QNAN0
268.019083, -210.751193, 0.000000, -1.#QNAN0
268.304894, -210.788637, 0.000000, -1.#QNAN0
268.377099, -210.788944, 0.000000, -1.#QNAN0
268.449304, -210.789252, 0.000000, -1.#QNAN0
268.735399, -210.826006, 0.000000, -1.#QNAN0
268.807604, -210.826117, 0.000000, -1.#QNAN0
268.879810, -210.826227, 0.000000, -1.#QNAN0
269.165644, -210.862176, 0.000000, -1.#QNAN0
269.237850, -210.862098, 0.000000, -1.#QNAN0
269.310055, -210.862019, 0.000000, -1.#QNAN0
269.591561, -210.896569, 0.000000, -1.#QNAN0
269.663767, -210.896433, 0.000000, -1.#QNAN0
269.735972, -210.896297, 0.000000, -1.#QNAN0
270.015613, -210.930330, 0.000000, -1.#QNAN0
270.087819, -210.930194, 0.000000, -1.#QNAN0
270.160024, -210.930058, 0.000000, -1.#QNAN0
270.439665, -210.964091, 0.000000, -1.#QNAN0
270.509941, -210.975667, 0.000000, -1.#QNAN0
270.582146, -210.975531, 0.000000, -1.#QNAN0
270.654351, -210.975395, 0.000000, -1.#QNAN0
270.933992, -211.009428, 0.000000, -1.#QNAN0
271.006197, -211.009292, 0.000000, -1.#QNAN0
271.078403, -211.009156, 0.000000, -1.#QNAN0
271.358044, -211.043189, 0.000000, -1.#QNAN0
271.430249, -211.043053, 0.000000, -1.#QNAN0
271.502454, -211.042917, 0.000000, -1.#QNAN0
271.782095, -211.076950, 0.000000, -1.#QNAN0
271.854300, -211.076814, 0.000000, -1.#QNAN0
271.926506, -211.076677, 0.000000, -1.#QNAN0
272.206146, -211.110711, 0.000000, -1.#QNAN0
272.278352, -211.110575, 0.000000, -1.#QNAN0
272.350557, -211.110438, 0.000000, -1.#QNAN0
272.630198, -211.144472, 0.000000, -1.#QNAN0
272.702404, -211.144336, 0.000000, -1.#QNAN0
272.774609, -211.144199, 0.000000, -1.#QNAN0
273.054250, -211.178233, 0.000000, -1.#QNAN0
273.126455, -211.178096, 0.000000, -1.#QNAN0
273.198660, -211.177960, 0.000000, -1.#QNAN0
273.270866, -211.177824, 0.000000, -1.#QNAN0
273.550506, -211.211857, 0.000000, -1.#QNAN0
273.622712, -211.211721, 0.000000, -1.#QNAN0
273.694917, -211.211585, 0.000000, -1.#QNAN0
273.974558, -211.245618, 0.000000, -1.#QNAN0
274.044834, -211.257194, 0.000000, -1.#QNAN0
274.117039, -211.257058, 0.000000, -1.#QNAN0
274.396680, -211.291092, 0.000000, -1.#QNAN0
274.468885, -211.290955, 0.000000, -1.#QNAN0
274.541091, -211.290819, 0.000000, -1.#QNAN0
274.819973, -211.324728, 0.000000, -1.#QNAN0
274.892178, -211.324591, 0.000000, -1.#QNAN0
274.964383, -211.324455, 0.000000, -1.#QNAN0
275.249143, -211.359332, 0.000000, -1.#QNAN0
275.321348, -211.359195, 0.000000, -1.#QNAN0
275.393553, -211.359059, 0.000000, -1.#QNAN0
275.672479, -211.392975, 0.000000, -1.#QNAN0
275.744684, -211.392838, 0.000000, -1.#QNAN0
275.816889, -211.392702, 0.000000, -1.#QNAN0
276.089984, -211.425657, 0.000000, -1.#QNAN0
276.162189, -211.425521, 0.000000, -1.#QNAN0
276.234394, -211.425384, 0.000000, -1.#QNAN0
276.501660, -211.457380, 0.000000, -1.#QNAN0
276.573866, -211.457243, 0.000000, -1.#QNAN0
276.646071, -211.457107, 0.000000, -1.#QNAN0
276.919223, -211.490072, 0.000000, -1.#QNAN0
276.991428, -211.489935, 0.000000, -1.#QNAN0
277.063633, -211.489799, 0.000000, -1.#QNAN0
277.330962, -211.521804, 0.000000, -1.#QNAN0
277.403167, -211.521668, 0.000000, -1.#QNAN0
277.475372, -211.521531, 0.000000, -1.#QNAN0
277.735707, -211.564415, 0.000000, -1.#QNAN0
277.807912, -211.564279, 0.000000, -1.#QNAN0
278.071985, -211.595747, 0.000000, -1.#QNAN0
278.144190, -211.595533, 0.000000, -1.#QNAN0
278.216395, -211.595319, 0.000000, -1.#QNAN0
278.486001, -211.627335, 0.000000, -1.#QNAN0
278.558204, -211.626803, 0.000000, -1.#QNAN0
278.630408, -211.626270, 0.000000, -1.#QNAN0
278.904355, -211.645639, 1.000000, -1.#QNAN0
278.976554, -211.644674, 1.000000, -1.#QNAN0
279.045164, -211.667176, 1.000000, -1.#QNAN0
279.313628, -211.720009, 1.000000, -1.#QNAN0
279.384093, -211.730368, 1.000000, -1.#QNAN0
279.454559, -211.740727, 1.000000, -1.#QNAN0
279.724780, -211.780154, 1.000000, -1.#QNAN0
279.796963, -211.778361, 1.000000, -1.#QNAN0
279.867486, -211.788323, 1.000000, -1.#QNAN0
280.137600, -211.826123, 1.000000, -1.#QNAN0
280.208176, -211.835698, 1.000000, -1.#QNAN0
280.478190, -211.872306, 1.000000, -1.#QNAN0
280.548817, -211.881506, 1.000000, -1.#QNAN0
280.620976, -211.878935, 1.000000, -1.#QNAN0
280.892243, -211.902217, 1.000000, -1.#QNAN0
280.964389, -211.899278, 1.000000, -1.#QNAN0
281.038008, -211.884561, 1.000000, -1.#QNAN0
281.305961, -211.894098, 1.000000, -1.#QNAN0
281.378101, -211.891009, 1.000000, -1.#QNAN0
281.451689, -211.876138, 1.000000, -1.#QNAN0
281.713559, -211.908338, 1.000000, -1.#QNAN0
281.784250, -211.917031, 1.000000, -1.#QNAN0
281.854940, -211.925723, 1.000000, -1.#QNAN0
282.116810, -211.957923, 1.000000, -1.#QNAN0
282.188950, -211.954834, 1.000000, -1.#QNAN0
282.261089, -211.951745, 1.000000, -1.#QNAN0
282.525857, -211.960382, 1.000000, -1.#QNAN0
282.597997, -211.957292, 1.000000, -1.#QNAN0
282.859867, -211.989493, 1.000000, -1.#QNAN0
282.932006, -211.986403, 1.000000, -1.#QNAN0
283.002697, -211.995096, 1.000000, -1.#QNAN0
283.264567, -212.027296, 1.000000, -1.#QNAN0
283.336706, -212.024207, 1.000000, -1.#QNAN0
283.408846, -212.021118, 1.000000, -1.#QNAN0
283.670716, -212.053318, 1.000000, -1.#QNAN0
283.741407, -212.062011, 1.000000, -1.#QNAN0
283.812097, -212.070703, 1.000000, -1.#QNAN0
284.075416, -212.091122, 1.000000, -1.#QNAN0
284.149005, -212.076251, 1.000000, -1.#QNAN0
284.219695, -212.084943, 1.000000, -1.#QNAN0
284.481565, -212.117143, 1.000000, -1.#QNAN0
284.550807, -212.137618, 1.000000, -1.#QNAN0
284.621498, -212.146310, 1.000000, -1.#QNAN0
284.881920, -212.190292, 1.000000, -1.#QNAN0
284.952610, -212.198985, 1.000000, -1.#QNAN0
285.213032, -212.242967, 1.000000, -1.#QNAN0
285.283723, -212.251659, 1.000000, -1.#QNAN0
285.354413, -212.260352, 1.000000, -1.#QNAN0
285.614835, -212.304334, 1.000000, -1.#QNAN0
285.685525, -212.313026, 1.000000, -1.#QNAN0
285.756216, -212.321719, 1.000000, -1.#QNAN0
286.018087, -212.353919, 1.000000, -1.#QNAN0
286.090226, -212.350830, 1.000000, -1.#QNAN0
286.160916, -212.359522, 1.000000, -1.#QNAN0
286.424235, -212.379941, 1.000000, -1.#QNAN0
286.493477, -212.400415, 1.000000, -1.#QNAN0
286.564168, -212.409108, 1.000000, -1.#QNAN0
286.827044, -212.453392, 1.000000, -1.#QNAN0
286.897735, -212.462084, 1.000000, -1.#QNAN0
286.968425, -212.470777, 1.000000, -1.#QNAN0
287.235338, -212.515557, 1.000000, -1.#QNAN0
287.306029, -212.524249, 1.000000, -1.#QNAN0
287.578441, -212.557746, 1.000000, -1.#QNAN0
287.647683, -212.578220, 1.000000, -1.#QNAN0
287.718373, -212.586913, 1.000000, -1.#QNAN0
287.994850, -212.620909, 1.000000, -1.#QNAN0
288.065541, -212.629602, 1.000000, -1.#QNAN0
288.137680, -212.626512, 1.000000, -1.#QNAN0
288.406455, -212.659562, 1.000000, -1.#QNAN0
288.477145, -212.668254, 1.000000, -1.#QNAN0
288.547836, -212.676947, 1.000000, -1.#QNAN0
288.820702, -212.710499, 1.000000, -1.#QNAN0
288.891393, -212.719192, 1.000000, -1.#QNAN0
288.962083, -212.727884, 1.000000, -1.#QNAN0
289.239055, -212.761941, 1.000000, -1.#QNAN0
289.309745, -212.770634, 1.000000, -1.#QNAN0
289.380436, -212.779326, 1.000000, -1.#QNAN0
289.659012, -212.813581, 1.000000, -1.#QNAN0
289.729703, -212.822273, 1.000000, -1.#QNAN0
289.800393, -212.830966, 1.000000, -1.#QNAN0
290.080418, -212.853439, 1.000000, -1.#QNAN0
290.151109, -212.862131, 1.000000, -1.#QNAN0
290.221799, -212.870823, 1.000000, -1.#QNAN0
290.500375, -212.905078, 1.000000, -1.#QNAN0
290.571066, -212.913771, 1.000000, -1.#QNAN0
290.641756, -212.922463, 1.000000, -1.#QNAN0
290.913829, -212.955958, 1.000000, -1.#QNAN0
290.984479, -212.964975, 1.000000, -1.#QNAN0
291.055128, -212.973992, 1.000000, -1.#QNAN0
291.317677, -213.007546, 1.000000, -1.#QNAN0
291.386586, -213.029113, 1.000000, -1.#QNAN0
291.457130, -213.038923, 1.000000, -1.#QNAN0
291.716340, -213.086991, 1.000000, -1.#QNAN0
291.786762, -213.097643, 1.000000, -1.#QNAN0
291.855408, -213.120033, 1.000000, -1.#QNAN0
292.115519, -213.159415, 1.000000, -1.#QNAN0
292.185807, -213.170915, 1.000000, -1.#QNAN0
292.258013, -213.170701, 1.000000, -1.#QNAN0
292.515578, -213.224907, 1.000000, -1.#QNAN0
292.585722, -213.237260, 1.000000, -1.#QNAN0
292.653806, -213.261304, 1.000000, -1.#QNAN0
292.912482, -213.306895, 1.000000, -1.#QNAN0
292.980268, -213.331770, 1.000000, -1.#QNAN0
293.050255, -213.344980, 1.000000, -1.#QNAN0
293.308088, -213.393681, 1.000000, -1.#QNAN0
293.377907, -213.407752, 1.000000, -1.#QNAN0
293.445381, -213.433460, 1.000000, -1.#QNAN0
293.707381, -213.498420, 1.000000, -1.#QNAN0
293.777095, -213.513001, 1.000000, -1.#QNAN0
293.846810, -213.527581, 1.000000, -1.#QNAN0
294.121242, -213.584981, 1.000000, -1.#QNAN0
294.190954, -213.599575, 1.000000, -1.#QNAN0
294.260666, -213.614170, 1.000000, -1.#QNAN0
294.532952, -213.683303, 1.000000, -1.#QNAN0
294.602664, -213.697898, 1.000000, -1.#QNAN0
294.669943, -213.724111, 1.000000, -1.#QNAN0
294.942229, -213.793244, 1.000000, -1.#QNAN0
295.011941, -213.807839, 1.000000, -1.#QNAN0
295.079220, -213.834052, 1.000000, -1.#QNAN0
295.353938, -213.891566, 1.000000, -1.#QNAN0
295.421217, -213.917780, 1.000000, -1.#QNAN0
295.490929, -213.932374, 1.000000, -1.#QNAN0
295.765648, -213.989889, 1.000000, -1.#QNAN0
295.835360, -214.004484, 1.000000, -1.#QNAN0
295.902639, -214.030697, 1.000000, -1.#QNAN0
296.177357, -214.088211, 1.000000, -1.#QNAN0
296.244636, -214.114425, 1.000000, -1.#QNAN0
296.311916, -214.140638, 1.000000, -1.#QNAN0
296.584202, -214.209771, 1.000000, -1.#QNAN0
296.653913, -214.224365, 1.000000, -1.#QNAN0
296.723625, -214.238960, 1.000000, -1.#QNAN0
296.998344, -214.296475, 1.000000, -1.#QNAN0
297.065623, -214.322688, 1.000000, -1.#QNAN0
297.132902, -214.348901, 1.000000, -1.#QNAN0
297.407621, -214.406416, 1.000000, -1.#QNAN0
297.477332, -214.421010, 1.000000, -1.#QNAN0
297.547044, -214.435605, 1.000000, -1.#QNAN0
297.821762, -214.493119, 1.000000, -1.#QNAN0
297.891474, -214.507714, 1.000000, -1.#QNAN0
297.958753, -214.533927, 1.000000, -1.#QNAN0
298.231040, -214.603060, 1.000000, -1.#QNAN0
298.298319, -214.629274, 1.000000, -1.#QNAN0
298.368030, -214.643868, 1.000000, -1.#QNAN0
298.642749, -214.701383, 1.000000, -1.#QNAN0
298.712460, -214.715977, 1.000000, -1.#QNAN0
298.779740, -214.742191, 1.000000, -1.#QNAN0
299.051494, -214.811212, 1.000000, -1.#QNAN0
299.118773, -214.837426, 1.000000, -1.#QNAN0
299.183620, -214.875258, 1.000000, -1.#QNAN0
299.454181, -214.944029, 1.000000, -1.#QNAN0
299.521460, -214.970243, 1.000000, -1.#QNAN0
299.591171, -214.984837, 1.000000, -1.#QNAN0
299.863027, -215.041752, 1.000000, -1.#QNAN0
299.930307, -215.067966, 1.000000, -1.#QNAN0
300.000018, -215.082560, 1.000000, -1.#QNAN0
300.270797, -215.139250, 1.000000, -1.#QNAN0
300.338076, -215.165463, 1.000000, -1.#QNAN0
300.407787, -215.180058, 1.000000, -1.#QNAN0
300.677547, -215.236534, 1.000000, -1.#QNAN0
300.747259, -215.251129, 1.000000, -1.#QNAN0
300.814538, -215.277342, 1.000000, -1.#QNAN0
301.083339, -215.333618, 1.000000, -1.#QNAN0
301.153051, -215.348212, 1.000000, -1.#QNAN0
301.222762, -215.362807, 1.000000, -1.#QNAN0
301.490664, -215.418894, 1.000000, -1.#QNAN0
301.557943, -215.445107, 1.000000, -1.#QNAN0
301.627655, -215.459702, 1.000000, -1.#QNAN0
301.892639, -215.527306, 1.000000, -1.#QNAN0
301.962350, -215.541901, 1.000000, -1.#QNAN0
302.029629, -215.568114, 1.000000, -1.#QNAN0
302.297046, -215.624100, 1.000000, -1.#QNAN0
302.366757, -215.638695, 1.000000, -1.#QNAN0
302.436469, -215.653289, 1.000000, -1.#QNAN0
302.708037, -215.710111, 1.000000, -1.#QNAN0
302.777782, -215.724544, 1.000000, -1.#QNAN0
302.847528, -215.738977, 1.000000, -1.#QNAN0
303.138922, -215.798953, 1.000000, -1.#QNAN0
303.206602, -215.824113, 1.000000, -1.#QNAN0
303.276533, -215.837618, 1.000000, -1.#QNAN0
303.590241, -215.897308, 1.000000, -1.#QNAN0
303.660489, -215.909055, 1.000000, -1.#QNAN0
303.728779, -215.932509, 1.000000, -1.#QNAN0
304.043447, -215.984259, 1.000000, -1.#QNAN0
304.112295, -216.006021, 1.000000, -1.#QNAN0
304.182811, -216.016030, 1.000000, -1.#QNAN0
304.496761, -216.071735, 1.000000, -1.#QNAN0
304.567499, -216.080031, 1.000000, -1.#QNAN0
304.636855, -216.100117, 1.000000, -1.#QNAN0
304.952853, -216.136358, 1.000000, -1.#QNAN0
305.022666, -216.154789, 1.000000, -1.#QNAN0
305.093582, -216.161401, 1.000000, -1.#QNAN0
305.408868, -216.201923, 1.000000, -1.#QNAN0
305.479091, -216.218724, 1.000000, -1.#QNAN0
305.550141, -216.223683, 1.000000, -1.#QNAN0
305.864575, -216.244913, 1.000000, -1.#QNAN0
305.935717, -216.248321, 1.000000, -1.#QNAN0
306.006858, -216.251729, 1.000000, -1.#QNAN0
306.305041, -216.265691, 1.000000, -1.#QNAN0
306.376221, -216.268163, 1.000000, -1.#QNAN0
306.446989, -216.282498, 1.000000, -1.#QNAN0
306.720037, -216.291980, 1.000000, -1.#QNAN0
306.791630, -216.282588, 1.000000, -1.#QNAN0
306.862810, -216.285060, 1.000000, -1.#QNAN0
307.135859, -216.294542, 1.000000, -1.#QNAN0
307.207039, -216.297014, 1.000000, -1.#QNAN0
307.278219, -216.299486, 1.000000, -1.#QNAN0
307.551267, -216.308968, 1.000000, -1.#QNAN0
307.622447, -216.311439, 1.000000, -1.#QNAN0
307.693628, -216.313911, 1.000000, -1.#QNAN0
307.966676, -216.323393, 1.000000, -1.#QNAN0
308.037856, -216.325865, 1.000000, -1.#QNAN0
308.109036, -216.328337, 1.000000, -1.#QNAN0
308.381673, -216.349682, 1.000000, -1.#QNAN0
308.452853, -216.352154, 1.000000, -1.#QNAN0
308.523621, -216.366489, 1.000000, -1.#QNAN0
308.797082, -216.364108, 1.000000, -1.#QNAN0
308.868262, -216.366580, 1.000000, -1.#QNAN0
308.939442, -216.369051, 1.000000, -1.#QNAN0
309.212491, -216.378533, 1.000000, -1.#QNAN0
309.283671, -216.381005, 1.000000, -1.#QNAN0
309.354851, -216.383477, 1.000000, -1.#QNAN0
309.627900, -216.392959, 1.000000, -1.#QNAN0
309.699080, -216.395431, 1.000000, -1.#QNAN0
309.770260, -216.397903, 1.000000, -1.#QNAN0
310.043309, -216.407385, 1.000000, -1.#QNAN0
310.114489, -216.409857, 1.000000, -1.#QNAN0
310.185669, -216.412328, 1.000000, -1.#QNAN0
310.458305, -216.433674, 1.000000, -1.#QNAN0
310.529485, -216.436145, 1.000000, -1.#QNAN0
310.600666, -216.438617, 1.000000, -1.#QNAN0
310.873715, -216.448099, 1.000000, -1.#QNAN0
310.944895, -216.450571, 1.000000, -1.#QNAN0
311.016075, -216.453043, 1.000000, -1.#QNAN0
311.289123, -216.462525, 1.000000, -1.#QNAN0
311.360303, -216.464997, 1.000000, -1.#QNAN0
311.431072, -216.479332, 1.000000, -1.#QNAN0
311.704803, -216.488838, 1.000000, -1.#QNAN0
311.775983, -216.491309, 1.000000, -1.#QNAN0
311.846752, -216.505645, 1.000000, -1.#QNAN0
312.122514, -216.515221, 1.000000, -1.#QNAN0
312.194106, -216.505829, 1.000000, -1.#QNAN0
312.265286, -216.508301, 1.000000, -1.#QNAN0
312.543344, -216.517957, 1.000000, -1.#QNAN0
312.614524, -216.520429, 1.000000, -1.#QNAN0
312.685704, -216.522901, 1.000000, -1.#QNAN0
312.966317, -216.532645, 1.000000, -1.#QNAN0
313.037498, -216.535117, 1.000000, -1.#QNAN0
313.108678, -216.537589, 1.000000, -1.#QNAN0
313.392104, -216.547431, 1.000000, -1.#QNAN0
313.463284, -216.549903, 1.000000, -1.#QNAN0
313.534876, -216.540512, 1.000000, -1.#QNAN0
313.821366, -216.550460, 1.000000, -1.#QNAN0
313.892546, -216.552932, 1.000000, -1.#QNAN0
313.964138, -216.543541, 1.000000, -1.#QNAN0
314.253938, -216.553604, 1.000000, -1.#QNAN0
314.325118, -216.556076, 1.000000, -1.#QNAN0
314.396298, -216.558548, 1.000000, -1.#QNAN0
314.676443, -216.568276, 1.000000, -1.#QNAN0
314.747211, -216.582612, 1.000000, -1.#QNAN0
314.818391, -216.585083, 1.000000, -1.#QNAN0
314.889571, -216.587555, 1.000000, -1.#QNAN0
315.169715, -216.597284, 1.000000, -1.#QNAN0
315.240895, -216.599755, 1.000000, -1.#QNAN0
315.312076, -216.602227, 1.000000, -1.#QNAN0
315.592220, -216.611956, 1.000000, -1.#QNAN0
315.663400, -216.614427, 1.000000, -1.#QNAN0
315.734580, -216.616899, 1.000000, -1.#QNAN0
316.025340, -216.626773, 1.000000, -1.#QNAN0
316.096533, -216.628857, 1.000000, -1.#QNAN0
316.167725, -216.630940, 1.000000, -1.#QNAN0
316.475536, -216.639416, 1.000000, -1.#QNAN0
316.546751, -216.640490, 1.000000, -1.#QNAN0
316.617966, -216.641563, 1.000000, -1.#QNAN0
316.927869, -216.645827, 1.000000, -1.#QNAN0
316.999092, -216.645816, 1.000000, -1.#QNAN0
317.070315, -216.645805, 1.000000, -1.#QNAN0
317.379495, -216.645544, 1.000000, -1.#QNAN0
317.450888, -216.656345, 1.000000, -1.#QNAN0
317.521925, -216.643409, 1.000000, -1.#QNAN0
317.593140, -216.642341, 1.000000, -1.#QNAN0
317.901168, -216.624793, 1.000000, -1.#QNAN0
317.972360, -216.622696, 1.000000, -1.#QNAN0
318.043902, -216.632465, 1.000000, -1.#QNAN0
318.351433, -216.622548, 1.000000, -1.#QNAN0
318.422589, -216.619450, 1.000000, -1.#QNAN0
318.493228, -216.604493, 1.000000, -1.#QNAN0
