268.335185, -121.899965, 1.000000, 0.000000
268.239387, -122.133771, 1.000000, 0.000000
268.212384, -122.199676, 1.000000, 0.000000
268.116586, -122.433482, 1.000000, 0.000000
268.089582, -122.499387, 1.000000, 0.000000
268.062578, -122.565293, 1.000000, 0.000000
267.966780, -122.799098, 1.000000, 0.000000
267.939777, -122.865004, 1.000000, 0.000000
267.912773, -122.930909, 1.000000, 0.000000
267.819219, -123.159238, 1.000000, 0.000000
267.803199, -123.229644, 1.000000, 0.000000
267.708342, -123.461154, 1.000000, 0.000000
267.681338, -123.527059, 1.000000, 0.000000
267.654335, -123.592965, 1.000000, 0.000000
267.562606, -123.816839, 1.000000, 0.000000
267.535602, -123.882745, 1.000000, 0.000000
267.483744, -124.103327, 1.000000, 0.000000
267.457077, -124.169370, 1.000000, 0.000000
267.430410, -124.235412, 1.000000, 0.000000
267.355142, -124.423789, 1.000000, 0.000000
267.329646, -124.490292, 1.000000, 0.000000
267.259331, -124.674586, 1.000000, 0.000000
267.234946, -124.741504, 1.000000, 0.000000
267.124182, -124.906646, 1.000000, 0.000000
267.100831, -124.973932, 1.000000, 0.000000
267.077479, -125.041218, 1.000000, 0.000000
267.014900, -125.223535, 1.000000, 0.000000
266.992521, -125.291151, 1.000000, 0.000000
266.931702, -125.475876, 1.000000, 0.000000
266.910240, -125.543789, 1.000000, 0.000000
266.852152, -125.727492, 1.000000, 0.000000
266.831674, -125.795707, 1.000000, 0.000000
266.811197, -125.863923, 1.000000, 0.000000
266.755139, -126.052692, 1.000000, 0.000000
266.735500, -126.121153, 1.000000, 0.000000
266.710127, -126.339016, 0.000000, 0.000000
266.656383, -126.397774, 0.000000, 0.000000
266.607498, -126.612966, 0.000000, 0.000000
266.588018, -126.681474, 0.000000, 0.000000
266.568537, -126.749981, 0.000000, 0.000000
266.519600, -126.965475, 1.000000, 0.000000
266.488702, -127.030735, 1.000000, 0.000000
266.428347, -127.242983, 1.000000, 0.000000
266.408867, -127.311490, 1.000000, 0.000000
266.348512, -127.523738, 1.000000, 0.000000
266.329031, -127.592245, 1.000000, 0.000000
266.309551, -127.660752, 1.000000, 0.000000
266.249196, -127.873000, 1.000000, 0.000000
266.229715, -127.941507, 1.000000, 0.000000
266.169361, -128.153755, 1.000000, 0.000000
266.149880, -128.222262, 1.000000, 0.000000
266.089526, -128.434509, 1.000000, 0.000000
266.070045, -128.503016, 1.000000, 0.000000
266.061982, -128.574770, 1.000000, 0.000000
266.001628, -128.787018, 1.000000, 0.000000
265.982147, -128.855525, 1.000000, 0.000000
265.898956, -129.061279, 1.000000, 0.000000
265.879476, -129.129786, 1.000000, 0.000000
265.819121, -129.342034, 1.000000, 0.000000
265.799641, -129.410541, 1.000000, 0.000000
265.780160, -129.479048, 1.000000, 0.000000
265.708388, -129.688049, 1.000000, 0.000000
265.688907, -129.756556, 1.000000, 0.000000
265.628552, -129.968804, 1.000000, 0.000000
265.609072, -130.037311, 1.000000, 0.000000
265.548717, -130.249559, 1.000000, 0.000000
265.540654, -130.321312, 1.000000, 0.000000
265.521174, -130.389819, 1.000000, 0.000000
265.460819, -130.602067, 1.000000, 0.000000
265.441338, -130.670574, 1.000000, 0.000000
265.380984, -130.882822, 1.000000, 0.000000
265.372921, -130.954576, 1.000000, 0.000000
265.312566, -131.166823, 1.000000, 0.000000
265.293086, -131.235331, 1.000000, 0.000000
265.307858, -131.313578, 1.000000, 0.000000
265.247504, -131.525826, 1.000000, 0.000000
265.216605, -131.591086, 1.000000, 0.000000
265.156251, -131.803334, 1.000000, 0.000000
265.125352, -131.868594, 1.000000, 0.000000
265.028902, -132.077581, 1.000000, 0.000000
265.009421, -132.146088, 1.000000, 0.000000
264.978522, -132.211348, 1.000000, 0.000000
264.914379, -132.436920, 1.000000, 0.000000
264.894898, -132.505428, 1.000000, 0.000000
264.828782, -132.737937, 1.000000, 0.000000
264.797883, -132.803197, 1.000000, 0.000000
264.733017, -133.031311, 1.000000, 0.000000
264.713536, -133.099818, 1.000000, 0.000000
264.694056, -133.168325, 1.000000, 0.000000
264.627170, -133.403542, 0.000000, 0.000000
264.619107, -133.475296, 0.000000, 0.000000
264.561597, -133.720938, 1.000000, 0.000000
264.542117, -133.789446, 1.000000, 0.000000
264.534054, -133.861199, 1.000000, 0.000000
264.466312, -134.099426, 1.000000, 0.000000
264.458249, -134.171180, 1.000000, 0.000000
264.450186, -134.242934, 1.000000, 0.000000
264.359230, -134.475909, 1.000000, 0.000000
264.339714, -134.544406, 1.000000, 0.000000
264.271276, -134.784606, 1.000000, 0.000000
264.251697, -134.853085, 1.000000, 0.000000
264.197879, -134.911774, 1.000000, 0.000000
264.129152, -135.152058, 1.000000, 0.000000
264.109503, -135.220517, 1.000000, 0.000000
264.101264, -135.292250, 1.000000, 0.000000
264.032239, -135.532552, 1.000000, 0.000000
264.012516, -135.600990, 1.000000, 0.000000
263.943253, -135.841335, 1.000000, 0.000000
263.923453, -135.909751, 1.000000, 0.000000
263.903654, -135.978166, 1.000000, 0.000000
263.834022, -136.218661, 1.000000, 0.000000
263.814137, -136.287052, 1.000000, 0.000000
263.794252, -136.355443, 1.000000, 0.000000
263.735771, -136.598900, 1.000000, 0.000000
263.715810, -136.667269, 1.000000, 0.000000
263.646139, -136.905900, 1.000000, 0.000000
263.626156, -136.974263, 1.000000, 0.000000
263.606173, -137.042625, 1.000000, 0.000000
263.536599, -137.280639, 1.000000, 0.000000
263.516616, -137.349001, 1.000000, 0.000000
263.496633, -137.417364, 1.000000, 0.000000
263.427059, -137.655378, 1.000000, 0.000000
263.407076, -137.723740, 1.000000, 0.000000
263.337502, -137.961754, 1.000000, 0.000000
263.317519, -138.030117, 1.000000, 0.000000
263.297536, -138.098479, 1.000000, 0.000000
263.227962, -138.336493, 1.000000, 0.000000
263.207979, -138.404855, 1.000000, 0.000000
263.187996, -138.473217, 1.000000, 0.000000
263.118422, -138.711231, 1.000000, 0.000000
263.098440, -138.779594, 1.000000, 0.000000
263.028866, -139.017608, 1.000000, 0.000000
263.020276, -139.089301, 1.000000, 0.000000
263.034474, -139.167655, 1.000000, 0.000000
262.964901, -139.405669, 1.000000, 0.000000
262.944918, -139.474031, 1.000000, 0.000000
262.936328, -139.545724, 1.000000, 0.000000
262.866754, -139.783738, 1.000000, 0.000000
262.846771, -139.852100, 1.000000, 0.000000
262.777197, -140.090114, 1.000000, 0.000000
262.768608, -140.161807, 1.000000, 0.000000
262.748625, -140.230170, 1.000000, 0.000000
262.679051, -140.468184, 1.000000, 0.000000
262.659068, -140.536546, 1.000000, 0.000000
262.639085, -140.604908, 1.000000, 0.000000
262.569511, -140.842922, 1.000000, 0.000000
262.549528, -140.911284, 1.000000, 0.000000
262.479954, -141.149299, 1.000000, 0.000000
262.425790, -141.207670, 1.000000, 0.000000
262.394414, -141.272701, 1.000000, 0.000000
262.324840, -141.510716, 1.000000, 0.000000
262.304857, -141.579078, 1.000000, 0.000000
262.273480, -141.644110, 1.000000, 0.000000
262.203906, -141.882124, 1.000000, 0.000000
262.183923, -141.950486, 1.000000, 0.000000
262.114349, -142.188500, 1.000000, 0.000000
262.094366, -142.256862, 1.000000, 0.000000
262.074383, -142.325225, 1.000000, 0.000000
262.005774, -142.559938, 1.000000, 0.000000
262.019972, -142.638292, 1.000000, 0.000000
261.988596, -142.703324, 1.000000, 0.000000
261.906724, -142.941100, 1.000000, 0.000000
261.886741, -143.009462, 1.000000, 0.000000
261.817725, -143.245569, 1.000000, 0.000000
261.786348, -143.310600, 1.000000, 0.000000
261.766365, -143.378963, 1.000000, 0.000000
261.688020, -143.604886, 1.000000, 0.000000
261.668106, -143.673269, 1.000000, 0.000000
261.593955, -143.885813, 1.000000, 0.000000
261.574427, -143.954307, 1.000000, 0.000000
261.511335, -144.175453, 1.000000, 0.000000
261.492246, -144.244071, 1.000000, 0.000000
261.473158, -144.312688, 1.000000, 0.000000
261.401799, -144.525923, 1.000000, 0.000000
261.383161, -144.594664, 1.000000, 0.000000
261.325069, -144.809371, 1.000000, 0.000000
261.306896, -144.878237, 1.000000, 0.000000
261.238698, -145.089962, 1.000000, 0.000000
261.209506, -145.156003, 1.000000, 0.000000
261.191813, -145.224994, 1.000000, 0.000000
261.136995, -145.439911, 1.000000, 0.000000
261.108278, -145.506160, 1.000000, 0.000000
261.053557, -145.726429, 1.000000, 0.000000
261.036666, -145.795620, 1.000000, 0.000000
260.992628, -146.026069, 1.000000, 0.000000
260.975771, -146.095268, 1.000000, 0.000000
260.958915, -146.164468, 1.000000, 0.000000
260.903238, -146.393037, 1.000000, 0.000000
260.886381, -146.462236, 1.000000, 0.000000
260.830704, -146.690805, 1.000000, 0.000000
260.813847, -146.760005, 1.000000, 0.000000
260.769703, -146.991383, 1.000000, 0.000000
260.752847, -147.060582, 1.000000, 0.000000
260.735990, -147.129782, 1.000000, 0.000000
260.691846, -147.361160, 1.000000, 0.000000
260.686523, -147.433169, 1.000000, 0.000000
260.630845, -147.661738, 1.000000, 0.000000
260.625522, -147.733747, 1.000000, 0.000000
260.569845, -147.962316, 1.000000, 0.000000
260.564521, -148.034325, 1.000000, 0.000000
260.547665, -148.103525, 1.000000, 0.000000
260.491988, -148.332093, 1.000000, 0.000000
260.463598, -148.398483, 1.000000, 0.000000
260.407920, -148.627052, 1.000000, 0.000000
260.391064, -148.696252, 1.000000, 0.000000
260.335386, -148.924821, 1.000000, 0.000000
260.306997, -148.991211, 1.000000, 0.000000
260.290140, -149.060411, 1.000000, 0.000000
260.234463, -149.288979, 1.000000, 0.000000
260.206073, -149.355369, 1.000000, 0.000000
260.150396, -149.583938, 1.000000, 0.000000
260.133539, -149.653138, 1.000000, 0.000000
260.066328, -149.878897, 1.000000, 0.000000
260.049472, -149.948097, 1.000000, 0.000000
260.032616, -150.017297, 1.000000, 0.000000
259.976938, -150.245865, 1.000000, 0.000000
259.960082, -150.315065, 1.000000, 0.000000
259.904404, -150.543634, 1.000000, 0.000000
259.887548, -150.612833, 1.000000, 0.000000
259.831870, -150.841402, 1.000000, 0.000000
259.826547, -150.913411, 1.000000, 0.000000
259.809691, -150.982611, 1.000000, 0.000000
259.754013, -151.211180, 1.000000, 0.000000
259.748690, -151.283189, 1.000000, 0.000000
259.693013, -151.511757, 1.000000, 0.000000
259.676156, -151.580957, 1.000000, 0.000000
259.632668, -151.809642, 1.000000, 0.000000
259.615811, -151.878842, 1.000000, 0.000000
259.598955, -151.948041, 1.000000, 0.000000
259.544694, -152.170797, 1.000000, 0.000000
259.516304, -152.237187, 1.000000, 0.000000
259.462800, -152.456835, 1.000000, 0.000000
259.434410, -152.523225, 1.000000, 0.000000
259.381609, -152.739983, 1.000000, 0.000000
259.376278, -152.811991, 1.000000, 0.000000
259.359414, -152.881189, 1.000000, 0.000000
259.307223, -153.095274, 1.000000, 0.000000
259.290336, -153.164466, 1.000000, 0.000000
259.235998, -153.387049, 1.000000, 0.000000
259.219085, -153.456235, 1.000000, 0.000000
259.165414, -153.675756, 1.000000, 0.000000
259.148476, -153.744936, 1.000000, 0.000000
259.106357, -153.966858, 1.000000, 0.000000
259.100922, -154.038859, 1.000000, 0.000000
259.047187, -154.257968, 1.000000, 0.000000
259.041723, -154.329966, 1.000000, 0.000000
259.036260, -154.401965, 1.000000, 0.000000
258.982423, -154.621023, 1.000000, 0.000000
258.976933, -154.693020, 1.000000, 0.000000
258.934637, -154.914560, 1.000000, 0.000000
258.917606, -154.983717, 1.000000, 0.000000
258.875369, -155.204876, 1.000000, 0.000000
258.858338, -155.274033, 1.000000, 0.000000
258.804574, -155.492354, 1.000000, 0.000000
258.799069, -155.564349, 1.000000, 0.000000
258.745305, -155.782670, 1.000000, 0.000000
258.739801, -155.854665, 1.000000, 0.000000
258.686037, -156.072986, 1.000000, 0.000000
258.669006, -156.142143, 1.000000, 0.000000
258.651976, -156.211300, 1.000000, 0.000000
258.598212, -156.429621, 1.000000, 0.000000
258.592707, -156.501616, 1.000000, 0.000000
258.538943, -156.719937, 1.000000, 0.000000
258.510386, -156.786255, 1.000000, 0.000000
258.456622, -157.004576, 1.000000, 0.000000
258.439592, -157.073733, 1.000000, 0.000000
258.385828, -157.292054, 1.000000, 0.000000
258.357271, -157.358373, 1.000000, 0.000000
258.303507, -157.576694, 1.000000, 0.000000
258.286476, -157.645850, 1.000000, 0.000000
258.232712, -157.864171, 1.000000, 0.000000
258.215682, -157.933328, 1.000000, 0.000000
258.198651, -158.002485, 1.000000, 0.000000
258.156413, -158.223645, 1.000000, 0.000000
258.139383, -158.292801, 1.000000, 0.000000
258.097145, -158.513961, 1.000000, 0.000000
258.080114, -158.583118, 1.000000, 0.000000
258.037876, -158.804277, 1.000000, 0.000000
258.020846, -158.873434, 1.000000, 0.000000
257.978608, -159.094593, 1.000000, 0.000000
257.961577, -159.163750, 1.000000, 0.000000
257.919339, -159.384909, 1.000000, 0.000000
257.902309, -159.454066, 1.000000, 0.000000
257.860071, -159.675226, 1.000000, 0.000000
257.843040, -159.744382, 1.000000, 0.000000
257.837536, -159.816378, 1.000000, 0.000000
257.783772, -160.034699, 1.000000, 0.000000
257.778267, -160.106694, 1.000000, 0.000000
257.736030, -160.327853, 1.000000, 0.000000
257.718999, -160.397010, 1.000000, 0.000000
257.665235, -160.615331, 1.000000, 0.000000
257.659730, -160.687326, 1.000000, 0.000000
257.606253, -160.904488, 1.000000, 0.000000
257.600751, -160.976484, 1.000000, 0.000000
257.548542, -161.188566, 1.000000, 0.000000
257.543111, -161.260567, 1.000000, 0.000000
257.492097, -161.468626, 1.000000, 0.000000
257.475237, -161.537825, 1.000000, 0.000000
257.458377, -161.607023, 1.000000, 0.000000
257.408607, -161.811692, 1.000000, 0.000000
257.391859, -161.880918, 1.000000, 0.000000
257.343270, -162.082117, 1.000000, 0.000000
257.326649, -162.151373, 1.000000, 0.000000
257.288120, -162.363201, 1.000000, 0.000000
257.271648, -162.432493, 1.000000, 0.000000
257.222928, -162.637914, 1.000000, 0.000000
257.206625, -162.707246, 1.000000, 0.000000
257.146088, -162.912859, 1.000000, 0.000000
257.129795, -162.982193, 1.000000, 0.000000
257.080768, -163.190825, 1.000000, 0.000000
257.064475, -163.260160, 1.000000, 0.000000
257.003891, -163.466077, 1.000000, 0.000000
256.987598, -163.535411, 1.000000, 0.000000
256.938571, -163.744044, 1.000000, 0.000000
256.933833, -163.816094, 1.000000, 0.000000
256.884806, -164.024726, 1.000000, 0.000000
256.880068, -164.096776, 1.000000, 0.000000
256.831041, -164.305409, 1.000000, 0.000000
256.814748, -164.374743, 1.000000, 0.000000
256.765720, -164.583376, 1.000000, 0.000000
256.749427, -164.652710, 1.000000, 0.000000
256.700400, -164.861343, 1.000000, 0.000000
256.684106, -164.930677, 1.000000, 0.000000
256.635079, -165.139310, 1.000000, 0.000000
256.618786, -165.208644, 1.000000, 0.000000
256.569758, -165.417277, 1.000000, 0.000000
256.553465, -165.486611, 1.000000, 0.000000
256.504438, -165.695244, 1.000000, 0.000000
256.499700, -165.767294, 1.000000, 0.000000
256.450673, -165.975927, 1.000000, 0.000000
256.434379, -166.045261, 1.000000, 0.000000
256.396908, -166.256609, 1.000000, 0.000000
256.380615, -166.325943, 1.000000, 0.000000
256.343143, -166.537291, 1.000000, 0.000000
256.326850, -166.606626, 1.000000, 0.000000
256.289378, -166.817974, 1.000000, 0.000000
256.273085, -166.887308, 1.000000, 0.000000
256.234926, -167.101316, 1.000000, 0.000000
256.218547, -167.170630, 1.000000, 0.000000
256.167982, -167.384117, 1.000000, 0.000000
256.151445, -167.453394, 1.000000, 0.000000
256.100224, -167.667401, 1.000000, 0.000000
256.083507, -167.736635, 1.000000, 0.000000
256.043105, -167.953924, 1.000000, 0.000000
256.003129, -168.017472, 1.000000, 0.000000
255.950562, -168.231865, 1.000000, 0.000000
255.921923, -168.298148, 1.000000, 0.000000
255.870325, -168.506538, 1.000000, 0.000000
255.853197, -168.575671, 1.000000, 0.000000
255.801659, -168.783698, 1.000000, 0.000000
255.784532, -168.852831, 1.000000, 0.000000
255.721590, -169.057528, 1.000000, 0.000000
255.704462, -169.126661, 1.000000, 0.000000
255.644459, -169.319496, 1.000000, 0.000000
255.627331, -169.388629, 1.000000, 0.000000
255.578934, -169.583978, 1.000000, 0.000000
255.533476, -169.767465, 1.000000, 0.000000
255.516349, -169.836598, 1.000000, 0.000000
255.470975, -170.019746, 1.000000, 0.000000
255.453847, -170.088879, 1.000000, 0.000000
255.411412, -170.260166, 1.000000, 0.000000
255.369060, -170.431115, 1.000000, 0.000000
255.351932, -170.500248, 1.000000, 0.000000
255.312401, -170.659811, 1.000000, 0.000000
255.284392, -170.822229, 1.000000, 0.000000
255.267265, -170.891362, 1.000000, 0.000000
255.239256, -171.053780, 1.000000, 0.000000
255.211246, -171.216198, 1.000000, 0.000000
255.194119, -171.285331, 1.000000, 0.000000
255.154588, -171.444895, 1.000000, 0.000000
255.115057, -171.604458, 1.000000, 0.000000
255.097929, -171.673591, 1.000000, 0.000000
255.058398, -171.833155, 1.000000, 0.000000
254.996432, -172.031218, 1.000000, 0.000000
254.977962, -172.100004, 1.000000, 0.000000
254.923132, -172.337839, 1.000000, 0.000000
254.839605, -172.598248, 1.000000, 0.000000
254.826488, -172.669252, 1.000000, 0.000000
254.707922, -172.969676, 1.000000, 0.000000
254.549224, -173.300321, 1.000000, 0.000000
254.514416, -173.362459, 1.000000, 0.000000
254.421313, -173.527284, 1.000000, 0.000000
254.339369, -173.669790, 1.000000, 0.000000
254.303865, -173.731533, 1.000000, 0.000000
254.221921, -173.874039, 1.000000, 0.000000
254.139976, -174.016545, 1.000000, 0.000000
254.104472, -174.078289, 1.000000, 0.000000
254.022528, -174.220795, 1.000000, 0.000000
253.940584, -174.363300, 1.000000, 0.000000
253.905080, -174.425044, 1.000000, 0.000000
253.823136, -174.567550, 1.000000, 0.000000
253.741191, -174.710056, 1.000000, 0.000000
253.715978, -174.777716, 1.000000, 0.000000
253.634034, -174.920222, 1.000000, 0.000000
253.552089, -175.062728, 1.000000, 0.000000
253.516585, -175.124471, 1.000000, 0.000000
253.457763, -175.227778, 1.000000, 0.000000
253.443587, -175.246677, 1.000000, 0.000000
253.435692, -175.250055, 1.000000, 0.000000
253.410381, -175.316628, 1.000000, 0.000000
253.404854, -175.325910, 1.000000, 0.000000
253.368751, -175.444708, 1.000000, 0.000000
253.326897, -175.589288, 1.000000, 0.000000
253.307092, -175.657702, 1.000000, 0.000000
253.263404, -175.808618, 1.000000, 0.000000
253.221182, -175.954470, 1.000000, 0.000000
253.190538, -176.103015, 1.000000, 0.000000
253.148492, -176.248258, 1.000000, 0.000000
253.117849, -176.396803, 1.000000, 0.000000
253.087205, -176.545348, 1.000000, 0.000000
253.067400, -176.613762, 1.000000, 0.000000
253.036756, -176.762306, 1.000000, 0.000000
252.994710, -176.907550, 1.000000, 0.000000
252.952664, -177.052794, 1.000000, 0.000000
252.910859, -177.197235, 1.000000, 0.000000
252.877428, -177.312703, 1.000000, 0.000000
252.850093, -177.410254, 1.000000, 0.000000
252.832754, -177.479334, 1.000000, 0.000000
252.804280, -177.595264, 1.000000, 0.000000
252.774868, -177.721302, 1.000000, 0.000000
252.745470, -177.852218, 1.000000, 0.000000
252.715701, -177.989005, 1.000000, 0.000000
252.684782, -178.134121, 1.000000, 0.000000
252.653444, -178.282045, 1.000000, 0.000000
252.638683, -178.351722, 1.000000, 0.000000
252.607345, -178.499646, 1.000000, 0.000000
252.576008, -178.647570, 1.000000, 0.000000
252.533057, -178.793035, 1.000000, 0.000000
252.501719, -178.940959, 1.000000, 0.000000
252.470381, -179.088883, 1.000000, 0.000000
252.439043, -179.236808, 1.000000, 0.000000
252.424282, -179.306484, 1.000000, 0.000000
252.381331, -179.451948, 1.000000, 0.000000
252.351351, -179.593467, 1.000000, 0.000000
252.321013, -179.736668, 1.000000, 0.000000
252.292755, -179.870056, 1.000000, 0.000000
252.278158, -179.996235, 1.000000, 0.000000
252.241561, -180.168983, 1.000000, 0.000000
252.227914, -180.290674, 1.000000, 0.000000
252.193487, -180.453184, 1.000000, 0.000000
252.168892, -180.569277, 1.000000, 0.000000
252.134464, -180.731787, 1.000000, 0.000000
252.109870, -180.847880, 1.000000, 0.000000
252.075442, -181.010390, 1.000000, 0.000000
252.050848, -181.126483, 1.000000, 0.000000
252.004807, -181.286533, 1.000000, 0.000000
251.968600, -181.400166, 1.000000, 0.000000
251.910946, -181.557756, 1.000000, 0.000000
249.703151, -181.211336, -1.000000, 0.000000
251.845283, -181.812139, 0.000000, 0.000000
251.815997, -181.898061, 0.000000, 0.000000
251.794306, -182.013263, 0.000000, 0.000000
251.776453, -182.121885, 0.000000, 0.000000
251.758562, -182.238887, 0.000000, 0.000000
251.734296, -182.328195, 0.000000, 0.000000
251.719556, -182.447863, 0.000000, 0.000000
251.709891, -182.537686, 0.000000, 0.000000
251.697983, -182.663485, 0.000000, 0.000000
251.677222, -182.767037, 0.000000, 0.000000
251.664741, -182.916993, 0.000000, 0.000000
251.655547, -183.027460, 0.000000, 0.000000
251.643067, -183.177415, 0.000000, 0.000000
251.622044, -183.286897, 0.000000, 0.000000
251.609563, -183.436853, 0.000000, 0.000000
251.600369, -183.547319, 0.000000, 0.000000
251.587889, -183.697275, 0.000000, 0.000000
251.566866, -183.806757, 0.000000, 0.000000
251.554385, -183.956712, 0.000000, 0.000000
251.533362, -184.066194, 1.000000, 0.000000
251.520882, -184.216150, 1.000000, 0.000000
251.523517, -184.327601, 1.000000, 0.000000
251.511037, -184.477557, 1.000000, 0.000000
251.501843, -184.588023, 1.000000, 0.000000
251.489363, -184.737979, 1.000000, 0.000000
251.468071, -184.850685, 1.000000, 0.000000
251.446804, -184.963096, 1.000000, 0.000000
251.436404, -185.088047, 1.000000, 0.000000
251.426027, -185.212741, 1.000000, 0.000000
251.414684, -185.349019, 1.000000, 0.000000
251.403362, -185.485062, 1.000000, 0.000000
251.391074, -185.632704, 1.000000, 0.000000
251.378091, -185.788704, 1.000000, 0.000000
251.365107, -185.944702, 1.000000, 0.000000
251.359200, -186.015680, 1.000000, 0.000000
251.346217, -186.171679, 1.000000, 0.000000
251.345063, -186.328663, 1.000000, 0.000000
251.332080, -186.484662, 1.000000, 0.000000
251.330926, -186.641645, 1.000000, 0.000000
251.319768, -186.775822, 1.000000, 0.000000
251.311666, -186.877208, 1.000000, 0.000000
251.320140, -186.948915, 1.000000, 0.000000
251.316009, -187.052642, 1.000000, 0.000000
251.313999, -187.161400, 1.000000, 0.000000
251.326002, -187.274389, 1.000000, 0.000000
251.340119, -187.390885, 0.000000, 0.000000
251.356294, -187.510490, 0.000000, 0.000000
251.362392, -187.630467, 0.000000, 0.000000
251.367356, -187.701517, 0.000000, 0.000000
251.377103, -187.833598, 0.000000, 0.000000
251.401430, -187.986656, 0.000000, 0.000000
251.414187, -188.142673, 0.000000, 0.000000
251.426944, -188.298691, 0.000000, 0.000000
251.451532, -188.453741, 0.000000, 0.000000
251.464289, -188.609759, 0.000000, 0.000000
251.470094, -188.680745, 0.000000, 0.000000
251.482851, -188.836763, 0.000000, 0.000000
251.507439, -188.991813, 0.000000, 0.000000
251.520196, -189.147831, 0.000000, 0.000000
251.532968, -189.304033, 0.000000, 0.000000
251.557603, -189.459648, 0.000000, 0.000000
251.570441, -189.616665, 0.000000, 0.000000
251.576246, -189.687651, 0.000000, 0.000000
251.589125, -189.845158, 0.000000, 0.000000
251.613879, -190.002244, 0.000000, 0.000000
251.626852, -190.160895, 0.000000, 0.000000
251.639878, -190.320200, 0.000000, 0.000000
251.664760, -190.478849, 0.000000, 0.000000
251.677811, -190.638464, 0.000000, 0.000000
251.683616, -190.709451, 0.000000, 0.000000
251.696667, -190.869066, 0.000000, 0.000000
251.721549, -191.027715, 0.000000, 0.000000
251.734600, -191.187331, 0.000000, 0.000000
251.747652, -191.346947, 0.000000, 0.000000
251.772534, -191.505595, 0.000000, 0.000000
251.785585, -191.665211, 0.000000, 0.000000
251.791390, -191.736197, 0.000000, 0.000000
251.804441, -191.895813, 0.000000, 0.000000
251.829323, -192.054461, 0.000000, 0.000000
251.842375, -192.214077, 0.000000, 0.000000
251.855426, -192.373693, 0.000000, 0.000000
251.880308, -192.532342, 0.000000, 0.000000
251.894343, -192.704392, 0.000000, 0.000000
251.899767, -192.775408, 0.000000, 0.000000
251.912516, -192.946561, 0.000000, 0.000000
251.936291, -193.116274, 0.000000, 0.000000
251.947498, -193.287065, 0.000000, 0.000000
251.958071, -193.460329, 0.000000, 0.000000
251.979326, -193.627791, 0.000000, 0.000000
251.988147, -193.795264, 0.000000, 0.000000
251.991670, -193.866400, 0.000000, 0.000000
251.999855, -194.038548, 0.000000, 0.000000
252.018967, -194.205138, 0.000000, 0.000000
252.025711, -194.370527, 0.000000, 0.000000
252.032021, -194.532851, 0.000000, 0.000000
252.049603, -194.682767, 0.000000, 0.000000
252.052311, -194.753938, 0.000000, 0.000000
252.058256, -194.910182, 0.000000, 0.000000
252.064429, -195.072431, 0.000000, 0.000000
252.082697, -195.240350, 0.000000, 0.000000
252.085405, -195.311522, 0.000000, 0.000000
252.091596, -195.474257, 0.000000, 0.000000
252.109890, -195.642865, 0.000000, 0.000000
252.112598, -195.714037, 0.000000, 0.000000
252.119274, -195.889508, 0.000000, 0.000000
252.126103, -196.068993, 0.000000, 0.000000
252.140673, -196.139713, 0.000000, 0.000000
252.147502, -196.319199, 0.000000, 0.000000
252.154330, -196.498685, 0.000000, 0.000000
252.168900, -196.569405, 0.000000, 0.000000
252.175729, -196.748891, 0.000000, 0.000000
252.182558, -196.928376, 0.000000, 0.000000
252.185266, -196.999548, 0.000000, 0.000000
252.203956, -197.178583, 0.000000, 0.000000
252.210785, -197.358068, 0.000000, 0.000000
252.213493, -197.429240, 0.000000, 0.000000
252.232184, -197.608274, 0.000000, 0.000000
252.239013, -197.787760, 0.000000, 0.000000
252.241721, -197.858931, 0.000000, 0.000000
252.248549, -198.038417, 0.000000, 0.000000
252.267240, -198.217451, 0.000000, 0.000000
252.269948, -198.288623, 0.000000, 0.000000
252.276777, -198.468109, 0.000000, 0.000000
252.295468, -198.647143, 0.000000, 0.000000
252.298175, -198.718315, 0.000000, 0.000000
252.305004, -198.897800, 0.000000, 0.000000
252.311833, -199.077286, 0.000000, 0.000000
252.326403, -199.148006, 0.000000, 0.000000
252.333232, -199.327492, 0.000000, 0.000000
252.340061, -199.506978, 0.000000, 0.000000
252.354630, -199.577698, 0.000000, 0.000000
252.361459, -199.757184, 0.000000, 0.000000
252.368288, -199.936669, 0.000000, 0.000000
252.370996, -200.007841, 0.000000, 0.000000
252.389150, -200.167481, 0.000000, 0.000000
252.392856, -200.272578, 0.000000, 0.000000
252.398228, -200.343598, 0.000000, 0.000000
252.392441, -200.252495, 0.000000, 0.000000
252.365569, -200.179375, 0.000000, 0.000000
252.385617, -200.247719, 0.000000, 0.000000
252.337496, -200.135245, 0.000000, 0.000000
252.376326, -200.196121, 0.000000, 0.000000
252.304570, -200.066270, 0.000000, 0.000000
252.205084, -199.943597, 0.000000, 0.000000
252.258556, -199.992119, 0.000000, 0.000000
252.150696, -199.887930, 0.000000, 0.000000
252.201991, -199.937342, 0.000000, 0.000000
252.174617, -199.920073, 0.000000, 0.000000
252.237481, -199.955595, 0.000000, 0.000000
252.381093, -200.071347, 0.000000, 0.000000
252.436716, -200.115830, 0.000000, 0.000000
252.603593, -200.234085, 0.000000, 0.000000
252.764170, -200.362502, 0.000000, 0.000000
252.819793, -200.406985, 0.000000, 0.000000
252.980370, -200.535402, 0.000000, 0.000000
253.043407, -200.570614, 0.000000, 0.000000
253.203984, -200.699031, 0.000000, 0.000000
253.259608, -200.743514, 0.000000, 0.000000
253.427599, -200.862660, 0.000000, 0.000000
253.483222, -200.907143, 0.000000, 0.000000
253.643799, -201.035560, 0.000000, 0.000000
253.699422, -201.080043, 0.000000, 0.000000
253.867413, -201.199189, 0.000000, 0.000000
254.027990, -201.327606, 0.000000, 0.000000
254.083613, -201.372089, 0.000000, 0.000000
254.251604, -201.491235, 0.000000, 0.000000
254.307228, -201.535718, 0.000000, 0.000000
254.467805, -201.664135, 0.000000, 0.000000
254.523428, -201.708618, 0.000000, 0.000000
254.691419, -201.827764, 0.000000, 0.000000
254.747042, -201.872247, 0.000000, 0.000000
254.907619, -202.000664, 0.000000, 0.000000
254.970656, -202.035876, 0.000000, 0.000000
255.131233, -202.164293, 0.000000, 0.000000
255.291810, -202.292710, 0.000000, 0.000000
255.347434, -202.337193, 0.000000, 0.000000
255.515424, -202.456339, 0.000000, 0.000000
255.571048, -202.500822, 0.000000, 0.000000
255.731625, -202.629239, 0.000000, 0.000000
255.794662, -202.664451, 0.000000, 0.000000
255.955239, -202.792868, 0.000000, 0.000000
256.010862, -202.837351, 0.000000, 0.000000
256.171439, -202.965768, 0.000000, 0.000000
256.234476, -203.000980, 0.000000, 0.000000
256.395054, -203.129397, 0.000000, 0.000000
256.528443, -203.236358, 0.000000, 0.000000
256.591931, -203.270751, 0.000000, 0.000000
256.510562, -203.226592, 0.000000, 0.000000
256.571253, -203.263866, 0.000000, 0.000000
256.545187, -203.257166, 0.000000, 0.000000
256.614182, -203.278458, 0.000000, 0.000000
256.610284, -203.282369, 0.000000, 0.000000
256.676226, -203.309282, 0.000000, 0.000000
256.738904, -203.323185, 0.000000, 0.000000
256.806122, -203.346732, 0.000000, 0.000000
256.895342, -203.377515, 0.000000, 0.000000
256.980417, -203.405549, 0.000000, 0.000000
257.052257, -203.412811, 0.000000, 0.000000
257.141003, -203.437323, 0.000000, 0.000000
257.210311, -203.453727, 0.000000, 0.000000
257.353488, -203.474849, 0.000000, 0.000000
257.433659, -203.494125, 0.000000, 0.000000
257.503701, -203.507042, 0.000000, 0.000000
257.683191, -203.540074, 0.000000, 0.000000
257.755389, -203.541170, 0.000000, 0.000000
257.945707, -203.575868, 0.000000, 0.000000
258.136024, -203.610565, 0.000000, 0.000000
258.208222, -203.611661, 0.000000, 0.000000
258.398539, -203.646359, 0.000000, 0.000000
258.468607, -203.659133, 0.000000, 0.000000
258.658925, -203.693831, 0.000000, 0.000000
258.851372, -203.716850, 0.000000, 0.000000
258.921440, -203.729625, 0.000000, 0.000000
259.111758, -203.764322, 0.000000, 0.000000
259.183955, -203.765418, 0.000000, 0.000000
259.374273, -203.800116, 0.000000, 0.000000
259.564591, -203.834813, 0.000000, 0.000000
259.634659, -203.847588, 0.000000, 0.000000
259.827106, -203.870607, 0.000000, 0.000000
259.897174, -203.883381, 0.000000, 0.000000
260.087492, -203.918079, 0.000000, 0.000000
260.279939, -203.941098, 0.000000, 0.000000
260.350007, -203.953873, 0.000000, 0.000000
260.540325, -203.988570, 0.000000, 0.000000
260.610393, -204.001344, 0.000000, 0.000000
260.802840, -204.024364, 0.000000, 0.000000
260.993158, -204.059061, 0.000000, 0.000000
261.063226, -204.071836, 0.000000, 0.000000
261.255673, -204.094855, 0.000000, 0.000000
261.325741, -204.107630, 0.000000, 0.000000
261.516059, -204.142327, 0.000000, 0.000000
261.706377, -204.177024, 0.000000, 0.000000
261.778574, -204.178121, 0.000000, 0.000000
261.968892, -204.212818, 0.000000, 0.000000
262.038960, -204.225593, 0.000000, 0.000000
262.231407, -204.248612, 0.000000, 0.000000
262.421725, -204.283310, 0.000000, 0.000000
262.491793, -204.296084, 0.000000, 0.000000
262.682111, -204.330781, 0.000000, 0.000000
262.754308, -204.331878, 0.000000, 0.000000
262.944626, -204.366575, 0.000000, 0.000000
263.134944, -204.401273, 0.000000, 0.000000
263.207141, -204.402369, 0.000000, 0.000000
263.398264, -204.437213, 0.000000, 0.000000
263.468332, -204.449987, 0.000000, 0.000000
263.669591, -204.486680, 0.000000, 0.000000
263.741788, -204.487776, 0.000000, 0.000000
263.955907, -204.526813, 0.000000, 0.000000
264.025975, -204.539587, 0.000000, 0.000000
264.245484, -204.567540, 0.000000, 0.000000
264.315552, -204.580315, 0.000000, 0.000000
264.385620, -204.593089, 0.000000, 0.000000
264.619528, -204.635733, 0.000000, 0.000000
264.691725, -204.636830, 0.000000, 0.000000
264.943386, -204.682711, 0.000000, 0.000000
265.013454, -204.695485, 0.000000, 0.000000
265.085651, -204.696581, 0.000000, 0.000000
265.356019, -204.745873, 0.000000, 0.000000
265.426087, -204.758647, 0.000000, 0.000000
265.496155, -204.771422, 0.000000, 0.000000
265.775174, -204.810224, 0.000000, 0.000000
265.845242, -204.822999, 0.000000, 0.000000
265.915311, -204.835773, 0.000000, 0.000000
266.194329, -204.874576, 0.000000, 0.000000
266.264398, -204.887350, 0.000000, 0.000000
266.334466, -204.900125, 0.000000, 0.000000
266.404534, -204.912899, 0.000000, 0.000000
266.683553, -204.951702, 0.000000, 0.000000
266.753621, -204.964476, 0.000000, 0.000000
266.823689, -204.977250, 0.000000, 0.000000
267.102409, -205.015993, 0.000000, 0.000000
267.172478, -205.028761, 0.000000, 0.000000
267.242548, -205.041528, 0.000000, 0.000000
267.516554, -205.091419, 0.000000, 0.000000
267.588752, -205.092436, 0.000000, 0.000000
267.658834, -205.105134, 0.000000, 0.000000
267.929033, -205.154042, 0.000000, 0.000000
268.001233, -205.154893, 0.000000, 0.000000
268.071344, -205.167429, 0.000000, 0.000000
268.341336, -205.215684, 0.000000, 0.000000
268.411477, -205.228052, 0.000000, 0.000000
268.483679, -205.228730, 0.000000, 0.000000
268.753446, -205.276306, 0.000000, 0.000000
268.823618, -205.288498, 0.000000, 0.000000
268.895822, -205.288995, 0.000000, 0.000000
268.965993, -205.301187, 0.000000, 0.000000
269.235550, -205.347874, 0.000000, 0.000000
269.305754, -205.359882, 0.000000, 0.000000
269.377958, -205.360190, 0.000000, 0.000000
269.647256, -205.406134, 0.000000, 0.000000
269.717492, -205.417951, 0.000000, 0.000000
269.789697, -205.418062, 0.000000, 0.000000
270.059401, -205.463354, 0.000000, 0.000000
270.129668, -205.474986, 0.000000, 0.000000
270.199935, -205.486618, 0.000000, 0.000000
270.477147, -205.520460, 0.000000, 0.000000
270.547422, -205.532036, 0.000000, 0.000000
270.617698, -205.543612, 0.000000, 0.000000
270.897340, -205.577646, 0.000000, 0.000000
270.967616, -205.589222, 0.000000, 0.000000
271.037891, -205.600798, 0.000000, 0.000000
271.317532, -205.634832, 0.000000, 0.000000
271.387808, -205.646408, 0.000000, 0.000000
271.458084, -205.657984, 0.000000, 0.000000
271.528360, -205.669561, 0.000000, 0.000000
271.808001, -205.703594, 0.000000, 0.000000
271.878277, -205.715171, 0.000000, 0.000000
271.948553, -205.726747, 0.000000, 0.000000
272.228194, -205.760781, 0.000000, 0.000000
272.298470, -205.772357, 0.000000, 0.000000
272.368746, -205.783933, 0.000000, 0.000000
272.646457, -205.829679, 0.000000, 0.000000
272.718662, -205.829543, 0.000000, 0.000000
272.788938, -205.841119, 0.000000, 0.000000
273.066650, -205.886866, 0.000000, 0.000000
273.138855, -205.886729, 0.000000, 0.000000
273.209131, -205.898306, 0.000000, 0.000000
273.486843, -205.944052, 0.000000, 0.000000
273.557119, -205.955628, 0.000000, 0.000000
273.629324, -205.955492, 0.000000, 0.000000
273.907035, -206.001238, 0.000000, 0.000000
273.977311, -206.012814, 0.000000, 0.000000
274.049517, -206.012678, 0.000000, 0.000000
274.119793, -206.024254, 0.000000, 0.000000
274.397504, -206.070001, 0.000000, 0.000000
274.467780, -206.081577, 0.000000, 0.000000
274.539985, -206.081440, 0.000000, 0.000000
274.817697, -206.127187, 0.000000, 0.000000
274.887973, -206.138763, 0.000000, 0.000000
274.960178, -206.138627, 0.000000, 0.000000
275.237890, -206.184373, 0.000000, 0.000000
275.308165, -206.195949, 0.000000, 0.000000
275.378441, -206.207526, 0.000000, 0.000000
275.657323, -206.241434, 0.000000, 0.000000
275.727599, -206.253010, 0.000000, 0.000000
275.797875, -206.264587, 0.000000, 0.000000
276.082635, -206.299463, 0.000000, 0.000000
276.152911, -206.311040, 0.000000, 0.000000
276.223186, -206.322616, 0.000000, 0.000000
276.500183, -206.368244, 0.000000, 0.000000
276.572388, -206.368108, 0.000000, 0.000000
276.642664, -206.379684, 0.000000, 0.000000
276.913829, -206.424352, 0.000000, 0.000000
276.986034, -206.424216, 0.000000, 0.000000
277.056310, -206.435792, 0.000000, 0.000000
277.321646, -206.479500, 0.000000, 0.000000
277.391922, -206.491076, 0.000000, 0.000000
277.464128, -206.490940, 0.000000, 0.000000
264.908105, -120.495775, 1.000000, -1.#QNAN0
264.812307, -120.729580, 1.000000, -1.#QNAN0
264.785303, -120.795486, 1.000000, -1.#QNAN0
264.689505, -121.029291, 1.000000, -1.#QNAN0
264.662502, -121.095197, 1.000000, -1.#QNAN0
264.635498, -121.161102, 1.000000, -1.#QNAN0
264.539700, -121.394908, 1.000000, -1.#QNAN0
264.501712, -121.456313, 1.000000, -1.#QNAN0
264.474708, -121.522218, 0.000000, -1.#QNAN0
264.381154, -121.750547, 0.000000, -1.#QNAN0
264.365135, -121.820953, 0.000000, -1.#QNAN0
264.270277, -122.052463, 0.000000, -1.#QNAN0
264.243274, -122.118368, 0.000000, -1.#QNAN0
264.216270, -122.184274, 0.000000, -1.#QNAN0
264.135525, -122.412649, 0.000000, -1.#QNAN0
264.108522, -122.478554, 0.000000, -1.#QNAN0
264.016529, -122.703292, 0.000000, -1.#QNAN0
263.989862, -122.769334, 0.000000, -1.#QNAN0
263.974201, -122.839821, 0.000000, -1.#QNAN0
263.874813, -123.089487, 0.000000, -1.#QNAN0
263.849317, -123.155990, 0.000000, -1.#QNAN0
263.757263, -123.398430, 0.000000, -1.#QNAN0
263.744031, -123.469413, 0.000000, -1.#QNAN0
263.658944, -123.704047, 0.000000, -1.#QNAN0
263.635593, -123.771333, 1.000000, -1.#QNAN0
263.601027, -123.834727, 1.000000, -1.#QNAN0
263.510147, -124.063553, 1.000000, -1.#QNAN0
263.487768, -124.131169, 1.000000, -1.#QNAN0
263.400260, -124.359836, 1.000000, -1.#QNAN0
263.378797, -124.427748, 1.000000, -1.#QNAN0
263.304933, -124.662658, 1.000000, -1.#QNAN0
263.284456, -124.730873, 1.000000, -1.#QNAN0
263.263978, -124.799089, 1.000000, -1.#QNAN0
263.195121, -125.031464, 1.000000, -1.#QNAN0
263.186893, -125.103199, 1.000000, -1.#QNAN0
263.125082, -125.318965, 1.000000, -1.#QNAN0
263.105591, -125.387469, 1.000000, -1.#QNAN0
263.045129, -125.599973, 1.000000, -1.#QNAN0
263.025648, -125.668480, 1.000000, -1.#QNAN0
263.017586, -125.740234, 1.000000, -1.#QNAN0
262.957231, -125.952482, 1.000000, -1.#QNAN0
262.937750, -126.020989, 1.000000, -1.#QNAN0
262.877396, -126.233237, 1.000000, -1.#QNAN0
262.857915, -126.301744, 1.000000, -1.#QNAN0
262.797560, -126.513991, 1.000000, -1.#QNAN0
262.789498, -126.585745, 1.000000, -1.#QNAN0
262.781435, -126.657499, 1.000000, -1.#QNAN0
262.732498, -126.872993, 0.000000, -1.#QNAN0
262.713017, -126.941500, 0.000000, -1.#QNAN0
262.652663, -127.153748, 0.000000, -1.#QNAN0
262.633182, -127.222255, 0.000000, -1.#QNAN0
262.561410, -127.431256, 0.000000, -1.#QNAN0
262.541929, -127.499763, 0.000000, -1.#QNAN0
262.522448, -127.568270, 0.000000, -1.#QNAN0
262.462094, -127.780518, 0.000000, -1.#QNAN0
262.442613, -127.849025, 0.000000, -1.#QNAN0
262.382258, -128.061273, 0.000000, -1.#QNAN0
262.362778, -128.129780, 0.000000, -1.#QNAN0
262.302423, -128.342028, 0.000000, -1.#QNAN0
262.282943, -128.410535, 0.000000, -1.#QNAN0
262.252044, -128.475795, 0.000000, -1.#QNAN0
262.191689, -128.688043, 0.000000, -1.#QNAN0
262.172209, -128.756550, 0.000000, -1.#QNAN0
262.111854, -128.968798, 0.000000, -1.#QNAN0
260.425367, -128.563276, 0.000000, -1.#QNAN0
262.009183, -129.243059, 1.000000, -1.#QNAN0
261.966867, -129.305072, 1.000000, -1.#QNAN0
261.935968, -129.370332, 1.000000, -1.#QNAN0
261.875614, -129.582580, 1.000000, -1.#QNAN0
261.856133, -129.651087, 1.000000, -1.#QNAN0
261.795778, -129.863335, 1.000000, -1.#QNAN0
261.776298, -129.931842, 1.000000, -1.#QNAN0
261.715943, -130.144090, 1.000000, -1.#QNAN0
261.685045, -130.209350, 1.000000, -1.#QNAN0
261.665564, -130.277857, 1.000000, -1.#QNAN0
261.616627, -130.493351, 1.000000, -1.#QNAN0
261.597147, -130.561859, 1.000000, -1.#QNAN0
261.536792, -130.774106, 1.000000, -1.#QNAN0
261.517311, -130.842614, 1.000000, -1.#QNAN0
261.455114, -131.061341, 1.000000, -1.#QNAN0
261.447051, -131.133095, 1.000000, -1.#QNAN0
261.427571, -131.201602, 1.000000, -1.#QNAN0
261.363427, -131.427174, 1.000000, -1.#QNAN0
261.355364, -131.498928, 1.000000, -1.#QNAN0
261.289248, -131.731437, 1.000000, -1.#QNAN0
261.269768, -131.799944, 1.000000, -1.#QNAN0
261.204901, -132.028058, 1.000000, -1.#QNAN0
261.174003, -132.093318, 1.000000, -1.#QNAN0
261.154522, -132.161825, 0.000000, -1.#QNAN0
261.087636, -132.397042, 0.000000, -1.#QNAN0
261.068155, -132.465549, 0.000000, -1.#QNAN0
260.999228, -132.707945, 0.000000, -1.#QNAN0
260.979747, -132.776452, 0.000000, -1.#QNAN0
260.960267, -132.844959, 0.000000, -1.#QNAN0
260.892524, -133.083186, 0.000000, -1.#QNAN0
260.873044, -133.151693, 0.000000, -1.#QNAN0
260.853563, -133.220200, 0.000000, -1.#QNAN0
260.785965, -133.457831, 0.000000, -1.#QNAN0
260.755033, -133.523076, 0.000000, -1.#QNAN0
260.687539, -133.759970, 0.000000, -1.#QNAN0
260.667960, -133.828449, 0.000000, -1.#QNAN0
260.648381, -133.896928, 0.000000, -1.#QNAN0
260.580696, -134.133578, 0.000000, -1.#QNAN0
260.561047, -134.202037, 0.000000, -1.#QNAN0
260.541398, -134.270496, 0.000000, -1.#QNAN0
260.473467, -134.506990, 0.000000, -1.#QNAN0
260.453745, -134.575428, 0.000000, -1.#QNAN0
258.777870, -134.346482, 0.000000, -1.#QNAN0
260.377241, -134.883483, 1.000000, -1.#QNAN0
260.346039, -134.948598, 1.000000, -1.#QNAN0
260.277703, -135.184630, 1.000000, -1.#QNAN0
260.257818, -135.253020, 1.000000, -1.#QNAN0
260.226534, -135.318097, 1.000000, -1.#QNAN0
260.157809, -135.554278, 1.000000, -1.#QNAN0
260.137848, -135.622646, 1.000000, -1.#QNAN0
260.068514, -135.860125, 1.000000, -1.#QNAN0
260.048531, -135.928487, 1.000000, -1.#QNAN0
260.028548, -135.996849, 1.000000, -1.#QNAN0
259.958974, -136.234863, 1.000000, -1.#QNAN0
259.927597, -136.299895, 1.000000, -1.#QNAN0
259.907614, -136.368257, 1.000000, -1.#QNAN0
259.838040, -136.606271, 1.000000, -1.#QNAN0
259.818057, -136.674634, 1.000000, -1.#QNAN0
259.759877, -136.915979, 1.000000, -1.#QNAN0
259.728500, -136.981010, 1.000000, -1.#QNAN0
259.708517, -137.049373, 1.000000, -1.#QNAN0
259.627550, -137.284056, 1.000000, -1.#QNAN0
259.607567, -137.352418, 1.000000, -1.#QNAN0
259.587584, -137.420781, 1.000000, -1.#QNAN0
259.518010, -137.658795, 1.000000, -1.#QNAN0
259.498027, -137.727157, 1.000000, -1.#QNAN0
259.428453, -137.965172, 1.000000, -1.#QNAN0
259.408470, -138.033534, 1.000000, -1.#QNAN0
259.388487, -138.101896, 1.000000, -1.#QNAN0
259.318913, -138.339910, 1.000000, -1.#QNAN0
259.298930, -138.408272, 1.000000, -1.#QNAN0
259.267553, -138.473304, 1.000000, -1.#QNAN0
259.197979, -138.711318, 0.000000, -1.#QNAN0
259.177996, -138.779680, 0.000000, -1.#QNAN0
259.108422, -139.017695, 0.000000, -1.#QNAN0
259.088439, -139.086057, 0.000000, -1.#QNAN0
259.068456, -139.154419, 0.000000, -1.#QNAN0
259.010276, -139.395764, 0.000000, -1.#QNAN0
258.990293, -139.464126, 0.000000, -1.#QNAN0
258.970310, -139.532488, 0.000000, -1.#QNAN0
258.900736, -139.770503, 0.000000, -1.#QNAN0
258.880753, -139.838865, 0.000000, -1.#QNAN0
258.811180, -140.076879, 0.000000, -1.#QNAN0
258.791197, -140.145241, 0.000000, -1.#QNAN0
258.771214, -140.213604, 0.000000, -1.#QNAN0
258.701640, -140.451618, 0.000000, -1.#QNAN0
258.681657, -140.519980, 0.000000, -1.#QNAN0
258.661674, -140.588342, 0.000000, -1.#QNAN0
258.603494, -140.829687, 0.000000, -1.#QNAN0
258.583511, -140.898049, 0.000000, -1.#QNAN0
258.513937, -141.136064, 0.000000, -1.#QNAN0
258.493954, -141.204426, 0.000000, -1.#QNAN0
256.890245, -140.809849, 0.000000, -1.#QNAN0
258.405362, -141.507502, 1.000000, -1.#QNAN0
258.385379, -141.575864, 1.000000, -1.#QNAN0
258.365396, -141.644226, 1.000000, -1.#QNAN0
258.294918, -141.885333, 1.000000, -1.#QNAN0
258.286328, -141.957025, 1.000000, -1.#QNAN0
258.228706, -142.196462, 1.000000, -1.#QNAN0
258.208723, -142.264825, 1.000000, -1.#QNAN0
258.200134, -142.336518, 1.000000, -1.#QNAN0
258.132132, -142.569371, 1.000000, -1.#QNAN0
258.112218, -142.637754, 1.000000, -1.#QNAN0
258.055120, -142.876858, 1.000000, -1.#QNAN0
258.035592, -142.945352, 1.000000, -1.#QNAN0
257.954665, -143.186038, 1.000000, -1.#QNAN0
257.935576, -143.254656, 1.000000, -1.#QNAN0
257.916488, -143.323273, 1.000000, -1.#QNAN0
257.861627, -143.566078, 1.000000, -1.#QNAN0
257.854446, -143.637925, 1.000000, -1.#QNAN0
257.789975, -143.876479, 1.000000, -1.#QNAN0
257.771802, -143.945344, 1.000000, -1.#QNAN0
257.708697, -144.184638, 0.000000, -1.#QNAN0
257.691004, -144.253629, 0.000000, -1.#QNAN0
257.673310, -144.322619, 0.000000, -1.#QNAN0
257.612112, -144.562794, 0.000000, -1.#QNAN0
257.594913, -144.631909, 0.000000, -1.#QNAN0
257.536340, -144.867808, 0.000000, -1.#QNAN0
257.519449, -144.936999, 0.000000, -1.#QNAN0
257.463450, -145.166390, 0.000000, -1.#QNAN0
257.446594, -145.235590, 0.000000, -1.#QNAN0
257.429737, -145.304790, 0.000000, -1.#QNAN0
257.374060, -145.533358, 0.000000, -1.#QNAN0
257.357203, -145.602558, 0.000000, -1.#QNAN0
257.289993, -145.828317, 0.000000, -1.#QNAN0
257.273136, -145.897517, 0.000000, -1.#QNAN0
257.217459, -146.126086, 0.000000, -1.#QNAN0
257.200602, -146.195285, 0.000000, -1.#QNAN0
257.183746, -146.264485, 0.000000, -1.#QNAN0
257.128068, -146.493054, 0.000000, -1.#QNAN0
257.111212, -146.562253, 0.000000, -1.#QNAN0
257.055535, -146.790822, 0.000000, -1.#QNAN0
257.038678, -146.860022, 0.000000, -1.#QNAN0
256.983001, -147.088591, 0.000000, -1.#QNAN0
256.966144, -147.157790, 0.000000, -1.#QNAN0
256.949288, -147.226990, 0.000000, -1.#QNAN0
256.893610, -147.455559, 1.000000, -1.#QNAN0
256.888287, -147.527568, 1.000000, -1.#QNAN0
256.832610, -147.756136, 1.000000, -1.#QNAN0
256.815753, -147.825336, 1.000000, -1.#QNAN0
256.760076, -148.053905, 1.000000, -1.#QNAN0
256.754753, -148.125914, 1.000000, -1.#QNAN0
256.749429, -148.197923, 1.000000, -1.#QNAN0
256.705285, -148.429301, 1.000000, -1.#QNAN0
256.688429, -148.498501, 1.000000, -1.#QNAN0
256.644285, -148.729879, 1.000000, -1.#QNAN0
256.627428, -148.799078, 1.000000, -1.#QNAN0
256.583284, -149.030457, 1.000000, -1.#QNAN0
256.566427, -149.099656, 1.000000, -1.#QNAN0
256.549571, -149.168856, 1.000000, -1.#QNAN0
256.505427, -149.400234, 1.000000, -1.#QNAN0
256.488570, -149.469434, 1.000000, -1.#QNAN0
256.432893, -149.698002, 1.000000, -1.#QNAN0
256.416036, -149.767202, 1.000000, -1.#QNAN0
256.360359, -149.995771, 1.000000, -1.#QNAN0
256.331969, -150.062161, 1.000000, -1.#QNAN0
256.315113, -150.131361, 1.000000, -1.#QNAN0
256.259435, -150.359929, 1.000000, -1.#QNAN0
256.231046, -150.426320, 1.000000, -1.#QNAN0
256.175368, -150.654888, 1.000000, -1.#QNAN0
256.146979, -150.721279, 1.000000, -1.#QNAN0
256.080424, -150.944345, 1.000000, -1.#QNAN0
256.063567, -151.013545, 0.000000, -1.#QNAN0
256.058244, -151.085554, 0.000000, -1.#QNAN0
256.003983, -151.308309, 0.000000, -1.#QNAN0
255.998660, -151.380318, 0.000000, -1.#QNAN0
255.945155, -151.599966, 0.000000, -1.#QNAN0
255.939832, -151.671975, 0.000000, -1.#QNAN0
255.887126, -151.888345, 0.000000, -1.#QNAN0
255.881795, -151.960354, 0.000000, -1.#QNAN0
255.864931, -152.029552, 0.000000, -1.#QNAN0
255.813026, -152.242463, 0.000000, -1.#QNAN0
255.807671, -152.314470, 0.000000, -1.#QNAN0
255.753641, -152.535788, 0.000000, -1.#QNAN0
255.748260, -152.607793, 0.000000, -1.#QNAN0
255.694902, -152.826035, 0.000000, -1.#QNAN0
255.689494, -152.898038, 0.000000, -1.#QNAN0
255.636167, -153.115822, 0.000000, -1.#QNAN0
255.630732, -153.187822, 0.000000, -1.#QNAN0
255.577331, -153.405571, 1.000000, -1.#QNAN0
255.548812, -153.471906, 1.000000, -1.#QNAN0
255.520292, -153.538241, 1.000000, -1.#QNAN0
255.455253, -153.753146, 1.000000, -1.#QNAN0
255.426709, -153.819470, 1.000000, -1.#QNAN0
255.373057, -154.037481, 1.000000, -1.#QNAN0
255.356026, -154.106638, 1.000000, -1.#QNAN0
255.302263, -154.324958, 1.000000, -1.#QNAN0
255.285232, -154.394115, 1.000000, -1.#QNAN0
255.219942, -154.609598, 1.000000, -1.#QNAN0
255.202911, -154.678755, 1.000000, -1.#QNAN0
255.149147, -154.897076, 1.000000, -1.#QNAN0
255.132116, -154.966233, 1.000000, -1.#QNAN0
255.089879, -155.187392, 1.000000, -1.#QNAN0
255.072848, -155.256549, 1.000000, -1.#QNAN0
255.055817, -155.325706, 1.000000, -1.#QNAN0
255.013580, -155.546865, 1.000000, -1.#QNAN0
254.996549, -155.616022, 1.000000, -1.#QNAN0
254.942785, -155.834343, 1.000000, -1.#QNAN0
254.937280, -155.906338, 1.000000, -1.#QNAN0
254.895043, -156.127497, 1.000000, -1.#QNAN0
254.878012, -156.196654, 1.000000, -1.#QNAN0
254.835774, -156.417814, 1.000000, -1.#QNAN0
254.818743, -156.486971, 1.000000, -1.#QNAN0
254.764979, -156.705292, 1.000000, -1.#QNAN0
254.747949, -156.774448, 1.000000, -1.#QNAN0
253.045946, -156.586872, 0.000000, -1.#QNAN0
254.677154, -157.061926, 0.000000, -1.#QNAN0
254.660124, -157.131083, 0.000000, -1.#QNAN0
254.617886, -157.352243, 0.000000, -1.#QNAN0
254.600855, -157.421399, 0.000000, -1.#QNAN0
254.547091, -157.639720, 0.000000, -1.#QNAN0
254.530060, -157.708877, 0.000000, -1.#QNAN0
254.476297, -157.927198, 0.000000, -1.#QNAN0
254.470792, -157.999193, 0.000000, -1.#QNAN0
254.417028, -158.217514, 0.000000, -1.#QNAN0
254.399997, -158.286671, 0.000000, -1.#QNAN0
254.346233, -158.504992, 0.000000, -1.#QNAN0
254.329203, -158.574149, 0.000000, -1.#QNAN0
254.286965, -158.795308, 0.000000, -1.#QNAN0
254.269934, -158.864465, 0.000000, -1.#QNAN0
254.252904, -158.933622, 0.000000, -1.#QNAN0
254.199140, -159.151943, 0.000000, -1.#QNAN0
254.182109, -159.221100, 0.000000, -1.#QNAN0
254.139871, -159.442259, 0.000000, -1.#QNAN0
254.122841, -159.511416, 0.000000, -1.#QNAN0
254.069077, -159.729737, 1.000000, -1.#QNAN0
254.017468, -159.790378, 1.000000, -1.#QNAN0
253.940906, -160.001991, 1.000000, -1.#QNAN0
253.923878, -160.071149, 1.000000, -1.#QNAN0
253.859248, -160.284035, 1.000000, -1.#QNAN0
253.842288, -160.353210, 1.000000, -1.#QNAN0
253.789968, -160.566612, 1.000000, -1.#QNAN0
253.773108, -160.635811, 1.000000, -1.#QNAN0
253.767781, -160.707820, 1.000000, -1.#QNAN0
253.716554, -160.918486, 1.000000, -1.#QNAN0
253.699807, -160.987712, 1.000000, -1.#QNAN0
253.649585, -161.195685, 1.000000, -1.#QNAN0
253.644507, -161.267712, 1.000000, -1.#QNAN0
253.592547, -161.484678, 1.000000, -1.#QNAN0
253.576075, -161.553970, 1.000000, -1.#QNAN0
253.525219, -161.768419, 1.000000, -1.#QNAN0
253.520472, -161.840468, 1.000000, -1.#QNAN0
253.471368, -162.049320, 1.000000, -1.#QNAN0
253.466631, -162.121370, 1.000000, -1.#QNAN0
253.429159, -162.332718, 1.000000, -1.#QNAN0
253.424422, -162.404768, 1.000000, -1.#QNAN0
253.375394, -162.613401, 1.000000, -1.#QNAN0
253.370657, -162.685451, 1.000000, -1.#QNAN0
253.310073, -162.891368, 1.000000, -1.#QNAN0
253.293780, -162.960702, 1.000000, -1.#QNAN0
253.210086, -163.161188, 1.000000, -1.#QNAN0
253.193792, -163.230522, 0.000000, -1.#QNAN0
253.144765, -163.439155, 0.000000, -1.#QNAN0
253.128472, -163.508490, 0.000000, -1.#QNAN0
253.079444, -163.717122, 0.000000, -1.#QNAN0
253.063151, -163.786456, 0.000000, -1.#QNAN0
253.014124, -163.995089, 0.000000, -1.#QNAN0
252.997830, -164.064423, 0.000000, -1.#QNAN0
252.960359, -164.275772, 0.000000, -1.#QNAN0
252.944066, -164.345106, 0.000000, -1.#QNAN0
252.895038, -164.553739, 0.000000, -1.#QNAN0
252.878745, -164.623073, 0.000000, -1.#QNAN0
252.829717, -164.831705, 0.000000, -1.#QNAN0
252.813424, -164.901040, 0.000000, -1.#QNAN0
252.764397, -165.109673, 0.000000, -1.#QNAN0
252.748104, -165.179007, 0.000000, -1.#QNAN0
252.699076, -165.387639, 0.000000, -1.#QNAN0
252.682783, -165.456974, 0.000000, -1.#QNAN0
252.633755, -165.665606, 0.000000, -1.#QNAN0
252.617462, -165.734941, 0.000000, -1.#QNAN0
252.568435, -165.943574, 0.000000, -1.#QNAN0
252.552142, -166.012908, 0.000000, -1.#QNAN0
252.515067, -166.222313, 0.000000, -1.#QNAN0
252.498688, -166.291627, 0.000000, -1.#QNAN0
252.450144, -166.496607, 0.000000, -1.#QNAN0
252.433607, -166.565883, 0.000000, -1.#QNAN0
252.384692, -166.770287, 0.000000, -1.#QNAN0
252.367975, -166.839520, 0.000000, -1.#QNAN0
250.727361, -166.654327, 0.000000, -1.#QNAN0
252.301711, -167.112546, 1.000000, -1.#QNAN0
252.263317, -167.319019, 1.000000, -1.#QNAN0
252.246201, -167.388154, 1.000000, -1.#QNAN0
252.194754, -167.595930, 1.000000, -1.#QNAN0
252.189149, -167.667918, 1.000000, -1.#QNAN0
252.137611, -167.875944, 1.000000, -1.#QNAN0
252.132006, -167.947932, 1.000000, -1.#QNAN0
252.080585, -168.155484, 1.000000, -1.#QNAN0
252.074980, -168.227472, 1.000000, -1.#QNAN0
252.026499, -168.423161, 1.000000, -1.#QNAN0
252.020894, -168.495149, 1.000000, -1.#QNAN0
251.972497, -168.690498, 1.000000, -1.#QNAN0
251.915516, -168.871130, 1.000000, -1.#QNAN0
251.898389, -168.940263, 1.000000, -1.#QNAN0
251.853015, -169.123411, 1.000000, -1.#QNAN0
251.835887, -169.192544, 1.000000, -1.#QNAN0
251.804974, -169.366686, 1.000000, -1.#QNAN0
251.762622, -169.537634, 1.000000, -1.#QNAN0
251.745495, -169.606767, 1.000000, -1.#QNAN0
251.705963, -169.766331, 1.000000, -1.#QNAN0
251.666432, -169.925894, 1.000000, -1.#QNAN0
251.649305, -169.995027, 1.000000, -1.#QNAN0
251.609774, -170.154591, 1.000000, -1.#QNAN0
251.558720, -170.311300, 1.000000, -1.#QNAN0
251.541593, -170.380433, 1.000000, -1.#QNAN0
251.513584, -170.542851, 1.000000, -1.#QNAN0
251.474053, -170.702414, 1.000000, -1.#QNAN0
251.456925, -170.771547, 1.000000, -1.#QNAN0
251.428916, -170.933966, 1.000000, -1.#QNAN0
251.396614, -171.064595, 1.000000, -1.#QNAN0
251.378144, -171.133381, 1.000000, -1.#QNAN0
251.349144, -171.238618, 1.000000, -1.#QNAN0
251.324302, -171.323756, 1.000000, -1.#QNAN0
251.300026, -171.390714, 1.000000, -1.#QNAN0
251.281844, -171.442395, 1.000000, -1.#QNAN0
251.276627, -171.467099, 1.000000, -1.#QNAN0
251.241819, -171.529237, 1.000000, -1.#QNAN0
251.179803, -171.663338, 1.000000, -1.#QNAN0
251.097859, -171.805844, 1.000000, -1.#QNAN0
251.062355, -171.867587, 1.000000, -1.#QNAN0
250.980411, -172.010093, 1.000000, -1.#QNAN0
250.908757, -172.158517, 1.000000, -1.#QNAN0
250.873253, -172.220260, 1.000000, -1.#QNAN0
250.791309, -172.362766, 1.000000, -1.#QNAN0
250.709364, -172.505272, 1.000000, -1.#QNAN0
250.673861, -172.567015, 1.000000, -1.#QNAN0
250.602207, -172.715438, 1.000000, -1.#QNAN0
250.520262, -172.857944, 1.000000, -1.#QNAN0
250.484759, -172.919687, 1.000000, -1.#QNAN0
250.402814, -173.062193, 1.000000, -1.#QNAN0
250.331160, -173.210617, 1.000000, -1.#QNAN0
250.295657, -173.272360, 1.000000, -1.#QNAN0
250.199744, -173.441718, 1.000000, -1.#QNAN0
250.074194, -173.680824, 1.000000, -1.#QNAN0
249.962767, -173.929642, 1.000000, -1.#QNAN0
249.937455, -173.996216, 1.000000, -1.#QNAN0
249.862261, -174.245789, 1.000000, -1.#QNAN0
249.811219, -174.414854, 1.000000, -1.#QNAN0
249.769365, -174.559433, 1.000000, -1.#QNAN0
249.749560, -174.627847, 1.000000, -1.#QNAN0
249.705872, -174.778764, 1.000000, -1.#QNAN0
249.663650, -174.924615, 1.000000, -1.#QNAN0
249.621604, -175.069859, 1.000000, -1.#QNAN0
249.579558, -175.215103, 1.000000, -1.#QNAN0
249.537512, -175.360346, 1.000000, -1.#QNAN0
249.484064, -175.502290, 1.000000, -1.#QNAN0
249.464259, -175.570704, 1.000000, -1.#QNAN0
249.410811, -175.712647, 1.000000, -1.#QNAN0
249.368765, -175.857890, 1.000000, -1.#QNAN0
249.326719, -176.003134, 1.000000, -1.#QNAN0
249.284528, -176.148908, 1.000000, -1.#QNAN0
249.237175, -176.313790, 1.000000, -1.#QNAN0
249.188844, -176.491273, 1.000000, -1.#QNAN0
249.171505, -176.560353, 1.000000, -1.#QNAN0
249.142109, -176.730225, 1.000000, -1.#QNAN0
249.104598, -176.891298, 1.000000, -1.#QNAN0
249.069101, -177.049661, 1.000000, -1.#QNAN0
249.035426, -177.204552, 1.000000, -1.#QNAN0
249.003535, -177.354245, 1.000000, -1.#QNAN0
248.972197, -177.502169, 1.000000, -1.#QNAN0
248.957436, -177.571846, 1.000000, -1.#QNAN0
248.926098, -177.719770, 1.000000, -1.#QNAN0
248.894760, -177.867695, 1.000000, -1.#QNAN0
248.875035, -178.018079, 1.000000, -1.#QNAN0
248.843697, -178.166003, 1.000000, -1.#QNAN0
248.823972, -178.316388, 1.000000, -1.#QNAN0
248.792634, -178.464312, 1.000000, -1.#QNAN0
248.777873, -178.533989, 1.000000, -1.#QNAN0
248.746535, -178.681913, 1.000000, -1.#QNAN0
248.728167, -178.825892, 1.000000, -1.#QNAN0
248.697830, -178.969093, 1.000000, -1.#QNAN0
248.669571, -179.102481, 1.000000, -1.#QNAN0
248.631749, -179.223740, 1.000000, -1.#QNAN0
248.595152, -179.396488, 1.000000, -1.#QNAN0
248.558280, -179.513259, 1.000000, -1.#QNAN0
248.523852, -179.675769, 1.000000, -1.#QNAN0
248.487645, -179.789402, 1.000000, -1.#QNAN0
248.453217, -179.951911, 1.000000, -1.#QNAN0
248.428622, -180.068005, 1.000000, -1.#QNAN0
248.394194, -180.230514, 1.000000, -1.#QNAN0
248.369600, -180.346608, 1.000000, -1.#QNAN0
248.346785, -180.511578, 1.000000, -1.#QNAN0
248.333803, -180.630131, 1.000000, -1.#QNAN0
248.299375, -180.792641, 1.000000, -1.#QNAN0
248.286394, -180.911194, 1.000000, -1.#QNAN0
248.249477, -181.088056, 1.000000, -1.#QNAN0
248.211096, -181.220707, 1.000000, -1.#QNAN0
248.175291, -181.415892, 1.000000, -1.#QNAN0
248.155142, -181.538597, 1.000000, -1.#QNAN0
248.125484, -181.734045, 1.000000, -1.#QNAN0
248.095579, -181.865749, 1.000000, -1.#QNAN0
248.073184, -182.050257, 1.000000, -1.#QNAN0
248.047685, -182.177700, 1.000000, -1.#QNAN0
248.031656, -182.348228, 1.000000, -1.#QNAN0
248.021874, -182.462813, 1.000000, -1.#QNAN0
248.009394, -182.612769, 1.000000, -1.#QNAN0
248.000200, -182.723235, 1.000000, -1.#QNAN0
247.987719, -182.873191, 1.000000, -1.#QNAN0
247.978526, -182.983657, 1.000000, -1.#QNAN0
247.966045, -183.133613, 1.000000, -1.#QNAN0
247.956851, -183.244080, 1.000000, -1.#QNAN0
247.956201, -183.395020, 1.000000, -1.#QNAN0
247.958836, -183.506471, 1.000000, -1.#QNAN0
247.946356, -183.656426, 1.000000, -1.#QNAN0
247.948992, -183.767877, 1.000000, -1.#QNAN0
247.948341, -183.918818, 1.000000, -1.#QNAN0
247.939147, -184.029284, 1.000000, -1.#QNAN0
247.926667, -184.179240, 1.000000, -1.#QNAN0
247.917473, -184.289706, 1.000000, -1.#QNAN0
247.904993, -184.439662, 1.000000, -1.#QNAN0
247.907360, -184.554337, 1.000000, -1.#QNAN0
247.909752, -184.668717, 1.000000, -1.#QNAN0
247.911182, -184.794653, 1.000000, -1.#QNAN0
249.296698, -185.035523, -1.000000, -1.#QNAN0
249.285356, -185.171801, -1.000000, -1.#QNAN0
249.274033, -185.307844, -1.000000, -1.#QNAN0
249.261745, -185.455487, -1.000000, -1.#QNAN0
249.248762, -185.611486, -1.000000, -1.#QNAN0
249.235779, -185.767485, -1.000000, -1.#QNAN0
249.229871, -185.838462, -1.000000, -1.#QNAN0
249.216888, -185.994461, -1.000000, -1.#QNAN0
249.203905, -186.150460, -1.000000, -1.#QNAN0
249.190921, -186.306459, -1.000000, -1.#QNAN0
249.177938, -186.462458, -1.000000, -1.#QNAN0
249.165075, -186.618466, -1.000000, -1.#QNAN0
249.153673, -186.774588, -1.000000, -1.#QNAN0
249.150290, -186.845731, -1.000000, -1.#QNAN0
249.144294, -187.002137, -1.000000, -1.#QNAN0
249.141699, -187.158637, -1.000000, -1.#QNAN0
249.142209, -187.315159, -1.000000, -1.#QNAN0
249.145561, -187.471648, -1.000000, -1.#QNAN0
249.151513, -187.628062, -1.000000, -1.#QNAN0
249.159849, -187.784374, -1.000000, -1.#QNAN0
249.164814, -187.855423, -1.000000, -1.#QNAN0
249.176371, -188.011532, -1.000000, -1.#QNAN0
249.189029, -188.167557, -1.000000, -1.#QNAN0
249.201787, -188.323575, -1.000000, -1.#QNAN0
249.214544, -188.479592, -1.000000, -1.#QNAN0
249.227301, -188.635610, -1.000000, -1.#QNAN0
249.240058, -188.791628, -1.000000, -1.#QNAN0
249.245862, -188.862614, -1.000000, -1.#QNAN0
249.258619, -189.018631, -1.000000, -1.#QNAN0
249.271376, -189.174649, -1.000000, -1.#QNAN0
249.284133, -189.330667, -1.000000, -1.#QNAN0
249.296906, -189.486869, -1.000000, -1.#QNAN0
249.309709, -189.643451, -1.000000, -1.#QNAN0
249.322548, -189.800468, -1.000000, -1.#QNAN0
249.328352, -189.871455, -1.000000, -1.#QNAN0
249.341231, -190.028962, -1.000000, -1.#QNAN0
247.958094, -190.301166, 1.000000, -1.#QNAN0
247.971067, -190.459818, 1.000000, -1.#QNAN0
247.984093, -190.619123, 1.000000, -1.#QNAN0
247.997144, -190.778739, 1.000000, -1.#QNAN0
247.998364, -190.939322, 1.000000, -1.#QNAN0
247.992338, -191.011275, 1.000000, -1.#QNAN0
247.993558, -191.171859, 1.000000, -1.#QNAN0
248.006609, -191.331475, 1.000000, -1.#QNAN0
248.007829, -191.492058, 1.000000, -1.#QNAN0
248.009050, -191.652641, 1.000000, -1.#QNAN0
248.022101, -191.812257, 1.000000, -1.#QNAN0
248.023321, -191.972840, 1.000000, -1.#QNAN0
248.005464, -192.045761, 1.000000, -1.#QNAN0
248.006684, -192.206344, 1.000000, -1.#QNAN0
248.007904, -192.366928, 1.000000, -1.#QNAN0
247.997293, -192.528478, 1.000000, -1.#QNAN0
247.986683, -192.690029, 1.000000, -1.#QNAN0
247.964241, -192.852547, 1.000000, -1.#QNAN0
247.929271, -193.007214, 1.000000, -1.#QNAN0
247.887351, -193.081846, 1.000000, -1.#QNAN0
247.863116, -193.235735, 1.000000, -1.#QNAN0
247.826374, -193.390648, 1.000000, -1.#QNAN0
247.777097, -193.545759, 1.000000, -1.#QNAN0
247.774400, -193.695720, 0.000000, -1.#QNAN0
247.783001, -193.849133, 0.000000, -1.#QNAN0
247.779277, -194.003699, 0.000000, -1.#QNAN0
247.770943, -194.075422, 0.000000, -1.#QNAN0
247.778101, -194.225669, 0.000000, -1.#QNAN0
247.772947, -194.380505, 0.000000, -1.#QNAN0
247.779302, -194.536226, 0.000000, -1.#QNAN0
247.773591, -194.694870, 0.000000, -1.#QNAN0
247.767450, -194.845689, 0.000000, -1.#QNAN0
247.770158, -194.916860, 0.000000, -1.#QNAN0
247.764240, -195.073555, 0.000000, -1.#QNAN0
247.758551, -195.236255, 0.000000, -1.#QNAN0
247.764957, -195.404626, 0.000000, -1.#QNAN0
247.755803, -195.476249, 0.000000, -1.#QNAN0
247.761995, -195.638985, 0.000000, -1.#QNAN0
247.756565, -195.808495, 0.000000, -1.#QNAN0
247.747411, -195.880118, 0.000000, -1.#QNAN0
247.754087, -196.055589, 0.000000, -1.#QNAN0
247.749054, -196.235525, 0.000000, -1.#QNAN0
247.739900, -196.307148, 0.000000, -1.#QNAN0
247.746729, -196.486634, 0.000000, -1.#QNAN0
247.741696, -196.666571, 0.000000, -1.#QNAN0
247.732542, -196.738194, 0.000000, -1.#QNAN0
247.739370, -196.917680, 0.000000, -1.#QNAN0
247.734337, -197.097617, 0.000000, -1.#QNAN0
247.737045, -197.168788, 0.000000, -1.#QNAN0
247.732012, -197.348725, 0.000000, -1.#QNAN0
247.726979, -197.528662, 0.000000, -1.#QNAN0
247.729687, -197.599834, 0.000000, -1.#QNAN0
247.724654, -197.779771, 0.000000, -1.#QNAN0
247.719621, -197.959708, 0.000000, -1.#QNAN0
247.722329, -198.030879, 0.000000, -1.#QNAN0
247.717296, -198.210816, 0.000000, -1.#QNAN0
247.712262, -198.390753, 0.000000, -1.#QNAN0
247.714970, -198.461925, 0.000000, -1.#QNAN0
247.709937, -198.641862, 0.000000, -1.#QNAN0
247.716766, -198.821348, 0.000000, -1.#QNAN0
247.707612, -198.892971, 0.000000, -1.#QNAN0
247.702579, -199.072907, 0.000000, -1.#QNAN0
247.709408, -199.252393, 0.000000, -1.#QNAN0
247.700254, -199.324016, 0.000000, -1.#QNAN0
247.695221, -199.503953, 0.000000, -1.#QNAN0
247.702049, -199.683439, 0.000000, -1.#QNAN0
247.692895, -199.755062, 0.000000, -1.#QNAN0
247.699724, -199.934547, 0.000000, -1.#QNAN0
247.694691, -200.114484, 0.000000, -1.#QNAN0
247.685537, -200.186107, 0.000000, -1.#QNAN0
247.693354, -200.382576, 0.000000, -1.#QNAN0
247.693690, -200.628024, 0.000000, -1.#QNAN0
247.687225, -200.699939, 0.000000, -1.#QNAN0
247.735427, -201.115658, 0.000000, -1.#QNAN0
247.809347, -201.515885, 0.000000, -1.#QNAN0
247.818004, -201.587569, 0.000000, -1.#QNAN0
247.958085, -202.000464, 0.000000, -1.#QNAN0
247.975072, -202.070643, 0.000000, -1.#QNAN0
248.183076, -202.494881, 0.000000, -1.#QNAN0
248.442363, -202.916896, 0.000000, -1.#QNAN0
248.477207, -202.980137, 0.000000, -1.#QNAN0
248.807138, -203.358876, 0.000000, -1.#QNAN0
248.850197, -203.416838, 0.000000, -1.#QNAN0
249.131191, -203.687540, 0.000000, -1.#QNAN0
249.186595, -203.732296, 0.000000, -1.#QNAN0
249.341409, -203.872281, 0.000000, -1.#QNAN0
249.389618, -203.926035, 0.000000, -1.#QNAN0
249.549081, -204.053561, 0.000000, -1.#QNAN0
249.702244, -204.191248, 0.000000, -1.#QNAN0
249.757868, -204.235731, 0.000000, -1.#QNAN0
249.911031, -204.373418, 0.000000, -1.#QNAN0
249.959240, -204.427172, 0.000000, -1.#QNAN0
250.119817, -204.555589, 0.000000, -1.#QNAN0
250.168027, -204.609342, 0.000000, -1.#QNAN0
250.321190, -204.747029, 0.000000, -1.#QNAN0
250.376813, -204.791513, 0.000000, -1.#QNAN0
250.529976, -204.929200, 0.000000, -1.#QNAN0
250.585600, -204.973683, 0.000000, -1.#QNAN0
250.738763, -205.111370, 0.000000, -1.#QNAN0
250.891926, -205.249057, 0.000000, -1.#QNAN0
250.947549, -205.293541, 0.000000, -1.#QNAN0
251.100712, -205.431228, 0.000000, -1.#QNAN0
251.148922, -205.484981, 0.000000, -1.#QNAN0
251.309499, -205.613398, 0.000000, -1.#QNAN0
251.357708, -205.667152, 0.000000, -1.#QNAN0
251.510871, -205.804839, 0.000000, -1.#QNAN0
251.566495, -205.849322, 0.000000, -1.#QNAN0
251.719658, -205.987009, 0.000000, -1.#QNAN0
251.775281, -206.031493, 0.000000, -1.#QNAN0
251.928444, -206.169180, 0.000000, -1.#QNAN0
252.081607, -206.306867, 0.000000, -1.#QNAN0
252.137231, -206.351350, 0.000000, -1.#QNAN0
252.290394, -206.489037, 0.000000, -1.#QNAN0
252.338603, -206.542791, 0.000000, -1.#QNAN0
252.499180, -206.671208, 0.000000, -1.#QNAN0
252.547390, -206.724961, 0.000000, -1.#QNAN0
252.700553, -206.862649, 0.000000, -1.#QNAN0
252.756176, -206.907132, 0.000000, -1.#QNAN0
252.909339, -207.044819, 0.000000, -1.#QNAN0
252.964963, -207.089302, 0.000000, -1.#QNAN0
253.118126, -207.226989, 0.000000, -1.#QNAN0
253.297631, -207.385464, 0.000000, -1.#QNAN0
253.353826, -207.429222, 0.000000, -1.#QNAN0
253.746115, -207.727849, 0.000000, -1.#QNAN0
253.800594, -207.775238, 0.000000, -1.#QNAN0
254.173554, -207.990492, 0.000000, -1.#QNAN0
254.231914, -208.033011, 0.000000, -1.#QNAN0
254.600734, -208.206054, 0.000000, -1.#QNAN0
254.662191, -208.243958, 0.000000, -1.#QNAN0
254.968932, -208.375729, 0.000000, -1.#QNAN0
255.036149, -208.399276, 0.000000, -1.#QNAN0
255.295859, -208.499028, 0.000000, -1.#QNAN0
255.567446, -208.593928, 0.000000, -1.#QNAN0
255.636166, -208.612643, 0.000000, -1.#QNAN0
255.897087, -208.693209, 0.000000, -1.#QNAN0
255.963662, -208.721163, 0.000000, -1.#QNAN0
256.174893, -208.770091, 0.000000, -1.#QNAN0
256.447701, -208.840665, 0.000000, -1.#QNAN0
256.517743, -208.853582, 0.000000, -1.#QNAN0
256.705955, -208.900282, 0.000000, -1.#QNAN0
256.773894, -208.924734, 0.000000, -1.#QNAN0
256.964212, -208.959431, 0.000000, -1.#QNAN0
257.152401, -209.005807, 0.000000, -1.#QNAN0
257.220340, -209.030259, 0.000000, -1.#QNAN0
257.410657, -209.064957, 0.000000, -1.#QNAN0
257.478596, -209.089409, 0.000000, -1.#QNAN0
257.668914, -209.124107, 0.000000, -1.#QNAN0
257.857103, -209.170482, 0.000000, -1.#QNAN0
257.925042, -209.194934, 0.000000, -1.#QNAN0
258.115360, -209.229632, 0.000000, -1.#QNAN0
258.183299, -209.254084, 0.000000, -1.#QNAN0
258.371488, -209.300460, 0.000000, -1.#QNAN0
258.561806, -209.335157, 0.000000, -1.#QNAN0
258.629745, -209.359610, 0.000000, -1.#QNAN0
258.817934, -209.405985, 0.000000, -1.#QNAN0
258.888002, -209.418759, 0.000000, -1.#QNAN0
259.076191, -209.465135, 0.000000, -1.#QNAN0
259.266508, -209.499832, 0.000000, -1.#QNAN0
259.334447, -209.524285, 0.000000, -1.#QNAN0
259.522636, -209.570660, 0.000000, -1.#QNAN0
259.592704, -209.583434, 0.000000, -1.#QNAN0
259.780893, -209.629810, 0.000000, -1.#QNAN0
259.969082, -209.676185, 0.000000, -1.#QNAN0
260.039150, -209.688960, 0.000000, -1.#QNAN0
260.227339, -209.735335, 0.000000, -1.#QNAN0
260.295278, -209.759788, 0.000000, -1.#QNAN0
260.485596, -209.794485, 0.000000, -1.#QNAN0
261.199662, -206.956391, -1.000000, -1.#QNAN0
260.743853, -209.853635, 1.000000, -1.#QNAN0
260.929913, -209.911688, 1.000000, -1.#QNAN0
260.995723, -209.947819, 1.000000, -1.#QNAN0
261.181782, -210.005872, 1.000000, -1.#QNAN0
261.369971, -210.052248, 1.000000, -1.#QNAN0
261.442168, -210.053344, 1.000000, -1.#QNAN0
261.632486, -210.088041, 1.000000, -1.#QNAN0
261.700425, -210.112494, 1.000000, -1.#QNAN0
261.888614, -210.158869, 1.000000, -1.#QNAN0
262.081061, -210.181889, 0.000000, -1.#QNAN0
262.153258, -210.182985, 0.000000, -1.#QNAN0
262.346510, -210.206151, 0.000000, -1.#QNAN0
262.418707, -210.207248, 0.000000, -1.#QNAN0
262.622096, -210.232262, 0.000000, -1.#QNAN0
262.694293, -210.233358, 0.000000, -1.#QNAN0
262.910541, -210.260717, 0.000000, -1.#QNAN0
262.982738, -210.261813, 0.000000, -1.#QNAN0
263.200117, -210.301444, 0.000000, -1.#QNAN0
263.272314, -210.302541, 0.000000, -1.#QNAN0
263.344512, -210.303637, 0.000000, -1.#QNAN0
263.580549, -210.334603, 0.000000, -1.#QNAN0
263.652746, -210.335700, 0.000000, -1.#QNAN0
263.906536, -210.369903, 0.000000, -1.#QNAN0
263.978733, -210.370999, 0.000000, -1.#QNAN0
264.050930, -210.372096, 0.000000, -1.#QNAN0
264.323427, -210.409709, 0.000000, -1.#QNAN0
264.395624, -210.410805, 0.000000, -1.#QNAN0
264.467821, -210.411902, 0.000000, -1.#QNAN0
264.746840, -210.450705, 0.000000, -1.#QNAN0
264.819037, -210.451801, 0.000000, -1.#QNAN0
264.891235, -210.452897, 0.000000, -1.#QNAN0
265.170254, -210.491700, 0.000000, -1.#QNAN0
265.242451, -210.492796, 0.000000, -1.#QNAN0
265.314648, -210.493893, 0.000000, -1.#QNAN0
265.386845, -210.494989, 0.000000, -1.#QNAN0
265.665864, -210.533792, 0.000000, -1.#QNAN0
265.738061, -210.534888, 0.000000, -1.#QNAN0
265.810258, -210.535984, 0.000000, -1.#QNAN0
266.089550, -210.574832, 0.000000, -1.#QNAN0
266.161747, -210.575920, 0.000000, -1.#QNAN0
266.233944, -210.577009, 0.000000, -1.#QNAN0
266.515557, -210.616218, 0.000000, -1.#QNAN0
266.587755, -210.617235, 0.000000, -1.#QNAN0
266.657837, -210.629933, 0.000000, -1.#QNAN0
266.942856, -210.669447, 0.000000, -1.#QNAN0
267.015056, -210.670298, 0.000000, -1.#QNAN0
267.087257, -210.671149, 0.000000, -1.#QNAN0
267.372530, -210.710062, 0.000000, -1.#QNAN0
267.444733, -210.710739, 0.000000, -1.#QNAN0
267.516935, -210.711417, 0.000000, -1.#QNAN0
267.802472, -210.749703, 0.000000, -1.#QNAN0
267.874676, -210.750199, 0.000000, -1.#QNAN0
267.946879, -210.750696, 0.000000, -1.#QNAN0
268.019083, -210.751193, 0.000000, -1.#QNAN0
268.304894, -210.788637, 0.000000, -1.#QNAN0
268.377099, -210.788944, 0.000000, -1.#QNAN0
268.449304, -210.789252, 0.000000, -1.#QNAN0
268.735399, -210.826006, 0.000000, -1.#QNAN0
268.807604, -210.826117, 0.000000, -1.#QNAN0
268.879810, -210.826227, 0.000000, -1.#QNAN0
269.165644, -210.862176, 0.000000, -1.#QNAN0
269.237850, -210.862098, 0.000000, -1.#QNAN0
269.310055, -210.862019, 0.000000, -1.#QNAN0
269.591561, -210.896569, 0.000000, -1.#QNAN0
269.663767, -210.896433, 0.000000, -1.#QNAN0
269.735972, -210.896297, 0.000000, -1.#QNAN0
270.015613, -210.930330, 0.000000, -1.#QNAN0
270.087819, -210.930194, 0.000000, -1.#QNAN0
270.160024, -210.930058, 0.000000, -1.#QNAN0
270.439665, -210.964091, 0.000000, -1.#QNAN0
270.509941, -210.975667, 0.000000, -1.#QNAN0
270.582146, -210.975531, 0.000000, -1.#QNAN0
270.654351, -210.975395, 0.000000, -1.#QNAN0
270.933992, -211.009428, 0.000000, -1.#QNAN0
271.006197, -211.009292, 0.000000, -1.#QNAN0
271.078403, -211.009156, 0.000000, -1.#QNAN0
271.358044, -211.043189, 0.000000, -1.#QNAN0
271.430249, -211.043053, 0.000000, -1.#QNAN0
271.502454, -211.042917, 0.000000, -1.#QNAN0
271.782095, -211.076950, 0.000000, -1.#QNAN0
271.854300, -211.076814, 0.000000, -1.#QNAN0
271.926506, -211.076677, 0.000000, -1.#QNAN0
272.206146, -211.110711, 0.000000, -1.#QNAN0
272.278352, -211.110575, 0.000000, -1.#QNAN0
272.350557, -211.110438, 0.000000, -1.#QNAN0
272.630198, -211.144472, 0.000000, -1.#QNAN0
272.702404, -211.144336, 0.000000, -1.#QNAN0
272.774609, -211.144199, 0.000000, -1.#QNAN0
273.054250, -211.178233, 0.000000, -1.#QNAN0
273.126455, -211.178096, 0.000000, -1.#QNAN0
273.198660, -211.177960, 0.000000, -1.#QNAN0
273.270866, -211.177824, 0.000000, -1.#QNAN0
273.550506, -211.211857, 0.000000, -1.#QNAN0
273.622712, -211.211721, 0.000000, -1.#QNAN0
273.694917, -211.211585, 0.000000, -1.#QNAN0
273.974558, -211.245618, 0.000000, -1.#QNAN0
274.044834, -211.257194, 0.000000, -1.#QNAN0
274.117039, -211.257058, 0.000000, -1.#QNAN0
274.396680, -211.291092, 0.000000, -1.#QNAN0
274.468885, -211.290955, 0.000000, -1.#QNAN0
274.541091, -211.290819, 0.000000, -1.#QNAN0
274.819973, -211.324728, 0.000000, -1.#QNAN0
274.892178, -211.324591, 0.000000, -1.#QNAN0
274.964383, -211.324455, 0.000000, -1.#QNAN0
275.249143, -211.359332, 0.000000, -1.#QNAN0
275.321348, -211.359195, 0.000000, -1.#QNAN0
275.393553, -211.359059, 0.000000, -1.#QNAN0
275.672479, -211.392975, 0.000000, -1.#QNAN0
275.744684, -211.392838, 0.000000, -1.#QNAN0
275.816889, -211.392702, 0.000000, -1.#QNAN0
276.089984, -211.425657, 0.000000, -1.#QNAN0
276.162189, -211.425521, 0.000000, -1.#QNAN0
276.234394, -211.425384, 0.000000, -1.#QNAN0
276.501660, -211.457380, 0.000000, -1.#QNAN0
276.573866, -211.457243, 0.000000, -1.#QNAN0
276.646071, -211.457107, 0.000000, -1.#QNAN0
