438.949071, 127.366439, 1.000000, -1.#QNAN0
439.017167, 127.345567, 1.000000, -1.#QNAN0
439.085263, 127.324695, 1.000000, -1.#QNAN0
439.371204, 127.224634, 1.000000, -1.#QNAN0
439.439300, 127.203762, 1.000000, -1.#QNAN0
439.503918, 127.171540, 1.000000, -1.#QNAN0
439.796782, 127.081774, 1.000000, -1.#QNAN0
439.864878, 127.060901, 1.000000, -1.#QNAN0
439.929495, 127.028680, 1.000000, -1.#QNAN0
440.223249, 126.938640, 1.000000, -1.#QNAN0
440.287866, 126.906419, 1.000000, -1.#QNAN0
440.355962, 126.885547, 1.000000, -1.#QNAN0
440.424058, 126.864674, 1.000000, -1.#QNAN0
440.717811, 126.774635, 0.000000, -1.#QNAN0
440.785907, 126.753763, 0.000000, -1.#QNAN0
440.854003, 126.732890, 0.000000, -1.#QNAN0
441.147756, 126.642851, 0.000000, -1.#QNAN0
441.212374, 126.610630, 0.000000, -1.#QNAN0
441.280470, 126.589757, 0.000000, -1.#QNAN0
441.348566, 126.568885, 0.000000, -1.#QNAN0
441.642319, 126.478846, 0.000000, -1.#QNAN0
441.710415, 126.457973, 0.000000, -1.#QNAN0
441.778511, 126.437101, 0.000000, -1.#QNAN0
442.072265, 126.347062, 0.000000, -1.#QNAN0
442.136882, 126.314840, 0.000000, -1.#QNAN0
442.204978, 126.293968, 0.000000, -1.#QNAN0
442.273074, 126.273096, 0.000000, -1.#QNAN0
442.566827, 126.183056, 0.000000, -1.#QNAN0
442.634923, 126.162184, 0.000000, -1.#QNAN0
442.703019, 126.141312, 0.000000, -1.#QNAN0
442.996773, 126.051272, 0.000000, -1.#QNAN0
443.064869, 126.030400, 0.000000, -1.#QNAN0
443.129486, 125.998179, 0.000000, -1.#QNAN0
443.197582, 125.977306, 0.000000, -1.#QNAN0
443.491335, 125.887267, 0.000000, -1.#QNAN0
443.559431, 125.866395, 0.000000, -1.#QNAN0
443.627527, 125.845522, 0.000000, -1.#QNAN0
443.921280, 125.755483, 0.000000, -1.#QNAN0
443.989376, 125.734611, 0.000000, -1.#QNAN0
444.053994, 125.702389, 0.000000, -1.#QNAN0
444.122090, 125.681517, 0.000000, -1.#QNAN0
444.415843, 125.591478, 0.000000, -1.#QNAN0
444.483939, 125.570605, 0.000000, -1.#QNAN0
444.552035, 125.549733, 0.000000, -1.#QNAN0
444.868507, 125.449193, 0.000000, -1.#QNAN0
444.936326, 125.427438, 0.000000, -1.#QNAN0
445.004145, 125.405683, 0.000000, -1.#QNAN0
445.068339, 125.372625, 0.000000, -1.#QNAN0
445.394280, 125.261888, 0.000000, -1.#QNAN0
445.461662, 125.238816, 0.000000, -1.#QNAN0
445.529045, 125.215743, 0.000000, -1.#QNAN0
445.845797, 125.103053, 0.000000, -1.#QNAN0
445.912820, 125.078955, 0.000000, -1.#QNAN0
445.979842, 125.054858, 0.000000, -1.#QNAN0
446.042848, 125.019590, 0.000000, -1.#QNAN0
446.354916, 124.903067, 0.000000, -1.#QNAN0
446.421602, 124.878053, 0.000000, -1.#QNAN0
446.488288, 124.853038, 0.000000, -1.#QNAN0
446.796657, 124.733939, 0.000000, -1.#QNAN0
446.863028, 124.708101, 0.000000, -1.#QNAN0
446.929399, 124.682264, 0.000000, -1.#QNAN0
446.995771, 124.656427, 0.000000, -1.#QNAN0
447.296111, 124.523244, 0.000000, -1.#QNAN0
447.362189, 124.496666, 0.000000, -1.#QNAN0
447.428267, 124.470088, 0.000000, -1.#QNAN0
447.722208, 124.350387, 0.000000, -1.#QNAN0
447.788141, 124.323452, 0.000000, -1.#QNAN0
447.854075, 124.296517, 0.000000, -1.#QNAN0
447.920009, 124.269583, 0.000000, -1.#QNAN0
448.200420, 124.142119, 0.000000, -1.#QNAN0
448.266346, 124.115165, 0.000000, -1.#QNAN0
448.332271, 124.088211, 0.000000, -1.#QNAN0
448.616662, 123.971936, 0.000000, -1.#QNAN0
448.682588, 123.944982, 0.000000, -1.#QNAN0
448.748514, 123.918028, 0.000000, -1.#QNAN0
448.814439, 123.891074, 0.000000, -1.#QNAN0
449.098830, 123.774800, 0.000000, -1.#QNAN0
449.160263, 123.736858, 0.000000, -1.#QNAN0
449.226189, 123.709904, 0.000000, -1.#QNAN0
449.510579, 123.593630, 0.000000, -1.#QNAN0
449.576505, 123.566676, 0.000000, -1.#QNAN0
449.642431, 123.539722, 0.000000, -1.#QNAN0
449.708357, 123.512768, 0.000000, -1.#QNAN0
449.992748, 123.396493, 0.000000, -1.#QNAN0
450.058673, 123.369539, 0.000000, -1.#QNAN0
450.120107, 123.331598, 0.000000, -1.#QNAN0
450.405642, 123.214855, 0.000000, -1.#QNAN0
450.471568, 123.187901, 0.000000, -1.#QNAN0
450.537494, 123.160947, 0.000000, -1.#QNAN0
450.603419, 123.133993, 0.000000, -1.#QNAN0
450.894110, 123.015143, 0.000000, -1.#QNAN0
450.960036, 122.988189, 0.000000, -1.#QNAN0
451.021469, 122.950248, 0.000000, -1.#QNAN0
451.317919, 122.829043, 0.000000, -1.#QNAN0
451.383845, 122.802089, 0.000000, -1.#QNAN0
452.083190, 124.324389, 0.000000, -1.#QNAN0
451.515696, 122.748181, 1.000000, -1.#QNAN0
451.807498, 122.628876, 1.000000, -1.#QNAN0
451.873424, 122.601922, 1.000000, -1.#QNAN0
451.934857, 122.563981, 1.000000, -1.#QNAN0
452.000783, 122.537027, 1.000000, -1.#QNAN0
452.299481, 122.414902, 1.000000, -1.#QNAN0
452.365407, 122.387948, 1.000000, -1.#QNAN0
452.435825, 122.371982, 1.000000, -1.#QNAN0
452.741956, 122.246819, 1.000000, -1.#QNAN0
452.807881, 122.219865, 1.000000, -1.#QNAN0
452.873807, 122.192911, 1.000000, -1.#QNAN0
452.939733, 122.165957, 1.000000, -1.#QNAN0
453.238323, 122.031053, 1.000000, -1.#QNAN0
453.304249, 122.004099, 1.000000, -1.#QNAN0
453.370175, 121.977145, 1.000000, -1.#QNAN0
453.436100, 121.950191, 1.000000, -1.#QNAN0
453.745544, 121.823674, 1.000000, -1.#QNAN0
453.811470, 121.796720, 1.000000, -1.#QNAN0
453.877395, 121.769766, 1.000000, -1.#QNAN0
453.943321, 121.742812, 1.000000, -1.#QNAN0
454.248273, 121.605307, 1.000000, -1.#QNAN0
454.314198, 121.578353, 1.000000, -1.#QNAN0
454.380124, 121.551398, 0.000000, -1.#QNAN0
454.694060, 121.435869, 0.000000, -1.#QNAN0
454.759986, 121.408915, 0.000000, -1.#QNAN0
454.830404, 121.392948, 0.000000, -1.#QNAN0
454.896329, 121.365994, 0.000000, -1.#QNAN0
455.205773, 121.239477, 0.000000, -1.#QNAN0
455.276191, 121.223511, 0.000000, -1.#QNAN0
455.342117, 121.196557, 0.000000, -1.#QNAN0
455.412535, 121.180590, 0.000000, -1.#QNAN0
455.721979, 121.054073, 0.000000, -1.#QNAN0
455.792397, 121.038106, 0.000000, -1.#QNAN0
455.858323, 121.011152, 0.000000, -1.#QNAN0
455.928741, 120.995186, 0.000000, -1.#QNAN0
456.238184, 120.868669, 0.000000, -1.#QNAN0
456.304110, 120.841715, 0.000000, -1.#QNAN0
456.374528, 120.825748, 0.000000, -1.#QNAN0
456.440454, 120.798794, 0.000000, -1.#QNAN0
456.754389, 120.683265, 0.000000, -1.#QNAN0
456.820315, 120.656311, 0.000000, -1.#QNAN0
456.890733, 120.640344, 0.000000, -1.#QNAN0
456.956659, 120.613390, 0.000000, -1.#QNAN0
457.270595, 120.497860, 0.000000, -1.#QNAN0
457.336521, 120.470906, 0.000000, -1.#QNAN0
457.402447, 120.443952, 0.000000, -1.#QNAN0
457.726775, 120.322299, 0.000000, -1.#QNAN0
457.792533, 120.294939, 0.000000, -1.#QNAN0
457.862852, 120.278538, 0.000000, -1.#QNAN0
457.928610, 120.251177, 0.000000, -1.#QNAN0
458.294860, 120.100786, 0.000000, -1.#QNAN0
458.359721, 120.071363, 0.000000, -1.#QNAN0
458.429487, 120.052751, 0.000000, -1.#QNAN0
458.494348, 120.023329, 0.000000, -1.#QNAN0
458.863240, 119.841524, 0.000000, -1.#QNAN0
458.932224, 119.820200, 0.000000, -1.#QNAN0
458.995887, 119.788265, 0.000000, -1.#QNAN0
459.064872, 119.766941, 0.000000, -1.#QNAN0
459.424639, 119.571829, 0.000000, -1.#QNAN0
459.492773, 119.547925, 0.000000, -1.#QNAN0
459.555190, 119.513619, 0.000000, -1.#QNAN0
459.623324, 119.489716, 0.000000, -1.#QNAN0
459.975487, 119.280857, 0.000000, -1.#QNAN0
460.036583, 119.244250, 0.000000, -1.#QNAN0
460.103779, 119.217826, 0.000000, -1.#QNAN0
460.164875, 119.181219, 0.000000, -1.#QNAN0
460.510947, 118.972988, 0.000000, -1.#QNAN0
460.570756, 118.934314, 0.000000, -1.#QNAN0
460.637010, 118.905608, 0.000000, -1.#QNAN0
460.967063, 118.680559, 0.000000, -1.#QNAN0
461.032372, 118.649764, 0.000000, -1.#QNAN0
461.090923, 118.609211, 0.000000, -1.#QNAN0
461.149473, 118.568658, 0.000000, -1.#QNAN0
461.464363, 118.356799, 0.000000, -1.#QNAN0
461.522016, 118.314980, 0.000000, -1.#QNAN0
461.586639, 118.282769, 0.000000, -1.#QNAN0
461.644292, 118.240950, 0.000000, -1.#QNAN0
461.921874, 118.054269, 0.000000, -1.#QNAN0
461.979527, 118.012450, 0.000000, -1.#QNAN0
462.044150, 117.980240, 0.000000, -1.#QNAN0
462.101803, 117.938421, 0.000000, -1.#QNAN0
462.372415, 117.742131, 0.000000, -1.#QNAN0
462.437038, 117.709921, 0.000000, -1.#QNAN0
462.494691, 117.668102, 0.000000, -1.#QNAN0
462.559314, 117.635891, 0.000000, -1.#QNAN0
462.829926, 117.439602, 0.000000, -1.#QNAN0
462.894549, 117.407391, 0.000000, -1.#QNAN0
462.952202, 117.365572, 0.000000, -1.#QNAN0
463.009855, 117.323753, 0.000000, -1.#QNAN0
463.287437, 117.137072, 0.000000, -1.#QNAN0
463.345090, 117.095253, 0.000000, -1.#QNAN0
463.409713, 117.063043, 0.000000, -1.#QNAN0
463.680325, 116.866753, 0.000000, -1.#QNAN0
463.744948, 116.834543, 0.000000, -1.#QNAN0
463.802601, 116.792724, 0.000000, -1.#QNAN0
463.867224, 116.760513, 0.000000, -1.#QNAN0
464.137836, 116.564224, 0.000000, -1.#QNAN0
464.195489, 116.522404, 0.000000, -1.#QNAN0
464.260112, 116.490194, 0.000000, -1.#QNAN0
464.317765, 116.448375, 0.000000, -1.#QNAN0
464.595347, 116.261694, 0.000000, -1.#QNAN0
464.653000, 116.219875, 0.000000, -1.#QNAN0
464.717623, 116.187665, 0.000000, -1.#QNAN0
464.775276, 116.145845, 0.000000, -1.#QNAN0
465.050518, 115.960862, 0.000000, -1.#QNAN0
465.108171, 115.919043, 0.000000, -1.#QNAN0
465.165824, 115.877224, 0.000000, -1.#QNAN0
465.230447, 115.845014, 0.000000, -1.#QNAN0
465.495364, 115.652855, 0.000000, -1.#QNAN0
465.559986, 115.620645, 0.000000, -1.#QNAN0
465.617640, 115.578826, 0.000000, -1.#QNAN0
465.886237, 115.398661, 0.000000, -1.#QNAN0
465.943891, 115.356842, 0.000000, -1.#QNAN0
466.008514, 115.324632, 0.000000, -1.#QNAN0
466.066167, 115.282813, 0.000000, -1.#QNAN0
466.314969, 115.102342, 0.000000, -1.#QNAN0
466.379592, 115.070132, 0.000000, -1.#QNAN0
466.437245, 115.028313, 0.000000, -1.#QNAN0
466.689882, 114.859726, 0.000000, -1.#QNAN0
466.747535, 114.817907, 0.000000, -1.#QNAN0
466.812158, 114.785697, 0.000000, -1.#QNAN0
466.869811, 114.743878, 0.000000, -1.#QNAN0
467.119401, 114.577501, 0.000000, -1.#QNAN0
467.177054, 114.535682, 0.000000, -1.#QNAN0
467.234707, 114.493863, 0.000000, -1.#QNAN0
467.471738, 114.336596, 0.000000, -1.#QNAN0
467.529391, 114.294777, 0.000000, -1.#QNAN0
467.594014, 114.262566, 0.000000, -1.#QNAN0
467.823467, 114.096131, 0.000000, -1.#QNAN0
467.888090, 114.063921, 0.000000, -1.#QNAN0
467.945743, 114.022102, 0.000000, -1.#QNAN0
468.182166, 113.865276, 0.000000, -1.#QNAN0
468.239820, 113.823456, 0.000000, -1.#QNAN0
468.297473, 113.781637, 0.000000, -1.#QNAN0
468.533895, 113.624811, 0.000000, -1.#QNAN0
468.591549, 113.582992, 0.000000, -1.#QNAN0
468.656172, 113.550782, 0.000000, -1.#QNAN0
468.885624, 113.384347, 0.000000, -1.#QNAN0
468.950247, 113.352137, 0.000000, -1.#QNAN0
469.007901, 113.310318, 0.000000, -1.#QNAN0
469.244324, 113.153491, 0.000000, -1.#QNAN0
469.301977, 113.111672, 0.000000, -1.#QNAN0
469.359630, 113.069853, 0.000000, -1.#QNAN0
469.596053, 112.913027, 0.000000, -1.#QNAN0
469.653706, 112.871208, 0.000000, -1.#QNAN0
469.718329, 112.838998, 0.000000, -1.#QNAN0
469.947782, 112.672563, 0.000000, -1.#QNAN0
470.012405, 112.640352, 0.000000, -1.#QNAN0
470.070058, 112.598533, 0.000000, -1.#QNAN0
470.306481, 112.441707, 0.000000, -1.#QNAN0
470.364134, 112.399888, 0.000000, -1.#QNAN0
470.421787, 112.358069, 0.000000, -1.#QNAN0
470.658210, 112.201243, 0.000000, -1.#QNAN0
470.715863, 112.159424, 0.000000, -1.#QNAN0
470.780486, 112.127213, 0.000000, -1.#QNAN0
471.009939, 111.960778, 0.000000, -1.#QNAN0
471.074562, 111.928568, 0.000000, -1.#QNAN0
471.132215, 111.886749, 0.000000, -1.#QNAN0
471.369434, 111.729217, 0.000000, -1.#QNAN0
471.427070, 111.687374, 0.000000, -1.#QNAN0
471.484706, 111.645530, 0.000000, -1.#QNAN0
471.724307, 111.485725, 0.000000, -1.#QNAN0
471.781871, 111.443784, 0.000000, -1.#QNAN0
471.846426, 111.411437, 0.000000, -1.#QNAN0
472.097527, 111.224737, 0.000000, -1.#QNAN0
472.161704, 111.191647, 0.000000, -1.#QNAN0
472.218781, 111.149045, 0.000000, -1.#QNAN0
472.472400, 110.971248, 0.000000, -1.#QNAN0
472.529041, 110.928068, 0.000000, -1.#QNAN0
472.585682, 110.884888, 0.000000, -1.#QNAN0
472.839462, 110.702670, 0.000000, -1.#QNAN0
472.895618, 110.658861, 0.000000, -1.#QNAN0
472.959076, 110.624411, 0.000000, -1.#QNAN0
473.205726, 110.427884, 0.000000, -1.#QNAN0
473.268755, 110.392658, 0.000000, -1.#QNAN0
473.324369, 110.348162, 0.000000, -1.#QNAN0
473.578619, 110.155333, 0.000000, -1.#QNAN0
473.633625, 110.110088, 0.000000, -1.#QNAN0
473.688630, 110.064843, 0.000000, -1.#QNAN0
473.943053, 109.865733, 0.000000, -1.#QNAN0
473.997373, 109.819668, 0.000000, -1.#QNAN0
474.059371, 109.782655, 0.000000, -1.#QNAN0
474.304931, 109.568789, 0.000000, -1.#QNAN0
474.366331, 109.530793, 0.000000, -1.#QNAN0
474.419910, 109.483868, 0.000000, -1.#QNAN0
474.662209, 109.283384, 0.000000, -1.#QNAN0
474.715241, 109.235841, 0.000000, -1.#QNAN0
474.768274, 109.188298, 0.000000, -1.#QNAN0
474.987258, 109.007923, 0.000000, -1.#QNAN0
475.040290, 108.960380, 0.000000, -1.#QNAN0
475.101246, 108.921676, 0.000000, -1.#QNAN0
475.312307, 108.732462, 0.000000, -1.#QNAN0
475.373263, 108.693758, 0.000000, -1.#QNAN0
475.426295, 108.646215, 0.000000, -1.#QNAN0
475.645280, 108.465839, 0.000000, -1.#QNAN0
475.698312, 108.418296, 0.000000, -1.#QNAN0
475.751345, 108.370753, 0.000000, -1.#QNAN0
475.970438, 108.190281, 0.000000, -1.#QNAN0
476.023470, 108.142738, 0.000000, -1.#QNAN0
476.084426, 108.104034, 0.000000, -1.#QNAN0
476.299247, 107.911448, 0.000000, -1.#QNAN0
476.360203, 107.872744, 0.000000, -1.#QNAN0
476.413235, 107.825201, 0.000000, -1.#QNAN0
476.622946, 107.637197, 0.000000, -1.#QNAN0
476.683902, 107.598493, 0.000000, -1.#QNAN0
476.736934, 107.550950, 0.000000, -1.#QNAN0
476.958371, 107.368376, 0.000000, -1.#QNAN0
477.011403, 107.320833, 0.000000, -1.#QNAN0
477.072359, 107.282129, 0.000000, -1.#QNAN0
477.289746, 107.087244, 0.000000, -1.#QNAN0
477.350702, 107.048540, 0.000000, -1.#QNAN0
477.403734, 107.000997, 0.000000, -1.#QNAN0
477.456766, 106.953454, 0.000000, -1.#QNAN0
477.686019, 106.763874, 0.000000, -1.#QNAN0
477.739051, 106.716331, 0.000000, -1.#QNAN0
477.800007, 106.677627, 0.000000, -1.#QNAN0
478.025343, 106.475614, 0.000000, -1.#QNAN0
478.086299, 106.436910, 0.000000, -1.#QNAN0
478.139331, 106.389367, 1.000000, -1.#QNAN0
478.351855, 106.182899, 1.000000, -1.#QNAN0
478.412811, 106.144195, 1.000000, -1.#QNAN0
478.473767, 106.105491, 1.000000, -1.#QNAN0
478.710063, 105.925539, 1.000000, -1.#QNAN0
478.771019, 105.886834, 1.000000, -1.#QNAN0
478.816127, 105.830453, 1.000000, -1.#QNAN0
478.861235, 105.774072, 1.000000, -1.#QNAN0
479.073759, 105.567603, 1.000000, -1.#QNAN0
479.126791, 105.520061, 1.000000, -1.#QNAN0
479.179823, 105.472518, 0.000000, -1.#QNAN0
479.400271, 105.274888, 0.000000, -1.#QNAN0
479.445379, 105.218507, 0.000000, -1.#QNAN0
479.498412, 105.170964, 0.000000, -1.#QNAN0
479.718860, 104.973334, 0.000000, -1.#QNAN0
479.771892, 104.925792, 0.000000, -1.#QNAN0
479.817000, 104.869410, 0.000000, -1.#QNAN0
479.870032, 104.821867, 0.000000, -1.#QNAN0
480.090480, 104.624238, 0.000000, -1.#QNAN0
480.143512, 104.576695, 0.000000, -1.#QNAN0
480.196544, 104.529152, 0.000000, -1.#QNAN0
480.409068, 104.322684, 0.000000, -1.#QNAN0
480.462100, 104.275141, 0.000000, -1.#QNAN0
480.515132, 104.227599, 0.000000, -1.#QNAN0
480.735580, 104.029969, 0.000000, -1.#QNAN0
480.788612, 103.982426, 0.000000, -1.#QNAN0
480.833721, 103.926045, 0.000000, -1.#QNAN0
480.886753, 103.878502, 0.000000, -1.#QNAN0
481.107200, 103.680872, 0.000000, -1.#QNAN0
481.160232, 103.633330, 0.000000, -1.#QNAN0
481.205341, 103.576948, 0.000000, -1.#QNAN0
481.425788, 103.379319, 0.000000, -1.#QNAN0
481.478820, 103.331776, 0.000000, -1.#QNAN0
481.531853, 103.284233, 0.000000, -1.#QNAN0
481.752640, 103.086239, 0.000000, -1.#QNAN0
481.797739, 103.029850, 0.000000, -1.#QNAN0
481.850762, 102.982298, 0.000000, -1.#QNAN0
481.903786, 102.934746, 0.000000, -1.#QNAN0
482.137924, 102.721734, 0.000000, -1.#QNAN0
482.190595, 102.673792, 0.000000, -1.#QNAN0
482.235276, 102.617072, 0.000000, -1.#QNAN0
482.484610, 102.383554, 0.000000, -1.#QNAN0
482.536485, 102.334750, 0.000000, -1.#QNAN0
482.588359, 102.285947, 0.000000, -1.#QNAN0
482.824797, 102.041302, 0.000000, -1.#QNAN0
482.875889, 101.991679, 0.000000, -1.#QNAN0
482.926980, 101.942057, 0.000000, -1.#QNAN0
482.978072, 101.892435, 0.000000, -1.#QNAN0
483.217378, 101.653215, 0.000000, -1.#QNAN0
483.259301, 101.594426, 0.000000, -1.#QNAN0
483.309624, 101.544025, 0.000000, -1.#QNAN0
483.544448, 101.302690, 0.000000, -1.#QNAN0
483.594018, 101.251548, 0.000000, -1.#QNAN0
483.643588, 101.200405, 0.000000, -1.#QNAN0
483.865544, 100.948836, 0.000000, -1.#QNAN0
483.914377, 100.896989, 0.000000, -1.#QNAN0
483.963209, 100.845142, 0.000000, -1.#QNAN0
484.012042, 100.793295, 0.000000, -1.#QNAN0
484.228499, 100.539955, 0.000000, -1.#QNAN0
484.276625, 100.487451, 0.000000, -1.#QNAN0
484.324751, 100.434948, 0.000000, -1.#QNAN0
484.531389, 100.207858, 0.000000, -1.#QNAN0
484.579303, 100.155161, 0.000000, -1.#QNAN0
484.618434, 100.094478, 0.000000, -1.#QNAN0
484.817606, 99.875423, 0.000000, -1.#QNAN0
484.865520, 99.822726, 0.000000, -1.#QNAN0
484.913434, 99.770029, 0.000000, -1.#QNAN0
484.961348, 99.717332, 0.000000, -1.#QNAN0
485.151736, 99.490292, 0.000000, -1.#QNAN0
485.199650, 99.437595, 0.000000, -1.#QNAN0
485.247564, 99.384898, 0.000000, -1.#QNAN0
485.446736, 99.165844, 0.000000, -1.#QNAN0
485.485867, 99.105161, 0.000000, -1.#QNAN0
485.533781, 99.052464, 0.000000, -1.#QNAN0
485.732953, 98.833410, 0.000000, -1.#QNAN0
485.780867, 98.780713, 0.000000, -1.#QNAN0
485.828781, 98.728016, 0.000000, -1.#QNAN0
485.867912, 98.667333, 0.000000, -1.#QNAN0
486.067083, 98.448279, 0.000000, -1.#QNAN0
486.114997, 98.395582, 0.000000, -1.#QNAN0
486.162911, 98.342885, 0.000000, -1.#QNAN0
486.364854, 98.120783, 0.000000, -1.#QNAN0
486.403985, 98.060101, 0.000000, -1.#QNAN0
486.451899, 98.007404, 0.000000, -1.#QNAN0
486.657529, 97.781246, 0.000000, -1.#QNAN0
486.705443, 97.728549, 0.000000, -1.#QNAN0
486.744574, 97.667866, 0.000000, -1.#QNAN0
486.792488, 97.615169, 0.000000, -1.#QNAN0
487.001850, 97.384907, 0.000000, -1.#QNAN0
487.049764, 97.332210, 0.000000, -1.#QNAN0
487.097678, 97.279513, 0.000000, -1.#QNAN0
487.294048, 97.045895, 0.000000, -1.#QNAN0
487.341962, 96.993198, 0.000000, -1.#QNAN0
487.389876, 96.940501, 0.000000, -1.#QNAN0
487.598849, 96.710667, 0.000000, -1.#QNAN0
487.646763, 96.657970, 0.000000, -1.#QNAN0
487.685894, 96.597287, 0.000000, -1.#QNAN0
487.733808, 96.544590, 0.000000, -1.#QNAN0
487.946640, 96.310512, 0.000000, -1.#QNAN0
487.994553, 96.257815, 0.000000, -1.#QNAN0
488.033685, 96.197133, 0.000000, -1.#QNAN0
488.250416, 95.958766, 0.000000, -1.#QNAN0
488.298329, 95.906069, 0.000000, -1.#QNAN0
488.346243, 95.853372, 0.000000, -1.#QNAN0
488.394157, 95.800675, 0.000000, -1.#QNAN0
488.603047, 95.553287, 0.000000, -1.#QNAN0
488.650961, 95.500590, 0.000000, -1.#QNAN0
488.698875, 95.447893, 0.000000, -1.#QNAN0
488.916548, 95.208491, 0.000000, -1.#QNAN0
488.955679, 95.147808, 0.000000, -1.#QNAN0
489.003593, 95.095111, 0.000000, -1.#QNAN0
489.051507, 95.042414, 0.000000, -1.#QNAN0
489.269179, 94.803012, 0.000000, -1.#QNAN0
489.317093, 94.750315, 0.000000, -1.#QNAN0
489.356224, 94.689633, 0.000000, -1.#QNAN0
489.573897, 94.450230, 0.000000, -1.#QNAN0
489.621811, 94.397533, 0.000000, -1.#QNAN0
489.669725, 94.344836, 0.000000, -1.#QNAN0
489.717639, 94.292139, 0.000000, -1.#QNAN0
489.926529, 94.044751, 0.000000, -1.#QNAN0
489.974443, 93.992054, 0.000000, -1.#QNAN0
490.022357, 93.939357, 0.000000, -1.#QNAN0
490.240029, 93.699955, 0.000000, -1.#QNAN0
490.279160, 93.639273, 0.000000, -1.#QNAN0
490.327074, 93.586576, 0.000000, -1.#QNAN0
490.374988, 93.533879, 0.000000, -1.#QNAN0
490.592661, 93.294476, 0.000000, -1.#QNAN0
490.640575, 93.241779, 0.000000, -1.#QNAN0
490.679706, 93.181096, 0.000000, -1.#QNAN0
490.897379, 92.941694, 0.000000, -1.#QNAN0
490.945293, 92.888997, 0.000000, -1.#QNAN0
490.993207, 92.836300, 0.000000, -1.#QNAN0
491.041120, 92.783603, 0.000000, -1.#QNAN0
491.250010, 92.536216, 0.000000, -1.#QNAN0
491.297924, 92.483519, 0.000000, -1.#QNAN0
491.345838, 92.430822, 0.000000, -1.#QNAN0
491.552233, 92.206645, 0.000000, -1.#QNAN0
491.591815, 92.146256, 0.000000, -1.#QNAN0
491.640120, 92.093918, 0.000000, -1.#QNAN0
491.688426, 92.041579, 0.000000, -1.#QNAN0
491.889294, 91.829133, 0.000000, -1.#QNAN0
491.938244, 91.777397, 0.000000, -1.#QNAN0
491.978572, 91.717503, 0.000000, -1.#QNAN0
492.181579, 91.507485, 0.000000, -1.#QNAN0
492.231175, 91.456368, 1.000000, -1.#QNAN0
492.280772, 91.405251, 1.000000, -1.#QNAN0
492.330368, 91.354135, 1.000000, -1.#QNAN0
492.536839, 91.146329, 1.000000, -1.#QNAN0
492.595475, 91.104192, 1.000000, -1.#QNAN0
492.645692, 91.053685, 1.000000, -1.#QNAN0
492.863136, 90.856029, 1.000000, -1.#QNAN0
492.913950, 90.806123, 1.000000, -1.#QNAN0
492.964765, 90.756217, 1.000000, -1.#QNAN0
493.015579, 90.706311, 1.000000, -1.#QNAN0
493.228506, 90.501665, 1.000000, -1.#QNAN0
493.279875, 90.452329, 1.000000, -1.#QNAN0
493.331243, 90.402994, 1.000000, -1.#QNAN0
493.547490, 90.198920, 1.000000, -1.#QNAN0
493.607501, 90.158767, 1.000000, -1.#QNAN0
493.659378, 90.109967, 1.000000, -1.#QNAN0
493.711256, 90.061167, 1.000000, -1.#QNAN0
493.942958, 89.844197, 1.000000, -1.#QNAN0
493.986841, 89.786857, 1.000000, -1.#QNAN0
494.038837, 89.738183, 1.000000, -1.#QNAN0
494.275052, 89.517056, 1.000000, -1.#QNAN0
494.327048, 89.468381, 1.000000, -1.#QNAN0
494.379043, 89.419707, 1.000000, -1.#QNAN0
494.431039, 89.371033, 1.000000, -1.#QNAN0
494.667255, 89.149905, 1.000000, -1.#QNAN0
494.719250, 89.101231, 1.000000, -1.#QNAN0
494.771246, 89.052557, 1.000000, -1.#QNAN0
495.007462, 88.831429, 1.000000, -1.#QNAN0
495.051345, 88.774089, 1.000000, -1.#QNAN0
495.103340, 88.725415, 1.000000, -1.#QNAN0
495.155336, 88.676741, 1.000000, -1.#QNAN0
495.391551, 88.455614, 1.000000, -1.#QNAN0
495.443547, 88.406939, 1.000000, -1.#QNAN0
495.495543, 88.358265, 1.000000, -1.#QNAN0
495.723646, 88.128471, 1.000000, -1.#QNAN0
495.783754, 88.088463, 1.000000, -1.#QNAN0
495.835750, 88.039789, 1.000000, -1.#QNAN0
495.879633, 87.982449, 1.000000, -1.#QNAN0
496.115440, 87.761704, 1.000000, -1.#QNAN0
496.167436, 87.713029, 1.000000, -1.#QNAN0
496.219431, 87.664355, 1.000000, -1.#QNAN0
496.445188, 87.436759, 1.000000, -1.#QNAN0
496.497183, 87.388085, 1.000000, -1.#QNAN0
496.549179, 87.339410, 1.000000, -1.#QNAN0
496.601174, 87.290736, 1.000000, -1.#QNAN0
496.833115, 87.073611, 1.000000, -1.#QNAN0
496.885111, 87.024936, 1.000000, -1.#QNAN0
496.937106, 86.976262, 1.000000, -1.#QNAN0
497.167129, 86.760932, 1.000000, -1.#QNAN0
497.211012, 86.703592, 1.000000, -1.#QNAN0
497.263008, 86.654917, 1.000000, -1.#QNAN0
497.315003, 86.606243, 1.000000, -1.#QNAN0
497.543119, 86.392698, 1.000000, -1.#QNAN0
497.595115, 86.344024, 1.000000, -1.#QNAN0
497.638998, 86.286684, 1.000000, -1.#QNAN0
497.865218, 86.074914, 1.000000, -1.#QNAN0
497.917213, 86.026240, 1.000000, -1.#QNAN0
497.969209, 85.977565, 1.000000, -1.#QNAN0
498.013092, 85.920225, 1.000000, -1.#QNAN0
498.237427, 85.710220, 1.000000, -1.#QNAN0
498.289422, 85.661546, 1.000000, -1.#QNAN0
498.341418, 85.612872, 1.000000, -1.#QNAN0
498.564271, 85.404254, 1.000000, -1.#QNAN0
498.608154, 85.346913, 1.000000, -1.#QNAN0
498.660149, 85.298239, 1.000000, -1.#QNAN0
498.712145, 85.249565, 1.000000, -1.#QNAN0
498.926886, 85.032281, 1.000000, -1.#QNAN0
498.978881, 84.983606, 1.000000, -1.#QNAN0
499.030877, 84.934932, 1.000000, -1.#QNAN0
499.253730, 84.726314, 1.000000, -1.#QNAN0
499.305725, 84.677640, 1.000000, -1.#QNAN0
499.357721, 84.628965, 1.000000, -1.#QNAN0
499.409716, 84.580291, 1.000000, -1.#QNAN0
499.624457, 84.363007, 1.000000, -1.#QNAN0
499.676452, 84.314333, 1.000000, -1.#QNAN0
499.728448, 84.265659, 1.000000, -1.#QNAN0
499.951301, 84.057040, 1.000000, -1.#QNAN0
499.995185, 83.999700, 1.000000, -1.#QNAN0
500.047180, 83.951026, 1.000000, -1.#QNAN0
500.099176, 83.902351, 1.000000, -1.#QNAN0
500.322029, 83.693733, 1.000000, -1.#QNAN0
500.374024, 83.645059, 1.000000, -1.#QNAN0
500.417907, 83.587719, 1.000000, -1.#QNAN0
500.640760, 83.379101, 1.000000, -1.#QNAN0
500.692756, 83.330426, 1.000000, -1.#QNAN0
500.744751, 83.281752, 1.000000, -1.#QNAN0
500.796747, 83.233078, 1.000000, -1.#QNAN0
501.019600, 83.024460, 1.000000, -1.#QNAN0
501.063483, 82.967119, 1.000000, -1.#QNAN0
501.115479, 82.918445, 1.000000, -1.#QNAN0
501.338332, 82.709827, 1.000000, -1.#QNAN0
501.390327, 82.661153, 1.000000, -1.#QNAN0
501.442323, 82.612478, 1.000000, -1.#QNAN0
501.494318, 82.563804, 1.000000, -1.#QNAN0
501.716160, 82.356384, 1.000000, -1.#QNAN0
501.760080, 82.299072, 1.000000, -1.#QNAN0
501.812108, 82.250432, 1.000000, -1.#QNAN0
502.029782, 82.048049, 1.000000, -1.#QNAN0
502.081974, 81.999585, 1.000000, -1.#QNAN0
502.134166, 81.951121, 1.000000, -1.#QNAN0
502.186357, 81.902657, 1.000000, -1.#QNAN0
502.402034, 81.704325, 1.000000, -1.#QNAN0
502.454475, 81.656131, 1.000000, -1.#QNAN0
502.498884, 81.599197, 1.000000, -1.#QNAN0
502.715372, 81.401951, 1.000000, -1.#QNAN0
502.768065, 81.354033, 1.000000, -1.#QNAN0
502.820758, 81.306115, 1.000000, -1.#QNAN0
502.873451, 81.258196, 1.000000, -1.#QNAN0
503.090964, 81.062377, 1.000000, -1.#QNAN0
503.135972, 81.005916, 1.000000, -1.#QNAN0
503.188920, 80.958279, 1.000000, -1.#QNAN0
503.407257, 80.763588, 1.000000, -1.#QNAN0
503.460462, 80.716239, 1.000000, -1.#QNAN0
503.505776, 80.660022, 1.000000, -1.#QNAN0
503.558981, 80.612673, 1.000000, -1.#QNAN0
503.778408, 80.419421, 1.000000, -1.#QNAN0
503.831873, 80.372365, 1.000000, -1.#QNAN0
503.885337, 80.325309, 1.000000, -1.#QNAN0
504.106409, 80.132354, 1.000000, -1.#QNAN0
504.160111, 80.085569, 1.000000, -1.#QNAN0
504.206016, 80.029834, 1.000000, -1.#QNAN0
504.259718, 79.983049, 1.000000, -1.#QNAN0
504.486017, 79.786807, 1.000000, -1.#QNAN0
504.539834, 79.740155, 1.000000, -1.#QNAN0
504.593651, 79.693502, 1.000000, -1.#QNAN0
504.816535, 79.484579, 1.000000, -1.#QNAN0
504.870352, 79.437927, 1.000000, -1.#QNAN0
504.924169, 79.391274, 1.000000, -1.#QNAN0
504.970210, 79.335652, 1.000000, -1.#QNAN0
505.200870, 79.135699, 1.000000, -1.#QNAN0
505.254687, 79.089046, 1.000000, -1.#QNAN0
505.308504, 79.042393, 1.000000, -1.#QNAN0
505.546939, 78.851410, 1.000000, -1.#QNAN0
505.592980, 78.795788, 1.000000, -1.#QNAN0
505.646797, 78.749135, 1.000000, -1.#QNAN0
505.700614, 78.702482, 1.000000, -1.#QNAN0
505.931273, 78.502529, 1.000000, -1.#QNAN0
505.977315, 78.446907, 1.000000, -1.#QNAN0
506.031132, 78.400254, 1.000000, -1.#QNAN0
506.261792, 78.200301, 1.000000, -1.#QNAN0
506.315609, 78.153648, 1.000000, -1.#QNAN0
506.369425, 78.106996, 1.000000, -1.#QNAN0
506.423242, 78.060343, 1.000000, -1.#QNAN0
506.653902, 77.860390, 1.000000, -1.#QNAN0
506.707719, 77.813737, 1.000000, -1.#QNAN0
506.761536, 77.767085, 1.000000, -1.#QNAN0
506.994429, 77.565195, 1.000000, -1.#QNAN0
507.048246, 77.518542, 1.000000, -1.#QNAN0
507.102063, 77.471889, 1.000000, -1.#QNAN0
507.155880, 77.425237, 1.000000, -1.#QNAN0
507.391284, 77.221171, 1.000000, -1.#QNAN0
507.445101, 77.174518, 1.000000, -1.#QNAN0
507.491142, 77.118896, 1.000000, -1.#QNAN0
507.729259, 76.912478, 1.000000, -1.#QNAN0
507.783076, 76.865826, 1.000000, -1.#QNAN0
507.836893, 76.819173, 1.000000, -1.#QNAN0
507.898485, 76.781490, 1.000000, -1.#QNAN0
508.139516, 76.572546, 1.000000, -1.#QNAN0
508.193333, 76.525893, 1.000000, -1.#QNAN0
508.247150, 76.479241, 1.000000, -1.#QNAN0
508.491292, 76.267600, 1.000000, -1.#QNAN0
508.545108, 76.220948, 1.000000, -1.#QNAN0
508.598925, 76.174295, 1.000000, -1.#QNAN0
508.652742, 76.127643, 1.000000, -1.#QNAN0
508.898989, 75.929886, 1.000000, -1.#QNAN0
508.952806, 75.883234, 1.000000, -1.#QNAN0
509.014399, 75.845551, 1.000000, -1.#QNAN0
509.068216, 75.798898, 1.000000, -1.#QNAN0
509.310174, 75.589150, 1.000000, -1.#QNAN0
509.363991, 75.542498, 1.000000, -1.#QNAN0
509.417808, 75.495845, 1.000000, -1.#QNAN0
509.659874, 75.286004, 1.000000, -1.#QNAN0
509.705915, 75.230382, 1.000000, -1.#QNAN0
509.759732, 75.183729, 1.000000, -1.#QNAN0
509.813549, 75.137076, 1.000000, -1.#QNAN0
510.055615, 74.927235, 1.000000, -1.#QNAN0
510.109432, 74.880583, 1.000000, -1.#QNAN0
510.163248, 74.833930, 1.000000, -1.#QNAN0
510.217065, 74.787278, 1.000000, -1.#QNAN0
510.451356, 74.568467, 1.000000, -1.#QNAN0
510.505172, 74.521815, 1.000000, -1.#QNAN0
510.558989, 74.475162, 1.000000, -1.#QNAN0
510.801055, 74.265321, 1.000000, -1.#QNAN0
510.847097, 74.209699, 1.000000, -1.#QNAN0
510.900914, 74.163046, 1.000000, -1.#QNAN0
510.954731, 74.116393, 1.000000, -1.#QNAN0
511.196796, 73.906552, 1.000000, -1.#QNAN0
511.250613, 73.859900, 1.000000, -1.#QNAN0
511.304430, 73.813247, 1.000000, -1.#QNAN0
511.358247, 73.766595, 1.000000, -1.#QNAN0
511.600313, 73.556754, 1.000000, -1.#QNAN0
511.654130, 73.510101, 1.000000, -1.#QNAN0
511.707946, 73.463448, 1.000000, -1.#QNAN0
511.950013, 73.253607, 1.000000, -1.#QNAN0
512.003829, 73.206954, 1.000000, -1.#QNAN0
512.049871, 73.151332, 1.000000, -1.#QNAN0
512.103688, 73.104680, 1.000000, -1.#QNAN0
512.345753, 72.894839, 1.000000, -1.#QNAN0
512.399570, 72.848186, 1.000000, -1.#QNAN0
512.453387, 72.801534, 1.000000, -1.#QNAN0
512.507204, 72.754881, 1.000000, -1.#QNAN0
512.744073, 72.550986, 1.000000, -1.#QNAN0
512.798050, 72.504519, 1.000000, -1.#QNAN0
512.844283, 72.449055, 1.000000, -1.#QNAN0
513.049121, 72.280628, 1.000000, -1.#QNAN0
513.104218, 72.235494, 1.000000, -1.#QNAN0
513.159315, 72.190361, 1.000000, -1.#QNAN0
513.214412, 72.145227, 1.000000, -1.#QNAN0
513.423476, 71.982505, 1.000000, -1.#QNAN0
513.479665, 71.938738, 1.000000, -1.#QNAN0
513.535853, 71.894971, 1.000000, -1.#QNAN0
513.592042, 71.851204, 1.000000, -1.#QNAN0
513.806245, 71.693291, 1.000000, -1.#QNAN0
513.863469, 71.650887, 1.000000, -1.#QNAN0
513.920694, 71.608484, 1.000000, -1.#QNAN0
514.145729, 71.463704, 1.000000, -1.#QNAN0
514.203934, 71.422656, 1.000000, -1.#QNAN0
514.262139, 71.381608, 1.000000, -1.#QNAN0
514.313502, 71.330860, 1.000000, -1.#QNAN0
514.536552, 71.181152, 1.000000, -1.#QNAN0
514.595682, 71.141449, 1.000000, -1.#QNAN0
514.654813, 71.101746, 1.000000, -1.#QNAN0
514.713943, 71.062043, 1.000000, -1.#QNAN0
514.941674, 70.917073, 1.000000, -1.#QNAN0
515.001676, 70.878700, 1.000000, -1.#QNAN0
515.061679, 70.840328, 1.000000, -1.#QNAN0
515.311300, 70.699345, 1.000000, -1.#QNAN0
515.371873, 70.661879, 1.000000, -1.#QNAN0
515.432445, 70.624413, 1.000000, -1.#QNAN0
515.493017, 70.586946, 1.000000, -1.#QNAN0
515.764689, 70.419060, 1.000000, -1.#QNAN0
515.825277, 70.381621, 1.000000, -1.#QNAN0
515.885866, 70.344181, 1.000000, -1.#QNAN0
515.946455, 70.306741, 1.000000, -1.#QNAN0
516.218981, 70.138339, 1.000000, -1.#QNAN0
516.273330, 70.090802, 1.000000, -1.#QNAN0
516.333918, 70.053362, 1.000000, -1.#QNAN0
516.612685, 69.895058, 1.000000, -1.#QNAN0
516.673274, 69.857618, 1.000000, -1.#QNAN0
516.727622, 69.810081, 1.000000, -1.#QNAN0
516.788211, 69.772641, 1.000000, -1.#QNAN0
517.060737, 69.604239, 1.000000, -1.#QNAN0
517.121326, 69.566799, 1.000000, -1.#QNAN0
517.181915, 69.529360, 1.000000, -1.#QNAN0
517.242503, 69.491920, 1.000000, -1.#QNAN0
517.515029, 69.323518, 1.000000, -1.#QNAN0
517.575618, 69.286078, 1.000000, -1.#QNAN0
517.636207, 69.248639, 1.000000, -1.#QNAN0
517.908733, 69.080236, 1.000000, -1.#QNAN0
517.969322, 69.042797, 1.000000, -1.#QNAN0
518.029911, 69.005357, 1.000000, -1.#QNAN0
518.090500, 68.967918, 1.000000, -1.#QNAN0
518.362968, 68.799551, 1.000000, -1.#QNAN0
518.423557, 68.762112, 1.000000, -1.#QNAN0
518.477905, 68.714574, 1.000000, -1.#QNAN0
518.544734, 68.687232, 1.000000, -1.#QNAN0
518.816647, 68.519209, 1.000000, -1.#QNAN0
518.877236, 68.481769, 1.000000, -1.#QNAN0
518.937825, 68.444330, 1.000000, -1.#QNAN0
519.215584, 68.286648, 1.000000, -1.#QNAN0
519.276173, 68.249208, 1.000000, -1.#QNAN0
519.336762, 68.211769, 1.000000, -1.#QNAN0
519.397350, 68.174329, 1.000000, -1.#QNAN0
519.668635, 68.006694, 1.000000, -1.#QNAN0
519.729224, 67.969254, 1.000000, -1.#QNAN0
519.789812, 67.931815, 1.000000, -1.#QNAN0
519.850401, 67.894375, 1.000000, -1.#QNAN0
520.121613, 67.726785, 1.000000, -1.#QNAN0
520.175962, 67.679248, 1.000000, -1.#QNAN0
520.236551, 67.641808, 1.000000, -1.#QNAN0
437.794137, 123.598460, 1.000000, 0.000000
437.858754, 123.566239, 1.000000, 0.000000
437.923371, 123.534017, 1.000000, 0.000000
438.212791, 123.445306, 1.000000, 0.000000
438.277409, 123.413085, 1.000000, 0.000000
438.345505, 123.392212, 1.000000, 0.000000
438.638369, 123.302446, 1.000000, 0.000000
438.702986, 123.270224, 1.000000, 0.000000
438.771082, 123.249352, 1.000000, 0.000000
439.064836, 123.159312, 1.000000, 0.000000
439.129453, 123.127091, 1.000000, 0.000000
439.197549, 123.106218, 1.000000, 0.000000
439.265645, 123.085346, 1.000000, 0.000000
439.555919, 122.983958, 1.000000, 0.000000
439.624015, 122.963085, 1.000000, 0.000000
439.692111, 122.942213, 1.000000, 0.000000
439.982386, 122.840824, 1.000000, 0.000000
440.050482, 122.819952, 1.000000, 0.000000
440.118578, 122.799080, 1.000000, 0.000000
440.183195, 122.766858, 1.000000, 0.000000
440.476949, 122.676819, 1.000000, 0.000000
440.545045, 122.655947, 1.000000, 0.000000
440.609662, 122.623725, 1.000000, 0.000000
440.903415, 122.533686, 1.000000, 0.000000
440.968033, 122.501464, 1.000000, 0.000000
441.036129, 122.480592, 1.000000, 0.000000
441.104225, 122.459719, 1.000000, 0.000000
441.394499, 122.358331, 1.000000, 0.000000
441.462595, 122.337459, 1.000000, 0.000000
441.527212, 122.305237, 1.000000, 0.000000
441.820966, 122.215198, 1.000000, 0.000000
441.885583, 122.182976, 1.000000, 0.000000
441.953679, 122.162104, 1.000000, 0.000000
442.021775, 122.141231, 1.000000, 0.000000
442.312050, 122.039843, 1.000000, 0.000000
442.380146, 122.018971, 1.000000, 0.000000
442.448242, 121.998098, 1.000000, 0.000000
442.738516, 121.896710, 1.000000, 0.000000
442.806612, 121.875838, 1.000000, 0.000000
442.874708, 121.854965, 1.000000, 0.000000
442.939326, 121.822744, 1.000000, 0.000000
443.229601, 121.721355, 1.000000, 0.000000
443.297697, 121.700483, 1.000000, 0.000000
443.365793, 121.679610, 1.000000, 0.000000
443.628460, 121.583505, 1.000000, 0.000000
443.696279, 121.561750, 1.000000, 0.000000
443.764098, 121.539995, 1.000000, 0.000000
443.831917, 121.518240, 1.000000, 0.000000
444.079146, 121.421096, 1.000000, 0.000000
444.146528, 121.398023, 1.000000, 0.000000
444.213911, 121.374951, 1.000000, 0.000000
444.468212, 121.271598, 1.000000, 0.000000
444.531218, 121.236330, 1.000000, 0.000000
444.598241, 121.212233, 1.000000, 0.000000
444.665263, 121.188135, 1.000000, 0.000000
444.924923, 121.090862, 1.000000, 0.000000
444.991609, 121.065848, 1.000000, 0.000000
445.058295, 121.040833, 1.000000, 0.000000
445.315328, 120.928645, 1.000000, 0.000000
445.381700, 120.902808, 1.000000, 0.000000
445.443765, 120.865909, 1.000000, 0.000000
445.510136, 120.840072, 1.000000, 0.000000
445.767885, 120.723744, 1.000000, 0.000000
445.833963, 120.697166, 1.000000, 0.000000
445.900041, 120.670588, 1.000000, 0.000000
446.173467, 120.559202, 1.000000, 0.000000
446.234912, 120.521279, 1.000000, 0.000000
446.300845, 120.494344, 1.000000, 0.000000
446.366779, 120.467409, 1.000000, 0.000000
446.646072, 120.340402, 1.000000, 0.000000
446.711998, 120.313448, 1.000000, 0.000000
446.777923, 120.286494, 1.000000, 0.000000
447.057822, 120.159232, 1.000000, 0.000000
447.123748, 120.132278, 1.000000, 0.000000
447.189673, 120.105324, 1.000000, 0.000000
447.255599, 120.078370, 1.000000, 0.000000
447.539990, 119.962096, 1.000000, 0.000000
447.605915, 119.935142, 1.000000, 0.000000
447.671841, 119.908188, 1.000000, 0.000000
447.951739, 119.780926, 1.000000, 0.000000
448.017665, 119.753972, 1.000000, 0.000000
448.083591, 119.727018, 1.000000, 0.000000
448.149516, 119.700064, 1.000000, 0.000000
448.429415, 119.572802, 1.000000, 0.000000
448.495341, 119.545848, 1.000000, 0.000000
448.565759, 119.529881, 1.000000, 0.000000
448.842310, 119.391164, 1.000000, 0.000000
448.908235, 119.364210, 1.000000, 0.000000
448.974161, 119.337256, 1.000000, 0.000000
449.040087, 119.310302, 1.000000, 0.000000
449.326285, 119.180464, 1.000000, 0.000000
449.392211, 119.153510, 1.000000, 0.000000
449.458137, 119.126556, 1.000000, 0.000000
449.754587, 119.005351, 1.000000, 0.000000
449.820512, 118.978397, 1.000000, 0.000000
449.886438, 118.951443, 1.000000, 0.000000
449.952364, 118.924489, 1.000000, 0.000000
450.239673, 118.794197, 1.000000, 0.000000
450.305599, 118.767243, 1.000000, 0.000000
450.376017, 118.751277, 1.000000, 0.000000
450.437450, 118.713335, 1.000000, 0.000000
450.736149, 118.591211, 1.000000, 0.000000
450.802075, 118.564257, 1.000000, 0.000000
450.868000, 118.537303, 1.000000, 0.000000
451.174131, 118.412140, 1.000000, 0.000000
451.240056, 118.385186, 1.000000, 0.000000
451.305982, 118.358232, 1.000000, 0.000000
451.371908, 118.331278, 1.000000, 0.000000
451.670498, 118.196374, 1.000000, 0.000000
451.736424, 118.169420, 1.000000, 0.000000
451.802350, 118.142466, 1.000000, 0.000000
451.868276, 118.115512, 1.000000, 0.000000
452.173227, 117.978007, 1.000000, 0.000000
452.239152, 117.951053, 1.000000, 0.000000
452.305078, 117.924099, 1.000000, 0.000000
452.366511, 117.886157, 1.000000, 0.000000
452.675955, 117.759640, 1.000000, 0.000000
452.741881, 117.732686, 1.000000, 0.000000
452.803315, 117.694744, 1.000000, 0.000000
453.112758, 117.568227, 1.000000, 0.000000
453.178684, 117.541273, 1.000000, 0.000000
453.240117, 117.503331, 1.000000, 0.000000
453.306043, 117.476377, 1.000000, 0.000000
453.615486, 117.349860, 1.000000, 0.000000
453.681412, 117.322906, 1.000000, 0.000000
453.747338, 117.295952, 1.000000, 0.000000
453.808771, 117.258010, 1.000000, 0.000000
454.118215, 117.131493, 1.000000, 0.000000
454.184141, 117.104539, 1.000000, 0.000000
454.250067, 117.077585, 1.000000, 0.000000
454.315992, 117.050631, 1.000000, 0.000000
454.620943, 116.913126, 1.000000, 0.000000
454.686869, 116.886172, 1.000000, 0.000000
454.752795, 116.859218, 1.000000, 0.000000
454.818721, 116.832264, 1.000000, 0.000000
455.123672, 116.694759, 1.000000, 0.000000
455.189598, 116.667805, 1.000000, 0.000000
455.255523, 116.640851, 1.000000, 0.000000
455.321449, 116.613897, 1.000000, 0.000000
455.630893, 116.487379, 1.000000, 0.000000
455.696819, 116.460425, 1.000000, 0.000000
455.762744, 116.433471, 1.000000, 0.000000
456.057781, 116.311060, 1.000000, 0.000000
456.123539, 116.283699, 1.000000, 0.000000
456.189297, 116.256339, 1.000000, 0.000000
456.255055, 116.228978, 1.000000, 0.000000
456.485384, 116.111790, 1.000000, 0.000000
456.550246, 116.082367, 1.000000, 0.000000
456.615107, 116.052945, 1.000000, 0.000000
456.679969, 116.023523, 1.000000, 0.000000
456.893932, 115.915681, 1.000000, 0.000000
456.957594, 115.883746, 1.000000, 0.000000
457.021256, 115.851811, 1.000000, 0.000000
457.084919, 115.819876, 1.000000, 0.000000
457.297659, 115.702012, 1.000000, 0.000000
457.360075, 115.667705, 1.000000, 0.000000
457.422492, 115.633399, 1.000000, 0.000000
457.484908, 115.599093, 1.000000, 0.000000
457.687566, 115.462385, 1.000000, 0.000000
457.748662, 115.425778, 1.000000, 0.000000
457.809757, 115.389172, 1.000000, 0.000000
457.870853, 115.352565, 1.000000, 0.000000
458.080944, 115.215021, 1.000000, 0.000000
458.134307, 115.166379, 1.000000, 0.000000
458.194115, 115.127705, 1.000000, 0.000000
458.405452, 114.982122, 1.000000, 0.000000
458.464003, 114.941568, 1.000000, 0.000000
458.515794, 114.891257, 1.000000, 0.000000
458.574345, 114.850704, 1.000000, 0.000000
458.801883, 114.686215, 1.000000, 0.000000
458.859536, 114.644396, 1.000000, 0.000000
458.917189, 114.602577, 1.000000, 0.000000
458.974842, 114.560758, 1.000000, 0.000000
459.238484, 114.354859, 1.000000, 0.000000
459.296138, 114.313040, 1.000000, 0.000000
459.353791, 114.271221, 1.000000, 0.000000
459.411444, 114.229402, 1.000000, 0.000000
459.682056, 114.033112, 1.000000, 0.000000
459.739709, 113.991293, 1.000000, 0.000000
459.797362, 113.949474, 1.000000, 0.000000
459.855015, 113.907655, 1.000000, 0.000000
460.125627, 113.711365, 1.000000, 0.000000
460.183280, 113.669546, 1.000000, 0.000000
460.240933, 113.627727, 1.000000, 0.000000
460.298586, 113.585908, 1.000000, 0.000000
460.569198, 113.389617, 1.000000, 0.000000
460.626852, 113.347798, 1.000000, 0.000000
460.684505, 113.305979, 1.000000, 0.000000
460.955116, 113.109689, 1.000000, 0.000000
461.012770, 113.067870, 1.000000, 0.000000
461.070423, 113.026051, 1.000000, 0.000000
461.121106, 112.974623, 1.000000, 0.000000
461.391718, 112.778334, 1.000000, 0.000000
461.449371, 112.736515, 1.000000, 0.000000
461.507024, 112.694696, 1.000000, 0.000000
461.557707, 112.643268, 1.000000, 0.000000
461.828319, 112.446977, 1.000000, 0.000000
461.885973, 112.405158, 1.000000, 0.000000
461.943626, 112.363339, 1.000000, 0.000000
461.994309, 112.311911, 1.000000, 0.000000
462.255611, 112.107710, 1.000000, 0.000000
462.313264, 112.065891, 1.000000, 0.000000
462.370917, 112.024072, 1.000000, 0.000000
462.421601, 111.972644, 1.000000, 0.000000
462.686517, 111.780485, 1.000000, 0.000000
462.744170, 111.738666, 1.000000, 0.000000
462.801823, 111.696847, 1.000000, 0.000000
463.056481, 111.497465, 1.000000, 0.000000
463.114134, 111.455646, 1.000000, 0.000000
463.171788, 111.413827, 1.000000, 0.000000
463.222471, 111.362399, 1.000000, 0.000000
463.471273, 111.181928, 1.000000, 0.000000
463.521957, 111.130501, 1.000000, 0.000000
463.579610, 111.088682, 1.000000, 0.000000
463.818307, 110.900877, 1.000000, 0.000000
463.875960, 110.859058, 1.000000, 0.000000
463.926643, 110.807630, 1.000000, 0.000000
463.984296, 110.765811, 1.000000, 0.000000
464.219946, 110.580216, 1.000000, 0.000000
464.270630, 110.528788, 1.000000, 0.000000
464.328283, 110.486969, 1.000000, 0.000000
464.551374, 110.310484, 1.000000, 0.000000
464.602057, 110.259056, 1.000000, 0.000000
464.652741, 110.207628, 1.000000, 0.000000
464.882194, 110.041193, 1.000000, 0.000000
464.932877, 109.989765, 1.000000, 0.000000
464.990530, 109.947946, 1.000000, 0.000000
465.213013, 109.771902, 1.000000, 0.000000
465.263697, 109.720474, 1.000000, 0.000000
465.321350, 109.678655, 1.000000, 0.000000
465.543833, 109.502611, 1.000000, 0.000000
465.601486, 109.460792, 1.000000, 0.000000
465.652169, 109.409364, 1.000000, 0.000000
465.874652, 109.233320, 1.000000, 0.000000
465.932306, 109.191501, 1.000000, 0.000000
465.982989, 109.140073, 1.000000, 0.000000
466.212442, 108.973638, 1.000000, 0.000000
466.270095, 108.931819, 1.000000, 0.000000
466.320779, 108.880391, 1.000000, 0.000000
466.550231, 108.713956, 1.000000, 0.000000
466.600915, 108.662528, 0.000000, 0.000000
466.651598, 108.611100, 0.000000, 0.000000
466.874081, 108.435056, 0.000000, 0.000000
466.924764, 108.383628, 0.000000, 0.000000
466.975448, 108.332201, 0.000000, 0.000000
467.197931, 108.156156, 0.000000, 0.000000
467.248615, 108.104728, 0.000000, 0.000000
467.299298, 108.053301, 0.000000, 0.000000
467.521781, 107.877257, 0.000000, 0.000000
467.572464, 107.825829, 0.000000, 0.000000
467.623148, 107.774401, 0.000000, 0.000000
467.845631, 107.598357, 0.000000, 0.000000
467.889344, 107.537320, 0.000000, 0.000000
467.940027, 107.485892, 0.000000, 0.000000
468.161456, 107.310485, 0.000000, 0.000000
468.212117, 107.259036, 0.000000, 0.000000
468.262779, 107.207587, 0.000000, 0.000000
468.480861, 107.034076, 0.000000, 0.000000
468.531436, 106.982541, 0.000000, 0.000000
468.582010, 106.931006, 0.000000, 0.000000
468.774531, 106.772758, 0.000000, 0.000000
468.824508, 106.720643, 0.000000, 0.000000
468.874484, 106.668527, 0.000000, 0.000000
469.068387, 106.506039, 0.000000, 0.000000
469.117832, 106.453419, 0.000000, 0.000000
469.174473, 106.410239, 1.000000, 0.000000
469.363957, 106.247624, 1.000000, 0.000000
469.412812, 106.194456, 1.000000, 0.000000
469.468968, 106.150647, 1.000000, 0.000000
469.653524, 105.988050, 1.000000, 0.000000
469.701721, 105.934286, 1.000000, 0.000000
469.757335, 105.889790, 1.000000, 0.000000
469.936381, 105.727400, 1.000000, 0.000000
469.983846, 105.672988, 1.000000, 0.000000
470.038851, 105.627742, 1.000000, 0.000000
470.211726, 105.465812, 1.000000, 0.000000
470.258369, 105.410693, 1.000000, 0.000000
470.312689, 105.364627, 1.000000, 0.000000
470.480492, 105.202105, 1.000000, 0.000000
470.534071, 105.155179, 1.000000, 0.000000
470.579829, 105.099324, 1.000000, 0.000000
470.763700, 104.934753, 1.000000, 0.000000
470.808809, 104.878372, 1.000000, 0.000000
470.853917, 104.821990, 1.000000, 0.000000
471.057054, 104.623937, 1.000000, 0.000000
471.110086, 104.576395, 1.000000, 0.000000
471.155195, 104.520013, 1.000000, 0.000000
471.366256, 104.330799, 1.000000, 0.000000
471.411364, 104.274417, 1.000000, 0.000000
471.456472, 104.218036, 1.000000, 0.000000
473.830731, 106.441781, -1.000000, 0.000000
473.883763, 106.394238, -1.000000, 0.000000
473.936795, 106.346695, -1.000000, 0.000000
474.147964, 106.157384, -1.000000, 0.000000
474.200996, 106.109841, -1.000000, 0.000000
474.254028, 106.062298, -1.000000, 0.000000
474.468850, 105.869713, -1.000000, 0.000000
474.521882, 105.822170, -1.000000, 0.000000
474.574914, 105.774627, -1.000000, 0.000000
474.784625, 105.586623, -1.000000, 0.000000
474.837657, 105.539080, -1.000000, 0.000000
474.890689, 105.491537, -1.000000, 0.000000
475.104202, 105.300125, -1.000000, 0.000000
475.157235, 105.252582, -1.000000, 0.000000
475.210267, 105.205039, -1.000000, 0.000000
475.427653, 105.010154, -1.000000, 0.000000
475.480685, 104.962611, -1.000000, 0.000000
475.533717, 104.915069, -1.000000, 0.000000
475.586749, 104.867526, -1.000000, 0.000000
475.808078, 104.669106, -1.000000, 0.000000
475.861110, 104.621564, -1.000000, 0.000000
475.914142, 104.574021, -1.000000, 0.000000
476.139480, 104.372008, -1.000000, 0.000000
476.192512, 104.324465, -1.000000, 0.000000
476.245544, 104.276923, -1.000000, 0.000000
476.465991, 104.079293, -1.000000, 0.000000
476.519024, 104.031750, -1.000000, 0.000000
476.572056, 103.984208, -1.000000, 0.000000
476.792504, 103.786578, -1.000000, 0.000000
476.845536, 103.739035, -1.000000, 0.000000
476.898568, 103.691492, -1.000000, 0.000000
476.951600, 103.643949, -1.000000, 0.000000
477.172048, 103.446320, -1.000000, 0.000000
477.225080, 103.398777, -1.000000, 0.000000
477.278112, 103.351234, -1.000000, 0.000000
477.498560, 103.153605, -1.000000, 0.000000
477.551592, 103.106062, -1.000000, 0.000000
477.604624, 103.058519, -1.000000, 0.000000
477.825072, 102.860890, -1.000000, 0.000000
477.878104, 102.813347, -1.000000, 0.000000
477.931136, 102.765804, -1.000000, 0.000000
477.984168, 102.718261, -1.000000, 0.000000
478.204616, 102.520632, -1.000000, 0.000000
478.257648, 102.473089, -1.000000, 0.000000
478.310680, 102.425546, -1.000000, 0.000000
478.531128, 102.227917, -1.000000, 0.000000
478.584160, 102.180374, -1.000000, 0.000000
478.637192, 102.132831, -1.000000, 0.000000
478.857640, 101.935202, -1.000000, 0.000000
478.910672, 101.887659, -1.000000, 0.000000
478.963704, 101.840116, -1.000000, 0.000000
479.016736, 101.792573, -1.000000, 0.000000
479.237184, 101.594944, -1.000000, 0.000000
479.290216, 101.547401, -1.000000, 0.000000
479.343248, 101.499858, -1.000000, 0.000000
479.563696, 101.302229, -1.000000, 0.000000
479.616728, 101.254686, -1.000000, 0.000000
479.669760, 101.207143, -1.000000, 0.000000
479.890179, 101.009481, -1.000000, 0.000000
479.943202, 100.961928, -1.000000, 0.000000
479.996226, 100.914376, -1.000000, 0.000000
480.049249, 100.866824, -1.000000, 0.000000
480.268188, 100.667545, -1.000000, 0.000000
480.320860, 100.619603, -1.000000, 0.000000
480.373531, 100.571661, -1.000000, 0.000000
480.589423, 100.369089, -1.000000, 0.000000
480.641298, 100.320286, -1.000000, 0.000000
480.693172, 100.271483, -1.000000, 0.000000
480.906067, 100.065764, -1.000000, 0.000000
480.957158, 100.016141, -1.000000, 0.000000
481.008250, 99.966519, -1.000000, 0.000000
481.059341, 99.916897, -1.000000, 0.000000
481.268519, 99.707392, -1.000000, 0.000000
481.318842, 99.656991, -1.000000, 0.000000
481.369165, 99.606589, -1.000000, 0.000000
481.575464, 99.394251, -1.000000, 0.000000
481.625034, 99.343109, -1.000000, 0.000000
481.674604, 99.291966, -1.000000, 0.000000
481.878079, 99.076922, -1.000000, 0.000000
481.926912, 99.025075, -1.000000, 0.000000
481.975744, 98.973228, -1.000000, 0.000000
482.024577, 98.921381, -1.000000, 0.000000
482.224625, 98.703139, -1.000000, 0.000000
482.272751, 98.650636, -1.000000, 0.000000
482.320877, 98.598132, -1.000000, 0.000000
482.520120, 98.379143, -1.000000, 0.000000
482.568034, 98.326446, -1.000000, 0.000000
482.615948, 98.273749, -1.000000, 0.000000
482.815120, 98.054694, -1.000000, 0.000000
482.863033, 98.001997, -1.000000, 0.000000
482.910947, 97.949300, -1.000000, 0.000000
482.958861, 97.896603, -1.000000, 0.000000
483.158033, 97.677549, -1.000000, 0.000000
483.205947, 97.624852, -1.000000, 0.000000
483.253861, 97.572155, -1.000000, 0.000000
483.453032, 97.353101, -1.000000, 0.000000
483.500946, 97.300404, -1.000000, 0.000000
483.548860, 97.247707, -1.000000, 0.000000
483.748032, 97.028652, -1.000000, 0.000000
483.795946, 96.975955, -1.000000, 0.000000
483.843860, 96.923258, -1.000000, 0.000000
483.891774, 96.870561, -1.000000, 0.000000
484.090946, 96.651507, -1.000000, 0.000000
484.138860, 96.598810, -1.000000, 0.000000
484.186773, 96.546113, -1.000000, 0.000000
484.388716, 96.324011, -1.000000, 0.000000
484.436630, 96.271314, -1.000000, 0.000000
484.484544, 96.218617, -1.000000, 0.000000
484.690174, 95.992460, -1.000000, 0.000000
484.738088, 95.939763, -1.000000, 0.000000
484.786002, 95.887066, -1.000000, 0.000000
484.833916, 95.834369, -1.000000, 0.000000
485.043278, 95.604106, -1.000000, 0.000000
485.091192, 95.551409, -1.000000, 0.000000
485.139106, 95.498712, -1.000000, 0.000000
485.344259, 95.273079, -1.000000, 0.000000
485.392173, 95.220382, -1.000000, 0.000000
485.440087, 95.167685, -1.000000, 0.000000
485.649059, 94.937852, -1.000000, 0.000000
485.696973, 94.885155, -1.000000, 0.000000
485.744887, 94.832458, -1.000000, 0.000000
485.792801, 94.779761, -1.000000, 0.000000
486.005633, 94.545683, -1.000000, 0.000000
486.053547, 94.492986, -1.000000, 0.000000
486.101461, 94.440289, -1.000000, 0.000000
486.318192, 94.201922, -1.000000, 0.000000
486.366106, 94.149225, -1.000000, 0.000000
486.414020, 94.096528, -1.000000, 0.000000
486.461934, 94.043831, -1.000000, 0.000000
486.679607, 93.804429, -1.000000, 0.000000
486.727521, 93.751732, -1.000000, 0.000000
486.775435, 93.699035, -1.000000, 0.000000
486.993107, 93.459633, -1.000000, 0.000000
487.041021, 93.406936, -1.000000, 0.000000
487.088935, 93.354239, -1.000000, 0.000000
487.136849, 93.301542, -1.000000, 0.000000
487.354521, 93.062140, -1.000000, 0.000000
487.402435, 93.009443, -1.000000, 0.000000
487.450349, 92.956746, -1.000000, 0.000000
487.668022, 92.717343, -1.000000, 0.000000
487.715936, 92.664646, -1.000000, 0.000000
487.763850, 92.611949, -1.000000, 0.000000
487.811764, 92.559252, -1.000000, 0.000000
488.029437, 92.319850, -1.000000, 0.000000
488.077350, 92.267153, -1.000000, 0.000000
488.125264, 92.214456, -1.000000, 0.000000
488.342937, 91.975054, -1.000000, 0.000000
488.390851, 91.922357, -1.000000, 0.000000
488.438765, 91.869660, -1.000000, 0.000000
488.486679, 91.816963, -1.000000, 0.000000
488.704352, 91.577560, -1.000000, 0.000000
488.752266, 91.524863, -1.000000, 0.000000
488.800180, 91.472166, -1.000000, 0.000000
489.017852, 91.232764, -1.000000, 0.000000
489.065766, 91.180067, -1.000000, 0.000000
489.113680, 91.127370, -1.000000, 0.000000
489.161594, 91.074673, -1.000000, 0.000000
489.379266, 90.835271, -1.000000, 0.000000
489.427180, 90.782574, -1.000000, 0.000000
489.475094, 90.729877, -1.000000, 0.000000
489.694217, 90.491807, -1.000000, 0.000000
489.742522, 90.439469, -1.000000, 0.000000
489.790827, 90.387130, -1.000000, 0.000000
489.839133, 90.334792, -1.000000, 0.000000
490.061295, 90.099559, -1.000000, 0.000000
490.110245, 90.047823, -1.000000, 0.000000
490.159196, 89.996087, -1.000000, 0.000000
490.383971, 89.763350, -1.000000, 0.000000
490.433567, 89.712233, -1.000000, 0.000000
490.483164, 89.661116, -1.000000, 0.000000
490.532760, 89.609999, -1.000000, 0.000000
490.760691, 89.380345, -1.000000, 0.000000
490.810908, 89.329838, -1.000000, 0.000000
490.861126, 89.279332, -1.000000, 0.000000
491.091478, 89.052110, -1.000000, 0.000000
491.142293, 89.002204, -1.000000, 0.000000
491.193107, 88.952298, -1.000000, 0.000000
491.243922, 88.902392, -1.000000, 0.000000
491.477105, 88.678073, -1.000000, 0.000000
491.528473, 88.628738, -1.000000, 0.000000
491.579842, 88.579402, -1.000000, 0.000000
491.815099, 88.357259, -1.000000, 0.000000
491.866977, 88.308459, -1.000000, 0.000000
491.918855, 88.259659, -1.000000, 0.000000
491.970733, 88.210859, -1.000000, 0.000000
492.206909, 87.989690, -1.000000, 0.000000
492.258905, 87.941016, -1.000000, 0.000000
492.310900, 87.892342, -1.000000, 0.000000
492.547116, 87.671215, -1.000000, 0.000000
492.599111, 87.622540, -1.000000, 0.000000
492.651107, 87.573866, -1.000000, 0.000000
492.703102, 87.525192, -1.000000, 0.000000
492.939318, 87.304064, -1.000000, 0.000000
492.991314, 87.255390, -1.000000, 0.000000
493.043309, 87.206716, -1.000000, 0.000000
493.279525, 86.985588, -1.000000, 0.000000
493.331521, 86.936914, -1.000000, 0.000000
493.383516, 86.888240, -1.000000, 0.000000
493.435512, 86.839566, -1.000000, 0.000000
493.671727, 86.618438, -1.000000, 0.000000
493.723723, 86.569764, -1.000000, 0.000000
493.775718, 86.521090, -1.000000, 0.000000
494.011935, 86.299962, -1.000000, 0.000000
494.063930, 86.251288, -1.000000, 0.000000
494.115926, 86.202614, -1.000000, 0.000000
494.167921, 86.153939, -1.000000, 0.000000
494.403728, 85.933194, -1.000000, 0.000000
494.455724, 85.884520, -1.000000, 0.000000
494.507719, 85.835846, -1.000000, 0.000000
494.741588, 85.616916, -1.000000, 0.000000
494.793584, 85.568241, -1.000000, 0.000000
494.845579, 85.519567, -1.000000, 0.000000
494.897575, 85.470893, -1.000000, 0.000000
495.129516, 85.253767, -1.000000, 0.000000
495.181511, 85.205093, -1.000000, 0.000000
495.233507, 85.156419, -1.000000, 0.000000
495.463530, 84.941089, -1.000000, 0.000000
495.515525, 84.892414, -1.000000, 0.000000
495.567521, 84.843740, -1.000000, 0.000000
495.619516, 84.795066, -1.000000, 0.000000
495.847632, 84.581521, -1.000000, 0.000000
495.899628, 84.532847, -1.000000, 0.000000
495.951623, 84.484172, -1.000000, 0.000000
496.177843, 84.272402, -1.000000, 0.000000
496.229839, 84.223728, -1.000000, 0.000000
496.281834, 84.175054, -1.000000, 0.000000
496.333830, 84.126380, -1.000000, 0.000000
496.558164, 83.916375, -1.000000, 0.000000
496.610160, 83.867700, -1.000000, 0.000000
496.662155, 83.819026, -1.000000, 0.000000
496.885008, 83.610408, -1.000000, 0.000000
496.937004, 83.561734, -1.000000, 0.000000
496.988999, 83.513060, -1.000000, 0.000000
497.040995, 83.464385, -1.000000, 0.000000
497.263848, 83.255767, -1.000000, 0.000000
497.315844, 83.207093, -1.000000, 0.000000
497.367839, 83.158418, -1.000000, 0.000000
497.590692, 82.949800, -1.000000, 0.000000
497.642688, 82.901126, -1.000000, 0.000000
497.694683, 82.852452, -1.000000, 0.000000
497.746679, 82.803777, -1.000000, 0.000000
497.969532, 82.595159, -1.000000, 0.000000
498.021527, 82.546485, -1.000000, 0.000000
498.073523, 82.497811, -1.000000, 0.000000
498.296376, 82.289192, -1.000000, 0.000000
498.348372, 82.240518, -1.000000, 0.000000
498.400367, 82.191844, -1.000000, 0.000000
498.452363, 82.143170, -1.000000, 0.000000
498.675216, 81.934551, -1.000000, 0.000000
498.727211, 81.885877, -1.000000, 0.000000
498.779207, 81.837203, -1.000000, 0.000000
499.002060, 81.628585, -1.000000, 0.000000
499.054055, 81.579911, -1.000000, 0.000000
499.106051, 81.531236, -1.000000, 0.000000
499.158046, 81.482562, -1.000000, 0.000000
499.380900, 81.273944, -1.000000, 0.000000
499.432895, 81.225269, -1.000000, 0.000000
499.484891, 81.176595, -1.000000, 0.000000
499.707744, 80.967977, -1.000000, 0.000000
499.759739, 80.919303, -1.000000, 0.000000
499.811735, 80.870628, -1.000000, 0.000000
499.863730, 80.821954, -1.000000, 0.000000
500.086709, 80.613470, -1.000000, 0.000000
500.138736, 80.564830, -1.000000, 0.000000
500.190763, 80.516190, -1.000000, 0.000000
500.414319, 80.308327, -1.000000, 0.000000
500.466511, 80.259863, -1.000000, 0.000000
500.518703, 80.211399, -1.000000, 0.000000
500.570894, 80.162935, -1.000000, 0.000000
500.795573, 79.956287, -1.000000, 0.000000
500.848014, 79.908094, -1.000000, 0.000000
500.900455, 79.859900, -1.000000, 0.000000
501.126087, 79.654294, -1.000000, 0.000000
501.178780, 79.606376, -1.000000, 0.000000
501.231473, 79.558457, -1.000000, 0.000000
501.284166, 79.510539, -1.000000, 0.000000
501.511015, 79.306275, -1.000000, 0.000000
501.563963, 79.258639, -1.000000, 0.000000
501.616911, 79.211002, -1.000000, 0.000000
501.844732, 79.007825, -1.000000, 0.000000
501.897937, 78.960475, -1.000000, 0.000000
501.951142, 78.913126, -1.000000, 0.000000
502.004346, 78.865777, -1.000000, 0.000000
502.233408, 78.663999, -1.000000, 0.000000
502.286873, 78.616943, -1.000000, 0.000000
502.340338, 78.569887, -1.000000, 0.000000
502.570306, 78.369141, -1.000000, 0.000000
502.624008, 78.322356, -1.000000, 0.000000
502.677710, 78.275572, -1.000000, 0.000000
502.731412, 78.228787, -1.000000, 0.000000
502.962033, 78.028789, -1.000000, 0.000000
503.015850, 77.982137, -1.000000, 0.000000
503.069667, 77.935484, -1.000000, 0.000000
503.300326, 77.735531, -1.000000, 0.000000
503.354143, 77.688878, -1.000000, 0.000000
503.407960, 77.642226, -1.000000, 0.000000
503.461777, 77.595573, -1.000000, 0.000000
503.692437, 77.395620, -1.000000, 0.000000
503.746254, 77.348967, -1.000000, 0.000000
503.800070, 77.302314, -1.000000, 0.000000
504.030730, 77.102361, -1.000000, 0.000000
504.084547, 77.055709, -1.000000, 0.000000
504.138364, 77.009056, -1.000000, 0.000000
504.192181, 76.962403, -1.000000, 0.000000
504.422840, 76.762450, -1.000000, 0.000000
504.476657, 76.715798, -1.000000, 0.000000
504.530474, 76.669145, -1.000000, 0.000000
504.761134, 76.469191, -1.000000, 0.000000
504.814951, 76.422539, -1.000000, 0.000000
504.868768, 76.375886, -1.000000, 0.000000
504.922584, 76.329234, -1.000000, 0.000000
505.153244, 76.129280, -1.000000, 0.000000
505.207061, 76.082628, -1.000000, 0.000000
505.260878, 76.035975, -1.000000, 0.000000
505.493772, 75.834085, -1.000000, 0.000000
505.547589, 75.787432, -1.000000, 0.000000
505.601405, 75.740780, -1.000000, 0.000000
505.655222, 75.694127, -1.000000, 0.000000
505.890626, 75.490061, -1.000000, 0.000000
505.944443, 75.443409, -1.000000, 0.000000
505.998260, 75.396756, -1.000000, 0.000000
506.236377, 75.190338, -1.000000, 0.000000
506.290194, 75.143686, -1.000000, 0.000000
506.344011, 75.097033, -1.000000, 0.000000
506.397827, 75.050380, -1.000000, 0.000000
506.638859, 74.841436, -1.000000, 0.000000
506.692675, 74.794784, -1.000000, 0.000000
506.746492, 74.748131, -1.000000, 0.000000
506.990634, 74.536491, -1.000000, 0.000000
507.044451, 74.489838, -1.000000, 0.000000
507.098267, 74.443186, -1.000000, 0.000000
507.152084, 74.396533, -1.000000, 0.000000
507.390556, 74.189807, -1.000000, 0.000000
507.444373, 74.143155, -1.000000, 0.000000
507.498190, 74.096502, -1.000000, 0.000000
507.552007, 74.049850, -1.000000, 0.000000
507.793965, 73.840102, -1.000000, 0.000000
507.847782, 73.793449, -1.000000, 0.000000
507.901599, 73.746797, -1.000000, 0.000000
508.143665, 73.536955, -1.000000, 0.000000
508.197482, 73.490303, -1.000000, 0.000000
508.251299, 73.443650, -1.000000, 0.000000
508.305116, 73.396997, -1.000000, 0.000000
508.547181, 73.187156, -1.000000, 0.000000
508.600998, 73.140504, -1.000000, 0.000000
508.654815, 73.093851, -1.000000, 0.000000
508.708632, 73.047199, -1.000000, 0.000000
508.950698, 72.837358, -1.000000, 0.000000
509.004515, 72.790705, -1.000000, 0.000000
509.058331, 72.744052, -1.000000, 0.000000
509.300398, 72.534211, -1.000000, 0.000000
509.354214, 72.487559, -1.000000, 0.000000
509.408031, 72.440906, -1.000000, 0.000000
509.461848, 72.394253, -1.000000, 0.000000
509.703914, 72.184412, -1.000000, 0.000000
509.757731, 72.137760, -1.000000, 0.000000
509.811548, 72.091107, -1.000000, 0.000000
509.865365, 72.044455, -1.000000, 0.000000
510.107430, 71.834614, -1.000000, 0.000000
510.161247, 71.787961, -1.000000, 0.000000
510.215064, 71.741308, -1.000000, 0.000000
510.457130, 71.531467, -1.000000, 0.000000
510.510947, 71.484814, -1.000000, 0.000000
510.564764, 71.438162, -1.000000, 0.000000
510.618581, 71.391509, -1.000000, 0.000000
510.860647, 71.181668, -1.000000, 0.000000
510.914463, 71.135016, -1.000000, 0.000000
510.968280, 71.088363, -1.000000, 0.000000
511.022097, 71.041711, -1.000000, 0.000000
511.264870, 70.832715, -1.000000, 0.000000
511.318847, 70.786248, -1.000000, 0.000000
511.372825, 70.739781, -1.000000, 0.000000
511.619884, 70.535896, -1.000000, 0.000000
511.674981, 70.490762, -1.000000, 0.000000
511.730078, 70.445628, -1.000000, 0.000000
511.785174, 70.400495, -1.000000, 0.000000
512.037526, 70.203193, -1.000000, 0.000000
512.093714, 70.159426, -1.000000, 0.000000
512.149903, 70.115659, -1.000000, 0.000000
512.206092, 70.071892, -1.000000, 0.000000
512.463464, 69.881179, -1.000000, 0.000000
512.520689, 69.838775, -1.000000, 0.000000
512.577914, 69.796371, -1.000000, 0.000000
512.839041, 69.610852, -1.000000, 0.000000
512.897246, 69.569804, -1.000000, 0.000000
512.955451, 69.528756, -1.000000, 0.000000
513.013656, 69.487708, -1.000000, 0.000000
513.279290, 69.308692, -1.000000, 0.000000
513.338421, 69.268989, -1.000000, 0.000000
513.397551, 69.229286, -1.000000, 0.000000
513.456681, 69.189583, -1.000000, 0.000000
513.726547, 69.017000, -1.000000, 0.000000
513.786549, 68.978628, -1.000000, 0.000000
513.846552, 68.940255, -1.000000, 0.000000
514.118624, 68.771129, -1.000000, 0.000000
514.179196, 68.733662, -1.000000, 0.000000
514.239768, 68.696196, -1.000000, 0.000000
514.300341, 68.658730, -1.000000, 0.000000
514.572861, 68.490319, -1.000000, 0.000000
514.633450, 68.452879, -1.000000, 0.000000
514.694039, 68.415440, -1.000000, 0.000000
514.754627, 68.378000, -1.000000, 0.000000
515.027153, 68.209598, -1.000000, 0.000000
515.087742, 68.172158, -1.000000, 0.000000
515.148331, 68.134719, -1.000000, 0.000000
515.420857, 67.966317, -1.000000, 0.000000
515.481446, 67.928877, -1.000000, 0.000000
515.542035, 67.891437, -1.000000, 0.000000
515.602624, 67.853998, -1.000000, 0.000000
515.875150, 67.685596, -1.000000, 0.000000
515.935738, 67.648156, -1.000000, 0.000000
515.996327, 67.610716, -1.000000, 0.000000
516.056916, 67.573277, -1.000000, 0.000000
516.329442, 67.404875, -1.000000, 0.000000
516.390031, 67.367435, -1.000000, 0.000000
516.450619, 67.329996, -1.000000, 0.000000
516.723146, 67.161593, -1.000000, 0.000000
516.783735, 67.124154, -1.000000, 0.000000
516.844323, 67.086714, -1.000000, 0.000000
516.904912, 67.049274, -1.000000, 0.000000
517.177380, 66.880908, -1.000000, 0.000000
517.237969, 66.843468, -1.000000, 0.000000
517.298558, 66.806029, -1.000000, 0.000000
517.359146, 66.768589, -1.000000, 0.000000
517.631060, 66.600566, -1.000000, 0.000000
517.691649, 66.563126, -1.000000, 0.000000
517.752237, 66.525686, -1.000000, 0.000000
518.023757, 66.357907, -1.000000, 0.000000
518.084345, 66.320467, -1.000000, 0.000000
518.144934, 66.283027, -1.000000, 0.000000
518.205523, 66.245588, -1.000000, 0.000000
518.476808, 66.077953, -1.000000, 0.000000
518.537396, 66.040513, -1.000000, 0.000000
518.597985, 66.003073, -1.000000, 0.000000
518.658574, 65.965634, -1.000000, 0.000000
518.929785, 65.798044, -1.000000, 0.000000
518.990374, 65.760604, -1.000000, 0.000000
519.050963, 65.723165, -1.000000, 0.000000
