524.497349, 64.981024, 1.000000, -1.#QNAN0
524.557937, 64.943585, 1.000000, -1.#QNAN0
524.828957, 64.776276, 1.000000, -1.#QNAN0
524.889565, 64.738867, 1.000000, -1.#QNAN0
524.950173, 64.701459, 1.000000, -1.#QNAN0
525.010780, 64.664050, 1.000000, -1.#QNAN0
525.270765, 64.505905, 1.000000, -1.#QNAN0
525.331628, 64.468913, 1.000000, -1.#QNAN0
525.392491, 64.431921, 1.000000, -1.#QNAN0
525.453354, 64.394929, 1.000000, -1.#QNAN0
525.692767, 64.256121, 1.000000, -1.#QNAN0
525.754330, 64.220306, 1.000000, -1.#QNAN0
525.815892, 64.184490, 1.000000, -1.#QNAN0
526.057375, 64.049589, 1.000000, -1.#QNAN0
526.119617, 64.014966, 1.000000, -1.#QNAN0
526.176087, 63.969970, 1.000000, -1.#QNAN0
526.238329, 63.935347, 1.000000, -1.#QNAN0
526.482724, 63.805461, 1.000000, -1.#QNAN0
526.540053, 63.761563, 1.000000, -1.#QNAN0
526.602951, 63.728148, 1.000000, -1.#QNAN0
526.665849, 63.694734, 1.000000, -1.#QNAN0
526.907732, 63.559318, 1.000000, -1.#QNAN0
526.971264, 63.527125, 1.000000, -1.#QNAN0
527.034796, 63.494931, 1.000000, -1.#QNAN0
527.284225, 63.373969, 1.000000, -1.#QNAN0
527.343206, 63.332318, 1.000000, -1.#QNAN0
527.407348, 63.301357, 1.000000, -1.#QNAN0
527.471489, 63.270396, 1.000000, -1.#QNAN0
527.719677, 63.143154, 1.000000, -1.#QNAN0
527.784388, 63.113402, 1.000000, -1.#QNAN0
527.849099, 63.083649, 1.000000, -1.#QNAN0
527.908852, 63.043112, 1.000000, -1.#QNAN0
528.176764, 62.924065, 1.000000, -1.#QNAN0
528.241835, 62.895108, 1.000000, -1.#QNAN0
528.302079, 62.855306, 1.000000, -1.#QNAN0
528.594109, 62.725349, 1.000000, -1.#QNAN0
528.654354, 62.685547, 1.000000, -1.#QNAN0
528.719424, 62.656590, 1.000000, -1.#QNAN0
528.779669, 62.616787, 1.000000, -1.#QNAN0
529.066872, 62.475986, 1.000000, -1.#QNAN0
529.131943, 62.447028, 1.000000, -1.#QNAN0
529.192188, 62.407226, 1.000000, -1.#QNAN0
529.257258, 62.378269, 1.000000, -1.#QNAN0
529.544462, 62.237467, 1.000000, -1.#QNAN0
529.609533, 62.208510, 1.000000, -1.#QNAN0
529.674604, 62.179552, 1.000000, -1.#QNAN0
529.961807, 62.038751, 1.000000, -1.#QNAN0
530.026878, 62.009794, 1.000000, -1.#QNAN0
530.091949, 61.980836, 1.000000, -1.#QNAN0
530.152193, 61.941034, 1.000000, -1.#QNAN0
530.444223, 61.811077, 1.000000, -1.#QNAN0
530.509294, 61.782120, 1.000000, -1.#QNAN0
530.569538, 61.742318, 1.000000, -1.#QNAN0
530.634609, 61.713361, 1.000000, -1.#QNAN0
530.926639, 61.583404, 1.000000, -1.#QNAN0
530.986884, 61.543601, 1.000000, -1.#QNAN0
531.051955, 61.514644, 1.000000, -1.#QNAN0
531.343984, 61.384688, 1.000000, -1.#QNAN0
531.409055, 61.355730, 1.000000, -1.#QNAN0
531.469300, 61.315928, 1.000000, -1.#QNAN0
531.534370, 61.286971, 1.000000, -1.#QNAN0
531.827883, 61.156355, 1.000000, -1.#QNAN0
531.888127, 61.116552, 1.000000, -1.#QNAN0
531.953198, 61.087595, 1.000000, -1.#QNAN0
532.013442, 61.047793, 1.000000, -1.#QNAN0
532.308776, 60.916366, 1.000000, -1.#QNAN0
532.369020, 60.876564, 1.000000, -1.#QNAN0
532.434091, 60.847607, 1.000000, -1.#QNAN0
532.731578, 60.715221, 1.000000, -1.#QNAN0
532.796648, 60.686264, 1.000000, -1.#QNAN0
532.856893, 60.646462, 1.000000, -1.#QNAN0
532.921964, 60.617505, 1.000000, -1.#QNAN0
533.221934, 60.484015, 1.000000, -1.#QNAN0
533.282178, 60.444212, 1.000000, -1.#QNAN0
533.347249, 60.415255, 1.000000, -1.#QNAN0
533.407493, 60.375453, 1.000000, -1.#QNAN0
533.710271, 60.240713, 1.000000, -1.#QNAN0
533.775342, 60.211756, 1.000000, -1.#QNAN0
533.835587, 60.171953, 1.000000, -1.#QNAN0
534.141490, 60.035823, 1.000000, -1.#QNAN0
534.206561, 60.006866, 1.000000, -1.#QNAN0
534.271631, 59.977909, 1.000000, -1.#QNAN0
534.336702, 59.948951, 1.000000, -1.#QNAN0
534.635198, 59.816117, 1.000000, -1.#QNAN0
534.695443, 59.776315, 1.000000, -1.#QNAN0
534.760514, 59.747357, 1.000000, -1.#QNAN0
534.825584, 59.718400, 1.000000, -1.#QNAN0
535.124081, 59.585566, 1.000000, -1.#QNAN0
535.189152, 59.556609, 1.000000, -1.#QNAN0
535.249396, 59.516806, 1.000000, -1.#QNAN0
535.314467, 59.487849, 1.000000, -1.#QNAN0
535.612963, 59.355015, 1.000000, -1.#QNAN0
535.678034, 59.326058, 1.000000, -1.#QNAN0
535.743105, 59.297100, 1.000000, -1.#QNAN0
536.036775, 59.153421, 1.000000, -1.#QNAN0
536.101845, 59.124464, 1.000000, -1.#QNAN0
536.166916, 59.095507, 1.000000, -1.#QNAN0
536.231987, 59.066549, 1.000000, -1.#QNAN0
536.530484, 58.933715, 1.000000, -1.#QNAN0
536.595554, 58.904758, 1.000000, -1.#QNAN0
536.660625, 58.875801, 1.000000, -1.#QNAN0
536.725696, 58.846843, 1.000000, -1.#QNAN0
537.024192, 58.714009, 1.000000, -1.#QNAN0
537.089263, 58.685052, 1.000000, -1.#QNAN0
537.154333, 58.656095, 1.000000, -1.#QNAN0
537.214578, 58.616292, 1.000000, -1.#QNAN0
537.513074, 58.483458, 1.000000, -1.#QNAN0
537.578145, 58.454501, 1.000000, -1.#QNAN0
537.643216, 58.425544, 1.000000, -1.#QNAN0
537.708286, 58.396586, 1.000000, -1.#QNAN0
538.006783, 58.263752, 1.000000, -1.#QNAN0
538.071854, 58.234795, 1.000000, -1.#QNAN0
538.136924, 58.205838, 1.000000, -1.#QNAN0
538.201995, 58.176880, 1.000000, -1.#QNAN0
538.500491, 58.044046, 1.000000, -1.#QNAN0
538.565562, 58.015089, 1.000000, -1.#QNAN0
538.630633, 57.986132, 1.000000, -1.#QNAN0
538.896564, 57.873194, 1.000000, -1.#QNAN0
538.962198, 57.845536, 1.000000, -1.#QNAN0
539.027831, 57.817878, 1.000000, -1.#QNAN0
539.093465, 57.790220, 1.000000, -1.#QNAN0
539.352930, 57.701363, 1.000000, -1.#QNAN0
539.419305, 57.675534, 1.000000, -1.#QNAN0
539.485680, 57.649706, 1.000000, -1.#QNAN0
539.552055, 57.623877, 1.000000, -1.#QNAN0
539.810261, 57.531186, 1.000000, -1.#QNAN0
539.881318, 57.518361, 1.000000, -1.#QNAN0
539.948375, 57.494360, 1.000000, -1.#QNAN0
540.015433, 57.470359, 1.000000, -1.#QNAN0
540.276549, 57.384844, 1.000000, -1.#QNAN0
540.344229, 57.362662, 1.000000, -1.#QNAN0
540.411910, 57.340480, 1.000000, -1.#QNAN0
540.483288, 57.329578, 1.000000, -1.#QNAN0
540.747176, 57.251174, 1.000000, -1.#QNAN0
540.815422, 57.230798, 1.000000, -1.#QNAN0
540.887064, 57.221796, 1.000000, -1.#QNAN0
540.955311, 57.201420, 1.000000, -1.#QNAN0
541.221832, 57.130049, 1.000000, -1.#QNAN0
541.290586, 57.111461, 1.000000, -1.#QNAN0
541.359341, 57.092872, 1.000000, -1.#QNAN0
541.631003, 57.038139, 1.000000, -1.#QNAN0
541.700210, 57.021315, 1.000000, -1.#QNAN0
541.769417, 57.004490, 1.000000, -1.#QNAN0
541.838624, 56.987666, 1.000000, -1.#QNAN0
542.152488, 56.924565, 1.000000, -1.#QNAN0
542.221753, 56.907980, 1.000000, -1.#QNAN0
542.291018, 56.891395, 1.000000, -1.#QNAN0
542.360283, 56.874811, 1.000000, -1.#QNAN0
542.678021, 56.798733, 1.000000, -1.#QNAN0
542.747287, 56.782149, 1.000000, -1.#QNAN0
542.816552, 56.765564, 1.000000, -1.#QNAN0
542.888581, 56.760524, 1.000000, -1.#QNAN0
543.206319, 56.684446, 1.000000, -1.#QNAN0
543.275584, 56.667861, 1.000000, -1.#QNAN0
543.344850, 56.651277, 1.000000, -1.#QNAN0
543.414115, 56.634692, 1.000000, -1.#QNAN0
543.731853, 56.558614, 1.000000, -1.#QNAN0
543.801119, 56.542030, 1.000000, -1.#QNAN0
543.867620, 56.513901, 1.000000, -1.#QNAN0
543.936885, 56.497316, 1.000000, -1.#QNAN0
544.254623, 56.421239, 1.000000, -1.#QNAN0
544.323888, 56.404654, 1.000000, -1.#QNAN0
544.390389, 56.376525, 1.000000, -1.#QNAN0
544.713656, 56.323536, 1.000000, -1.#QNAN0
544.782921, 56.306951, 1.000000, -1.#QNAN0
544.852186, 56.290367, 1.000000, -1.#QNAN0
544.921451, 56.273782, 1.000000, -1.#QNAN0
545.236426, 56.186160, 1.000000, -1.#QNAN0
545.305691, 56.169576, 1.000000, -1.#QNAN0
545.374956, 56.152991, 1.000000, -1.#QNAN0
545.444221, 56.136407, 1.000000, -1.#QNAN0
545.760228, 56.048537, 1.000000, -1.#QNAN0
545.829493, 56.031953, 1.000000, -1.#QNAN0
545.898759, 56.015368, 1.000000, -1.#QNAN0
545.968024, 55.998784, 1.000000, -1.#QNAN0
546.290924, 55.909264, 1.000000, -1.#QNAN0
546.360189, 55.892679, 1.000000, -1.#QNAN0
546.429455, 55.876095, 1.000000, -1.#QNAN0
546.498720, 55.859510, 1.000000, -1.#QNAN0
546.831292, 55.779881, 1.000000, -1.#QNAN0
546.897793, 55.751752, 1.000000, -1.#QNAN0
546.967059, 55.735167, 1.000000, -1.#QNAN0
547.036324, 55.718583, 1.000000, -1.#QNAN0
547.375816, 55.637296, 1.000000, -1.#QNAN0
547.442317, 55.609167, 1.000000, -1.#QNAN0
547.511582, 55.592583, 1.000000, -1.#QNAN0
547.843699, 55.500856, 1.000000, -1.#QNAN0
547.910200, 55.472728, 1.000000, -1.#QNAN0
547.979465, 55.456143, 1.000000, -1.#QNAN0
548.048730, 55.439559, 1.000000, -1.#QNAN0
548.390556, 55.357713, 1.000000, -1.#QNAN0
548.462585, 55.352673, 1.000000, -1.#QNAN0
548.531851, 55.336088, 1.000000, -1.#QNAN0
548.601116, 55.319504, 1.000000, -1.#QNAN0
548.952661, 55.247537, 1.000000, -1.#QNAN0
549.021927, 55.230953, 1.000000, -1.#QNAN0
549.093956, 55.225912, 1.000000, -1.#QNAN0
549.163221, 55.209328, 1.000000, -1.#QNAN0
549.509144, 55.138708, 1.000000, -1.#QNAN0
549.578410, 55.122123, 1.000000, -1.#QNAN0
549.647675, 55.105539, 1.000000, -1.#QNAN0
549.719704, 55.100498, 1.000000, -1.#QNAN0
549.791733, 55.095458, 1.000000, -1.#QNAN0
550.137657, 55.024837, 1.000000, -1.#QNAN0
550.209687, 55.019797, 1.000000, -1.#QNAN0
550.281716, 55.014757, 1.000000, -1.#QNAN0
550.353745, 55.009716, 1.000000, -1.#QNAN0
550.696904, 54.927552, 1.000000, -1.#QNAN0
550.766169, 54.910967, 1.000000, -1.#QNAN0
550.835435, 54.894383, 1.000000, -1.#QNAN0
550.904700, 54.877798, 1.000000, -1.#QNAN0
551.247859, 54.795634, 1.000000, -1.#QNAN0
551.317124, 54.779049, 1.000000, -1.#QNAN0
551.386389, 54.762465, 1.000000, -1.#QNAN0
551.455655, 54.745880, 1.000000, -1.#QNAN0
551.798814, 54.663716, 1.000000, -1.#QNAN0
551.868079, 54.647131, 1.000000, -1.#QNAN0
551.937345, 54.630546, 1.000000, -1.#QNAN0
552.003846, 54.602418, 1.000000, -1.#QNAN0
552.347005, 54.520253, 1.000000, -1.#QNAN0
552.416270, 54.503669, 1.000000, -1.#QNAN0
552.485535, 54.487084, 1.000000, -1.#QNAN0
552.554801, 54.470500, 1.000000, -1.#QNAN0
552.897960, 54.388335, 1.000000, -1.#QNAN0
552.967225, 54.371751, 1.000000, -1.#QNAN0
553.036490, 54.355166, 1.000000, -1.#QNAN0
553.102991, 54.327037, 1.000000, -1.#QNAN0
553.169492, 54.298908, 1.000000, -1.#QNAN0
553.511440, 54.217272, 1.000000, -1.#QNAN0
553.577959, 54.189187, 1.000000, -1.#QNAN0
553.644479, 54.161102, 1.000000, -1.#QNAN0
553.710998, 54.133017, 1.000000, -1.#QNAN0
554.039955, 54.031759, 1.000000, -1.#QNAN0
554.106610, 54.003998, 1.000000, -1.#QNAN0
554.175966, 53.987797, 1.000000, -1.#QNAN0
554.245322, 53.971596, 1.000000, -1.#QNAN0
554.578822, 53.895572, 1.000000, -1.#QNAN0
554.648268, 53.879763, 1.000000, -1.#QNAN0
554.715080, 53.852380, 1.000000, -1.#QNAN0
554.787161, 53.848146, 1.000000, -1.#QNAN0
555.121971, 53.773579, 1.000000, -1.#QNAN0
555.191498, 53.758129, 1.000000, -1.#QNAN0
555.261025, 53.742678, 1.000000, -1.#QNAN0
555.330552, 53.727227, 1.000000, -1.#QNAN0
555.666144, 53.654164, 1.000000, -1.#QNAN0
555.735746, 53.639056, 1.000000, -1.#QNAN0
555.802830, 53.612347, 1.000000, -1.#QNAN0
555.872432, 53.597238, 1.000000, -1.#QNAN0
556.208756, 53.525633, 1.000000, -1.#QNAN0
556.278429, 53.510854, 1.000000, -1.#QNAN0
556.348102, 53.496076, 1.000000, -1.#QNAN0
556.415311, 53.469685, 1.000000, -1.#QNAN0
556.484984, 53.454906, 1.000000, -1.#QNAN0
556.822265, 53.384950, 1.000000, -1.#QNAN0
556.892003, 53.370481, 1.000000, -1.#QNAN0
556.959329, 53.344390, 1.000000, -1.#QNAN0
557.029067, 53.329921, 1.000000, -1.#QNAN0
557.369034, 53.260469, 1.000000, -1.#QNAN0
557.436442, 53.234588, 1.000000, -1.#QNAN0
557.506225, 53.220338, 1.000000, -1.#QNAN0
557.576008, 53.206088, 1.000000, -1.#QNAN0
557.921732, 53.135488, 1.000000, -1.#QNAN0
557.989139, 53.109608, 1.000000, -1.#QNAN0
558.058922, 53.095358, 1.000000, -1.#QNAN0
558.126330, 53.069477, 1.000000, -1.#QNAN0
558.469679, 52.987247, 1.000000, -1.#QNAN0
558.539462, 52.972997, 1.000000, -1.#QNAN0
558.606870, 52.947116, 1.000000, -1.#QNAN0
558.676653, 52.932866, 1.000000, -1.#QNAN0
559.020002, 52.850636, 1.000000, -1.#QNAN0
559.089785, 52.836386, 1.000000, -1.#QNAN0
559.159568, 52.822136, 1.000000, -1.#QNAN0
559.226975, 52.796255, 1.000000, -1.#QNAN0
559.572699, 52.725655, 1.000000, -1.#QNAN0
559.640107, 52.699775, 1.000000, -1.#QNAN0
559.709890, 52.685525, 1.000000, -1.#QNAN0
559.777298, 52.659644, 1.000000, -1.#QNAN0
559.847081, 52.645394, 1.000000, -1.#QNAN0
560.190430, 52.563164, 1.000000, -1.#QNAN0
560.260213, 52.548914, 1.000000, -1.#QNAN0
560.329996, 52.534663, 1.000000, -1.#QNAN0
560.397404, 52.508783, 1.000000, -1.#QNAN0
560.745502, 52.449814, 1.000000, -1.#QNAN0
560.812910, 52.423933, 1.000000, -1.#QNAN0
560.882693, 52.409683, 1.000000, -1.#QNAN0
560.952476, 52.395433, 1.000000, -1.#QNAN0
561.300575, 52.336464, 1.000000, -1.#QNAN0
561.370358, 52.322214, 1.000000, -1.#QNAN0
561.437765, 52.296333, 1.000000, -1.#QNAN0
561.507548, 52.282083, 1.000000, -1.#QNAN0
561.853273, 52.211483, 1.000000, -1.#QNAN0
561.923056, 52.197233, 1.000000, -1.#QNAN0
561.990463, 52.171352, 1.000000, -1.#QNAN0
562.060246, 52.157102, 1.000000, -1.#QNAN0
562.403970, 52.086911, 1.000000, -1.#QNAN0
562.471378, 52.061030, 1.000000, -1.#QNAN0
562.541161, 52.046780, 1.000000, -1.#QNAN0
562.610944, 52.032530, 1.000000, -1.#QNAN0
562.958249, 51.949492, 1.000000, -1.#QNAN0
563.028032, 51.935242, 1.000000, -1.#QNAN0
563.097815, 51.920992, 1.000000, -1.#QNAN0
563.167598, 51.906742, 1.000000, -1.#QNAN0
563.512197, 51.836372, 1.000000, -1.#QNAN0
563.584355, 51.833752, 1.000000, -1.#QNAN0
563.654138, 51.819502, 1.000000, -1.#QNAN0
563.723921, 51.805252, 1.000000, -1.#QNAN0
564.064049, 51.735795, 1.000000, -1.#QNAN0
564.133832, 51.721545, 1.000000, -1.#QNAN0
564.203615, 51.707295, 1.000000, -1.#QNAN0
564.271023, 51.681414, 1.000000, -1.#QNAN0
564.607304, 51.612743, 1.000000, -1.#QNAN0
564.677087, 51.598493, 1.000000, -1.#QNAN0
564.746870, 51.584242, 1.000000, -1.#QNAN0
564.816653, 51.569992, 1.000000, -1.#QNAN0
565.149726, 51.501976, 1.000000, -1.#QNAN0
565.219509, 51.487726, 1.000000, -1.#QNAN0
565.291667, 51.485106, 1.000000, -1.#QNAN0
565.361450, 51.470856, 1.000000, -1.#QNAN0
565.703594, 51.400988, 1.000000, -1.#QNAN0
565.773377, 51.386737, 1.000000, -1.#QNAN0
565.843160, 51.372487, 1.000000, -1.#QNAN0
565.910567, 51.346606, 1.000000, -1.#QNAN0
566.251365, 51.277013, 1.000000, -1.#QNAN0
566.321148, 51.262763, 1.000000, -1.#QNAN0
566.388556, 51.236882, 1.000000, -1.#QNAN0
566.460714, 51.234262, 1.000000, -1.#QNAN0
566.801512, 51.164669, 1.000000, -1.#QNAN0
566.871295, 51.150419, 1.000000, -1.#QNAN0
566.941077, 51.136169, 1.000000, -1.#QNAN0
567.010860, 51.121918, 1.000000, -1.#QNAN0
567.354033, 51.063955, 1.000000, -1.#QNAN0
567.423816, 51.049705, 1.000000, -1.#QNAN0
567.493599, 51.035455, 1.000000, -1.#QNAN0
567.561006, 51.009574, 1.000000, -1.#QNAN0
567.901804, 50.939981, 1.000000, -1.#QNAN0
567.971587, 50.925731, 1.000000, -1.#QNAN0
568.041370, 50.911481, 1.000000, -1.#QNAN0
568.111153, 50.897230, 1.000000, -1.#QNAN0
568.451951, 50.827637, 1.000000, -1.#QNAN0
568.521733, 50.813387, 1.000000, -1.#QNAN0
568.591516, 50.799136, 1.000000, -1.#QNAN0
568.934689, 50.741174, 1.000000, -1.#QNAN0
569.004472, 50.726923, 1.000000, -1.#QNAN0
569.074255, 50.712673, 1.000000, -1.#QNAN0
569.146412, 50.710053, 1.000000, -1.#QNAN0
569.487210, 50.640460, 1.000000, -1.#QNAN0
569.559368, 50.637840, 1.000000, -1.#QNAN0
569.629151, 50.623590, 1.000000, -1.#QNAN0
569.698934, 50.609340, 1.000000, -1.#QNAN0
570.031579, 50.555509, 1.000000, -1.#QNAN0
570.101450, 50.541701, 1.000000, -1.#QNAN0
570.173624, 50.539539, 1.000000, -1.#QNAN0
570.243495, 50.525731, 1.000000, -1.#QNAN0
570.549655, 50.484172, 1.000000, -1.#QNAN0
570.621859, 50.483601, 1.000000, -1.#QNAN0
570.694062, 50.483031, 1.000000, -1.#QNAN0
570.764221, 50.470768, 1.000000, -1.#QNAN0
571.054242, 50.441907, 1.000000, -1.#QNAN0
571.126427, 50.443601, 1.000000, -1.#QNAN0
571.196937, 50.433543, 1.000000, -1.#QNAN0
571.267446, 50.423484, 1.000000, -1.#QNAN0
571.555980, 50.404668, 1.000000, -1.#QNAN0
571.626777, 50.396886, 1.000000, -1.#QNAN0
571.697574, 50.389105, 1.000000, -1.#QNAN0
571.982743, 50.354394, 1.000000, -1.#QNAN0
572.053758, 50.348954, 1.000000, -1.#QNAN0
572.123866, 50.331678, 1.000000, -1.#QNAN0
572.195788, 50.338073, 1.000000, -1.#QNAN0
572.481598, 50.325288, 1.000000, -1.#QNAN0
572.552756, 50.322245, 1.000000, -1.#QNAN0
572.623914, 50.319202, 1.000000, -1.#QNAN0
572.695072, 50.316159, 1.000000, -1.#QNAN0
572.980056, 50.313615, 1.000000, -1.#QNAN0
573.051277, 50.313015, 1.000000, -1.#QNAN0
573.122497, 50.312416, 1.000000, -1.#QNAN0
573.193718, 50.311816, 1.000000, -1.#QNAN0
573.487219, 50.318152, 1.000000, -1.#QNAN0
573.558678, 50.307797, 1.000000, -1.#QNAN0
573.629885, 50.309310, 1.000000, -1.#QNAN0
573.701092, 50.310823, 1.000000, -1.#QNAN0
574.025468, 50.310068, 1.000000, -1.#QNAN0
574.096650, 50.312509, 1.000000, -1.#QNAN0
574.167831, 50.314950, 1.000000, -1.#QNAN0
574.239419, 50.305527, 1.000000, -1.#QNAN0
574.587046, 50.317447, 1.000000, -1.#QNAN0
574.658227, 50.319888, 1.000000, -1.#QNAN0
574.729408, 50.322329, 1.000000, -1.#QNAN0
575.077035, 50.334249, 1.000000, -1.#QNAN0
575.148216, 50.336690, 1.000000, -1.#QNAN0
575.219397, 50.339131, 1.000000, -1.#QNAN0
575.290578, 50.341572, 1.000000, -1.#QNAN0
575.638204, 50.353492, 1.000000, -1.#QNAN0
575.708979, 50.367796, 1.000000, -1.#QNAN0
575.780160, 50.370237, 1.000000, -1.#QNAN0
575.851341, 50.372678, 1.000000, -1.#QNAN0
576.198561, 50.396462, 1.000000, -1.#QNAN0
576.269743, 50.398903, 1.000000, -1.#QNAN0
576.340517, 50.413207, 1.000000, -1.#QNAN0
576.411698, 50.415648, 1.000000, -1.#QNAN0
576.758918, 50.439431, 1.000000, -1.#QNAN0
576.829692, 50.453736, 1.000000, -1.#QNAN0
576.900873, 50.456177, 1.000000, -1.#QNAN0
576.971648, 50.470481, 1.000000, -1.#QNAN0
577.319274, 50.482401, 1.000000, -1.#QNAN0
577.390049, 50.496706, 1.000000, -1.#QNAN0
577.460823, 50.511010, 1.000000, -1.#QNAN0
577.531597, 50.525314, 1.000000, -1.#QNAN0
577.879224, 50.537234, 1.000000, -1.#QNAN0
577.949999, 50.551539, 1.000000, -1.#QNAN0
578.021180, 50.553980, 1.000000, -1.#QNAN0
578.360029, 50.565599, 1.000000, -1.#QNAN0
578.430803, 50.579903, 1.000000, -1.#QNAN0
578.501984, 50.582344, 1.000000, -1.#QNAN0
578.573165, 50.584785, 1.000000, -1.#QNAN0
578.915578, 50.608404, 1.000000, -1.#QNAN0
578.986759, 50.610845, 1.000000, -1.#QNAN0
579.057940, 50.613285, 1.000000, -1.#QNAN0
579.129121, 50.615726, 1.000000, -1.#QNAN0
579.475927, 50.627618, 1.000000, -1.#QNAN0
579.547109, 50.630059, 1.000000, -1.#QNAN0
579.618290, 50.632500, 1.000000, -1.#QNAN0
579.689471, 50.634941, 1.000000, -1.#QNAN0
580.040279, 50.646970, 1.000000, -1.#QNAN0
580.111460, 50.649411, 1.000000, -1.#QNAN0
580.182641, 50.651852, 1.000000, -1.#QNAN0
580.253822, 50.654292, 1.000000, -1.#QNAN0
580.608647, 50.666460, 1.000000, -1.#QNAN0
580.679828, 50.668900, 1.000000, -1.#QNAN0
580.751009, 50.671341, 1.000000, -1.#QNAN0
580.822597, 50.661918, 1.000000, -1.#QNAN0
581.181455, 50.674224, 1.000000, -1.#QNAN0
581.252636, 50.676665, 1.000000, -1.#QNAN0
581.323817, 50.679105, 1.000000, -1.#QNAN0
581.394998, 50.681546, 1.000000, -1.#QNAN0
581.746038, 50.693583, 1.000000, -1.#QNAN0
581.816813, 50.707888, 1.000000, -1.#QNAN0
581.887994, 50.710329, 1.000000, -1.#QNAN0
581.958768, 50.724633, 1.000000, -1.#QNAN0
582.029949, 50.727074, 1.000000, -1.#QNAN0
582.381881, 50.739142, 1.000000, -1.#QNAN0
582.453063, 50.741582, 1.000000, -1.#QNAN0
582.524244, 50.744023, 1.000000, -1.#QNAN0
582.595425, 50.746464, 1.000000, -1.#QNAN0
582.947358, 50.758532, 1.000000, -1.#QNAN0
583.018539, 50.760973, 1.000000, -1.#QNAN0
583.089720, 50.763414, 1.000000, -1.#QNAN0
583.160901, 50.765854, 1.000000, -1.#QNAN0
583.512834, 50.777922, 1.000000, -1.#QNAN0
583.583608, 50.792227, 1.000000, -1.#QNAN0
583.654789, 50.794667, 1.000000, -1.#QNAN0
583.725970, 50.797108, 1.000000, -1.#QNAN0
584.077902, 50.809176, 1.000000, -1.#QNAN0
584.149084, 50.811617, 1.000000, -1.#QNAN0
584.220265, 50.814058, 1.000000, -1.#QNAN0
584.291446, 50.816499, 1.000000, -1.#QNAN0
584.642972, 50.840430, 1.000000, -1.#QNAN0
584.714153, 50.842871, 1.000000, -1.#QNAN0
584.784927, 50.857175, 1.000000, -1.#QNAN0
584.856109, 50.859616, 1.000000, -1.#QNAN0
585.208041, 50.871684, 1.000000, -1.#QNAN0
585.279222, 50.874125, 1.000000, -1.#QNAN0
585.350403, 50.876566, 1.000000, -1.#QNAN0
585.421584, 50.879006, 1.000000, -1.#QNAN0
585.493172, 50.869584, 1.000000, -1.#QNAN0
585.845104, 50.881651, 1.000000, -1.#QNAN0
585.916286, 50.884092, 1.000000, -1.#QNAN0
585.987467, 50.886533, 1.000000, -1.#QNAN0
586.059055, 50.877110, 1.000000, -1.#QNAN0
586.402265, 50.890368, 1.000000, -1.#QNAN0
586.473434, 50.893124, 1.000000, -1.#QNAN0
586.544604, 50.895880, 1.000000, -1.#QNAN0
586.616233, 50.886774, 1.000000, -1.#QNAN0
586.957148, 50.901784, 1.000000, -1.#QNAN0
587.028301, 50.904938, 1.000000, -1.#QNAN0
587.099454, 50.908092, 1.000000, -1.#QNAN0
587.170608, 50.911247, 1.000000, -1.#QNAN0
587.511715, 50.928066, 1.000000, -1.#QNAN0
587.582850, 50.931609, 1.000000, -1.#QNAN0
587.653985, 50.935151, 1.000000, -1.#QNAN0
587.725120, 50.938693, 1.000000, -1.#QNAN0
588.066360, 50.957285, 1.000000, -1.#QNAN0
588.137475, 50.961207, 1.000000, -1.#QNAN0
588.208590, 50.965129, 1.000000, -1.#QNAN0
588.279705, 50.969051, 1.000000, -1.#QNAN0
588.621065, 50.989381, 1.000000, -1.#QNAN0
588.691443, 51.005523, 1.000000, -1.#QNAN0
588.762536, 51.009817, 1.000000, -1.#QNAN0
588.833630, 51.014110, 1.000000, -1.#QNAN0
588.904008, 51.030252, 1.000000, -1.#QNAN0
589.244555, 51.064489, 1.000000, -1.#QNAN0
589.314849, 51.080991, 1.000000, -1.#QNAN0
589.385144, 51.097493, 1.000000, -1.#QNAN0
589.456214, 51.102150, 1.000000, -1.#QNAN0
589.798638, 51.126078, 1.000000, -1.#QNAN0
589.868859, 51.142891, 1.000000, -1.#QNAN0
589.939908, 51.147863, 1.000000, -1.#QNAN0
590.010129, 51.164676, 1.000000, -1.#QNAN0
590.358669, 51.201268, 1.000000, -1.#QNAN0
590.429714, 51.206306, 1.000000, -1.#QNAN0
590.500759, 51.211343, 1.000000, -1.#QNAN0
590.571803, 51.216381, 1.000000, -1.#QNAN0
590.923061, 51.241287, 1.000000, -1.#QNAN0
590.994105, 51.246324, 1.000000, -1.#QNAN0
591.065150, 51.251362, 1.000000, -1.#QNAN0
591.136195, 51.256399, 1.000000, -1.#QNAN0
591.488292, 51.269465, 1.000000, -1.#QNAN0
591.559336, 51.274502, 1.000000, -1.#QNAN0
591.630381, 51.279540, 1.000000, -1.#QNAN0
591.701426, 51.284577, 1.000000, -1.#QNAN0
592.052683, 51.309483, 1.000000, -1.#QNAN0
592.122888, 51.326362, 1.000000, -1.#QNAN0
592.193933, 51.331399, 1.000000, -1.#QNAN0
592.264977, 51.336437, 1.000000, -1.#QNAN0
592.336022, 51.341474, 1.000000, -1.#QNAN0
592.687279, 51.366380, 1.000000, -1.#QNAN0
592.759163, 51.359577, 1.000000, -1.#QNAN0
592.830208, 51.364614, 1.000000, -1.#QNAN0
592.902092, 51.357811, 1.000000, -1.#QNAN0
593.253350, 51.382717, 1.000000, -1.#QNAN0
593.325234, 51.375914, 1.000000, -1.#QNAN0
593.396279, 51.380952, 1.000000, -1.#QNAN0
593.468163, 51.374148, 1.000000, -1.#QNAN0
593.819420, 51.399054, 1.000000, -1.#QNAN0
593.890465, 51.404092, 1.000000, -1.#QNAN0
593.961509, 51.409129, 1.000000, -1.#QNAN0
594.033393, 51.402326, 1.000000, -1.#QNAN0
594.384650, 51.427232, 1.000000, -1.#QNAN0
594.455695, 51.432270, 1.000000, -1.#QNAN0
594.526740, 51.437307, 1.000000, -1.#QNAN0
594.597784, 51.442345, 1.000000, -1.#QNAN0
594.949042, 51.467251, 1.000000, -1.#QNAN0
595.020087, 51.472288, 1.000000, -1.#QNAN0
595.091131, 51.477326, 1.000000, -1.#QNAN0
595.162176, 51.482363, 1.000000, -1.#QNAN0
595.514193, 51.507323, 1.000000, -1.#QNAN0
595.585238, 51.512361, 1.000000, -1.#QNAN0
595.656282, 51.517398, 1.000000, -1.#QNAN0
595.727327, 51.522436, 1.000000, -1.#QNAN0
595.799211, 51.515632, 1.000000, -1.#QNAN0
596.152175, 51.540660, 1.000000, -1.#QNAN0
596.223219, 51.545697, 1.000000, -1.#QNAN0
596.293424, 51.562575, 1.000000, -1.#QNAN0
596.364469, 51.567613, 1.000000, -1.#QNAN0
596.718390, 51.592708, 1.000000, -1.#QNAN0
596.789434, 51.597745, 1.000000, -1.#QNAN0
596.860479, 51.602783, 1.000000, -1.#QNAN0
596.932363, 51.595979, 1.000000, -1.#QNAN0
597.287248, 51.621143, 1.000000, -1.#QNAN0
597.359133, 51.614340, 1.000000, -1.#QNAN0
597.430177, 51.619377, 1.000000, -1.#QNAN0
597.501222, 51.624415, 1.000000, -1.#QNAN0
597.857082, 51.649647, 1.000000, -1.#QNAN0
597.928127, 51.654685, 1.000000, -1.#QNAN0
598.000011, 51.647881, 1.000000, -1.#QNAN0
598.071056, 51.652919, 1.000000, -1.#QNAN0
598.427901, 51.678221, 1.000000, -1.#QNAN0
598.498946, 51.683259, 1.000000, -1.#QNAN0
598.569991, 51.688296, 1.000000, -1.#QNAN0
598.641035, 51.693334, 1.000000, -1.#QNAN0
598.998874, 51.718706, 1.000000, -1.#QNAN0
599.070758, 51.711903, 1.000000, -1.#QNAN0
599.141803, 51.716941, 1.000000, -1.#QNAN0
599.212847, 51.721978, 1.000000, -1.#QNAN0
599.283892, 51.727016, 1.000000, -1.#QNAN0
599.641920, 51.752402, 1.000000, -1.#QNAN0
599.712125, 51.769280, 1.000000, -1.#QNAN0
599.783170, 51.774318, 1.000000, -1.#QNAN0
599.854214, 51.779355, 1.000000, -1.#QNAN0
600.213083, 51.792901, 1.000000, -1.#QNAN0
600.284128, 51.797938, 1.000000, -1.#QNAN0
600.354333, 51.814816, 1.000000, -1.#QNAN0
600.425377, 51.819854, 1.000000, -1.#QNAN0
600.783405, 51.845240, 1.000000, -1.#QNAN0
600.854450, 51.850278, 1.000000, -1.#QNAN0
600.925495, 51.855315, 1.000000, -1.#QNAN0
600.996539, 51.860353, 1.000000, -1.#QNAN0
601.353728, 51.897580, 1.000000, -1.#QNAN0
601.424773, 51.902617, 1.000000, -1.#QNAN0
601.495817, 51.907655, 1.000000, -1.#QNAN0
601.567702, 51.900851, 1.000000, -1.#QNAN0
601.925730, 51.926238, 1.000000, -1.#QNAN0
601.996775, 51.931275, 1.000000, -1.#QNAN0
602.067820, 51.936313, 1.000000, -1.#QNAN0
602.138864, 51.941350, 1.000000, -1.#QNAN0
602.496893, 51.966736, 1.000000, -1.#QNAN0
602.567937, 51.971774, 1.000000, -1.#QNAN0
602.639821, 51.964970, 1.000000, -1.#QNAN0
602.710866, 51.970008, 1.000000, -1.#QNAN0
602.781911, 51.975045, 1.000000, -1.#QNAN0
603.138168, 52.000631, 1.000000, -1.#QNAN0
603.209208, 52.005733, 1.000000, -1.#QNAN0
603.280248, 52.010835, 1.000000, -1.#QNAN0
603.351288, 52.015936, 1.000000, -1.#QNAN0
603.702360, 52.042370, 1.000000, -1.#QNAN0
603.773381, 52.047724, 1.000000, -1.#QNAN0
603.844403, 52.053078, 1.000000, -1.#QNAN0
603.914532, 52.070268, 1.000000, -1.#QNAN0
604.264403, 52.098000, 1.000000, -1.#QNAN0
604.335402, 52.103644, 1.000000, -1.#QNAN0
604.407342, 52.097454, 1.000000, -1.#QNAN0
604.478341, 52.103098, 1.000000, -1.#QNAN0
604.828187, 52.132212, 1.000000, -1.#QNAN0
604.900152, 52.126315, 1.000000, -1.#QNAN0
604.971127, 52.132248, 1.000000, -1.#QNAN0
605.042103, 52.138181, 1.000000, -1.#QNAN0
605.391920, 52.168670, 1.000000, -1.#QNAN0
605.462871, 52.174890, 1.000000, -1.#QNAN0
605.534858, 52.169285, 1.000000, -1.#QNAN0
605.605809, 52.175505, 1.000000, -1.#QNAN0
605.955591, 52.207363, 1.000000, -1.#QNAN0
606.026517, 52.213869, 1.000000, -1.#QNAN0
606.097442, 52.220374, 1.000000, -1.#QNAN0
606.168367, 52.226880, 1.000000, -1.#QNAN0
606.238208, 52.245206, 1.000000, -1.#QNAN0
606.587829, 52.278703, 1.000000, -1.#QNAN0
606.658727, 52.285493, 1.000000, -1.#QNAN0
606.729626, 52.292283, 1.000000, -1.#QNAN0
606.800525, 52.299072, 1.000000, -1.#QNAN0
607.152012, 52.333763, 1.000000, -1.#QNAN0
607.222890, 52.340764, 1.000000, -1.#QNAN0
607.294935, 52.335952, 1.000000, -1.#QNAN0
607.365813, 52.342953, 1.000000, -1.#QNAN0
607.723168, 52.366498, 1.000000, -1.#QNAN0
607.794042, 52.373536, 1.000000, -1.#QNAN0
607.864917, 52.380573, 1.000000, -1.#QNAN0
607.935791, 52.387611, 1.000000, -1.#QNAN0
608.291789, 52.434891, 1.000000, -1.#QNAN0
608.362663, 52.441929, 1.000000, -1.#QNAN0
608.433538, 52.448966, 1.000000, -1.#QNAN0
608.504412, 52.456004, 1.000000, -1.#QNAN0
608.861583, 52.491471, 1.000000, -1.#QNAN0
608.933631, 52.486697, 1.000000, -1.#QNAN0
609.005678, 52.481922, 1.000000, -1.#QNAN0
609.076552, 52.488960, 1.000000, -1.#QNAN0
609.434896, 52.512615, 1.000000, -1.#QNAN0
609.506943, 52.507840, 1.000000, -1.#QNAN0
609.577818, 52.514878, 1.000000, -1.#QNAN0
609.648692, 52.521916, 1.000000, -1.#QNAN0
609.719567, 52.528954, 1.000000, -1.#QNAN0
610.076737, 52.564421, 1.000000, -1.#QNAN0
610.146439, 52.583271, 1.000000, -1.#QNAN0
610.218486, 52.578496, 1.000000, -1.#QNAN0
610.289360, 52.585534, 1.000000, -1.#QNAN0
610.646532, 52.621001, 1.000000, -1.#QNAN0
610.716233, 52.639852, 1.000000, -1.#QNAN0
610.785934, 52.658702, 1.000000, -1.#QNAN0
610.856809, 52.665740, 1.000000, -1.#QNAN0
611.213979, 52.701207, 1.000000, -1.#QNAN0
611.284854, 52.708245, 1.000000, -1.#QNAN0
611.355728, 52.715282, 1.000000, -1.#QNAN0
611.426603, 52.722320, 1.000000, -1.#QNAN0
611.783773, 52.757787, 1.000000, -1.#QNAN0
611.854648, 52.764825, 1.000000, -1.#QNAN0
611.925522, 52.771863, 1.000000, -1.#QNAN0
611.996397, 52.778901, 1.000000, -1.#QNAN0
612.352395, 52.826180, 1.000000, -1.#QNAN0
612.423269, 52.833218, 1.000000, -1.#QNAN0
612.492971, 52.852068, 1.000000, -1.#QNAN0
612.563845, 52.859106, 1.000000, -1.#QNAN0
612.921015, 52.894573, 1.000000, -1.#QNAN0
612.991890, 52.901611, 1.000000, -1.#QNAN0
613.061591, 52.920461, 1.000000, -1.#QNAN0
613.132466, 52.927499, 1.000000, -1.#QNAN0
613.202167, 52.946349, 1.000000, -1.#QNAN0
613.562518, 52.982132, 1.000000, -1.#QNAN0
613.633392, 52.989170, 1.000000, -1.#QNAN0
613.704267, 52.996208, 1.000000, -1.#QNAN0
613.775141, 53.003246, 1.000000, -1.#QNAN0
614.138771, 53.039354, 1.000000, -1.#QNAN0
614.209645, 53.046392, 1.000000, -1.#QNAN0
614.279347, 53.065242, 1.000000, -1.#QNAN0
614.350221, 53.072280, 1.000000, -1.#QNAN0
614.717129, 53.108714, 1.000000, -1.#QNAN0
614.788003, 53.115752, 1.000000, -1.#QNAN0
614.857705, 53.134602, 1.000000, -1.#QNAN0
614.928579, 53.141640, 1.000000, -1.#QNAN0
615.298766, 53.178400, 1.000000, -1.#QNAN0
615.369640, 53.185437, 1.000000, -1.#QNAN0
615.440514, 53.192475, 1.000000, -1.#QNAN0
615.511389, 53.199513, 1.000000, -1.#QNAN0
615.873042, 53.235425, 1.000000, -1.#QNAN0
615.943917, 53.242463, 1.000000, -1.#QNAN0
616.013618, 53.261313, 1.000000, -1.#QNAN0
616.084493, 53.268351, 1.000000, -1.#QNAN0
616.155367, 53.275389, 1.000000, -1.#QNAN0
616.521472, 53.299814, 1.000000, -1.#QNAN0
616.592346, 53.306852, 1.000000, -1.#QNAN0
616.663221, 53.313890, 1.000000, -1.#QNAN0
616.734095, 53.320928, 1.000000, -1.#QNAN0
617.102306, 53.357491, 1.000000, -1.#QNAN0
617.173181, 53.364529, 1.000000, -1.#QNAN0
617.242882, 53.383379, 1.000000, -1.#QNAN0
617.313757, 53.390417, 1.000000, -1.#QNAN0
617.680893, 53.438803, 1.000000, -1.#QNAN0
617.751768, 53.445841, 1.000000, -1.#QNAN0
617.822642, 53.452878, 1.000000, -1.#QNAN0
617.892344, 53.471729, 1.000000, -1.#QNAN0
617.963218, 53.478767, 1.000000, -1.#QNAN0
618.331527, 53.515340, 1.000000, -1.#QNAN0
618.402402, 53.522378, 1.000000, -1.#QNAN0
618.473276, 53.529415, 1.000000, -1.#QNAN0
618.544151, 53.536453, 1.000000, -1.#QNAN0
618.912460, 53.573026, 1.000000, -1.#QNAN0
618.983335, 53.580064, 1.000000, -1.#QNAN0
619.053036, 53.598914, 1.000000, -1.#QNAN0
619.123910, 53.605952, 1.000000, -1.#QNAN0
619.492220, 53.642525, 1.000000, -1.#QNAN0
619.563095, 53.649563, 1.000000, -1.#QNAN0
619.633969, 53.656601, 1.000000, -1.#QNAN0
619.704844, 53.663639, 1.000000, -1.#QNAN0
619.775718, 53.670677, 1.000000, -1.#QNAN0
620.142854, 53.719062, 1.000000, -1.#QNAN0
620.213729, 53.726100, 1.000000, -1.#QNAN0
620.284603, 53.733138, 1.000000, -1.#QNAN0
620.355478, 53.740176, 1.000000, -1.#QNAN0
620.723787, 53.776749, 1.000000, -1.#QNAN0
620.794661, 53.783787, 1.000000, -1.#QNAN0
620.865536, 53.790825, 1.000000, -1.#QNAN0
620.936410, 53.797863, 1.000000, -1.#QNAN0
621.305348, 53.834398, 1.000000, -1.#QNAN0
621.375055, 53.853227, 1.000000, -1.#QNAN0
621.445931, 53.860243, 1.000000, -1.#QNAN0
621.516808, 53.867259, 1.000000, -1.#QNAN0
621.587685, 53.874275, 1.000000, -1.#QNAN0
621.955765, 53.922472, 1.000000, -1.#QNAN0
622.026645, 53.929457, 1.000000, -1.#QNAN0
622.097525, 53.936441, 1.000000, -1.#QNAN0
622.169568, 53.931612, 1.000000, -1.#QNAN0
622.538821, 53.967841, 1.000000, -1.#QNAN0
622.609703, 53.974794, 1.000000, -1.#QNAN0
622.680586, 53.981746, 1.000000, -1.#QNAN0
622.751469, 53.988699, 1.000000, -1.#QNAN0
623.120722, 54.024775, 1.000000, -1.#QNAN0
623.190454, 54.043511, 1.000000, -1.#QNAN0
623.261340, 54.050432, 1.000000, -1.#QNAN0
623.332226, 54.057354, 1.000000, -1.#QNAN0
623.403112, 54.064275, 1.000000, -1.#QNAN0
623.771223, 54.111986, 1.000000, -1.#QNAN0
623.840964, 54.130691, 1.000000, -1.#QNAN0
623.911853, 54.137582, 1.000000, -1.#QNAN0
623.981593, 54.156288, 1.000000, -1.#QNAN0
624.350868, 54.192037, 1.000000, -1.#QNAN0
624.421760, 54.198898, 1.000000, -1.#QNAN0
624.492652, 54.205759, 1.000000, -1.#QNAN0
624.563544, 54.212620, 1.000000, -1.#QNAN0
624.931680, 54.260039, 1.000000, -1.#QNAN0
625.002575, 54.266870, 1.000000, -1.#QNAN0
625.073470, 54.273701, 1.000000, -1.#QNAN0
625.143226, 54.292349, 1.000000, -1.#QNAN0
625.212982, 54.310996, 1.000000, -1.#QNAN0
625.581567, 54.346483, 1.000000, -1.#QNAN0
625.652462, 54.353308, 1.000000, -1.#QNAN0
625.723357, 54.360134, 1.000000, -1.#QNAN0
625.794253, 54.366960, 1.000000, -1.#QNAN0
626.162674, 54.402430, 1.000000, -1.#QNAN0
626.233569, 54.409256, 1.000000, -1.#QNAN0
626.304465, 54.416081, 1.000000, -1.#QNAN0
626.374222, 54.434723, 1.000000, -1.#QNAN0
626.742640, 54.470193, 1.000000, -1.#QNAN0
626.813535, 54.477018, 1.000000, -1.#QNAN0
626.885568, 54.472028, 1.000000, -1.#QNAN0
626.956463, 54.478853, 1.000000, -1.#QNAN0
627.026221, 54.497495, 1.000000, -1.#QNAN0
627.394638, 54.532965, 1.000000, -1.#QNAN0
627.464396, 54.551606, 1.000000, -1.#QNAN0
627.535291, 54.558432, 1.000000, -1.#QNAN0
627.606186, 54.565257, 1.000000, -1.#QNAN0
627.974603, 54.600727, 1.000000, -1.#QNAN0
628.045498, 54.607553, 1.000000, -1.#QNAN0
628.116393, 54.614378, 1.000000, -1.#QNAN0
628.186151, 54.633020, 1.000000, -1.#QNAN0
628.554569, 54.668490, 1.000000, -1.#QNAN0
628.625464, 54.675315, 1.000000, -1.#QNAN0
628.695222, 54.693956, 1.000000, -1.#QNAN0
628.766117, 54.700782, 1.000000, -1.#QNAN0
628.837012, 54.707608, 1.000000, -1.#QNAN0
629.205429, 54.743078, 1.000000, -1.#QNAN0
629.275187, 54.761719, 1.000000, -1.#QNAN0
629.346082, 54.768544, 1.000000, -1.#QNAN0
629.416977, 54.775370, 1.000000, -1.#QNAN0
629.785394, 54.810840, 1.000000, -1.#QNAN0
629.855152, 54.829481, 1.000000, -1.#QNAN0
629.927185, 54.824491, 1.000000, -1.#QNAN0
629.998080, 54.831317, 1.000000, -1.#QNAN0
630.369172, 54.867044, 1.000000, -1.#QNAN0
630.440067, 54.873869, 1.000000, -1.#QNAN0
630.512100, 54.868879, 1.000000, -1.#QNAN0
630.582995, 54.875705, 1.000000, -1.#QNAN0
630.653890, 54.882530, 1.000000, -1.#QNAN0
631.035340, 54.907330, 1.000000, -1.#QNAN0
631.106235, 54.914155, 1.000000, -1.#QNAN0
631.177130, 54.920981, 1.000000, -1.#QNAN0
631.248025, 54.927806, 1.000000, -1.#QNAN0
631.624608, 54.975988, 1.000000, -1.#QNAN0
631.694365, 54.994629, 1.000000, -1.#QNAN0
631.765260, 55.001455, 1.000000, -1.#QNAN0
631.836156, 55.008280, 1.000000, -1.#QNAN0
632.221964, 55.057350, 1.000000, -1.#QNAN0
632.292859, 55.064175, 1.000000, -1.#QNAN0
523.324241, 63.082577, -1.000000, 0.000000
523.384830, 63.045138, -1.000000, 0.000000
523.656817, 62.877231, -1.000000, 0.000000
523.717425, 62.839823, -1.000000, 0.000000
523.778033, 62.802414, -1.000000, 0.000000
523.838640, 62.765005, -1.000000, 0.000000
524.111685, 62.598861, -1.000000, 0.000000
524.172548, 62.561869, -1.000000, 0.000000
524.233411, 62.524878, -1.000000, 0.000000
524.294274, 62.487886, -1.000000, 0.000000
524.570543, 62.327159, -1.000000, 0.000000
524.632106, 62.291343, -1.000000, 0.000000
524.693668, 62.255528, -1.000000, 0.000000
524.972530, 62.099359, -1.000000, 0.000000
525.034772, 62.064737, -1.000000, 0.000000
525.097013, 62.030114, -1.000000, 0.000000
525.159254, 61.995491, -1.000000, 0.000000
525.441297, 61.845137, -1.000000, 0.000000
525.504195, 61.811722, -1.000000, 0.000000
525.567093, 61.778307, -1.000000, 0.000000
525.629991, 61.744892, -1.000000, 0.000000
525.915097, 61.600420, -1.000000, 0.000000
525.978629, 61.568226, -1.000000, 0.000000
526.042161, 61.536033, -1.000000, 0.000000
526.329596, 61.396271, -1.000000, 0.000000
526.393738, 61.365310, -1.000000, 0.000000
526.457879, 61.334349, -1.000000, 0.000000
526.522021, 61.303388, -1.000000, 0.000000
526.812232, 61.169467, -1.000000, 0.000000
526.876943, 61.139715, -1.000000, 0.000000
526.941654, 61.109963, -1.000000, 0.000000
527.006365, 61.080210, -1.000000, 0.000000
527.298395, 60.950254, -1.000000, 0.000000
527.363466, 60.921296, -1.000000, 0.000000
527.428537, 60.892339, -1.000000, 0.000000
527.720566, 60.762382, -1.000000, 0.000000
527.785637, 60.733425, -1.000000, 0.000000
527.850708, 60.704468, -1.000000, 0.000000
527.915779, 60.675511, -1.000000, 0.000000
528.207808, 60.545554, -1.000000, 0.000000
528.272879, 60.516597, -1.000000, 0.000000
528.337950, 60.487640, -1.000000, 0.000000
528.403020, 60.458683, -1.000000, 0.000000
528.695051, 60.328726, -1.000000, 0.000000
528.760121, 60.299769, -1.000000, 0.000000
528.825192, 60.270811, -1.000000, 0.000000
529.117222, 60.140855, -1.000000, 0.000000
529.182293, 60.111898, -1.000000, 0.000000
529.247363, 60.082940, -1.000000, 0.000000
529.312434, 60.053983, -1.000000, 0.000000
529.604464, 59.924027, -1.000000, 0.000000
529.669535, 59.895069, -1.000000, 0.000000
529.734605, 59.866112, -1.000000, 0.000000
529.799676, 59.837155, -1.000000, 0.000000
530.091706, 59.707198, -1.000000, 0.000000
530.156777, 59.678241, -1.000000, 0.000000
530.221848, 59.649284, -1.000000, 0.000000
530.513878, 59.519327, -1.000000, 0.000000
530.578948, 59.490370, -1.000000, 0.000000
530.644019, 59.461413, -1.000000, 0.000000
530.709090, 59.432455, -1.000000, 0.000000
531.002602, 59.301839, -1.000000, 0.000000
531.067673, 59.272882, -1.000000, 0.000000
531.132743, 59.243925, -1.000000, 0.000000
531.197814, 59.214967, -1.000000, 0.000000
531.493147, 59.083541, -1.000000, 0.000000
531.558218, 59.054584, -1.000000, 0.000000
531.623289, 59.025626, -1.000000, 0.000000
531.920776, 58.893241, -1.000000, 0.000000
531.985846, 58.864284, -1.000000, 0.000000
532.050917, 58.835327, -1.000000, 0.000000
532.115988, 58.806370, -1.000000, 0.000000
532.415958, 58.672880, -1.000000, 0.000000
532.481029, 58.643922, -1.000000, 0.000000
532.546099, 58.614965, -1.000000, 0.000000
532.611170, 58.586008, -1.000000, 0.000000
532.913948, 58.451268, -1.000000, 0.000000
532.979019, 58.422311, -1.000000, 0.000000
533.044089, 58.393354, -1.000000, 0.000000
533.349993, 58.257223, -1.000000, 0.000000
533.415064, 58.228266, -1.000000, 0.000000
533.480134, 58.199309, -1.000000, 0.000000
533.545205, 58.170352, -1.000000, 0.000000
533.843701, 58.037517, -1.000000, 0.000000
533.908772, 58.008560, -1.000000, 0.000000
533.973843, 57.979603, -1.000000, 0.000000
534.038913, 57.950646, -1.000000, 0.000000
534.337410, 57.817811, -1.000000, 0.000000
534.402481, 57.788854, -1.000000, 0.000000
534.467552, 57.759897, -1.000000, 0.000000
534.532622, 57.730940, -1.000000, 0.000000
534.831118, 57.598105, -1.000000, 0.000000
534.896189, 57.569148, -1.000000, 0.000000
534.961260, 57.540191, -1.000000, 0.000000
535.259756, 57.407357, -1.000000, 0.000000
535.324827, 57.378400, -1.000000, 0.000000
535.389898, 57.349442, -1.000000, 0.000000
535.454968, 57.320485, -1.000000, 0.000000
535.753465, 57.187651, -1.000000, 0.000000
535.818536, 57.158693, -1.000000, 0.000000
535.883606, 57.129736, -1.000000, 0.000000
535.948677, 57.100779, -1.000000, 0.000000
536.247173, 56.967945, -1.000000, 0.000000
536.312244, 56.938988, -1.000000, 0.000000
536.377315, 56.910030, -1.000000, 0.000000
536.442386, 56.881073, -1.000000, 0.000000
536.740882, 56.748239, -1.000000, 0.000000
536.805952, 56.719282, -1.000000, 0.000000
536.871023, 56.690324, -1.000000, 0.000000
536.936094, 56.661367, -1.000000, 0.000000
537.234591, 56.528533, -1.000000, 0.000000
537.299661, 56.499576, -1.000000, 0.000000
537.364732, 56.470618, -1.000000, 0.000000
537.429803, 56.441661, -1.000000, 0.000000
537.728299, 56.308827, -1.000000, 0.000000
537.793370, 56.279870, -1.000000, 0.000000
537.858440, 56.250913, -1.000000, 0.000000
538.159015, 56.122969, -1.000000, 0.000000
538.224648, 56.095311, -1.000000, 0.000000
538.290281, 56.067653, -1.000000, 0.000000
538.355915, 56.039995, -1.000000, 0.000000
538.659868, 55.920306, -1.000000, 0.000000
538.726243, 55.894477, -1.000000, 0.000000
538.792618, 55.868649, -1.000000, 0.000000
538.858993, 55.842821, -1.000000, 0.000000
539.166232, 55.731818, -1.000000, 0.000000
539.233289, 55.707817, -1.000000, 0.000000
539.300347, 55.683816, -1.000000, 0.000000
539.367404, 55.659815, -1.000000, 0.000000
539.677640, 55.557463, -1.000000, 0.000000
539.745321, 55.535281, -1.000000, 0.000000
539.813002, 55.513099, -1.000000, 0.000000
539.880682, 55.490917, -1.000000, 0.000000
540.193629, 55.397153, -1.000000, 0.000000
540.261875, 55.376777, -1.000000, 0.000000
540.330121, 55.356401, -1.000000, 0.000000
540.398368, 55.336025, -1.000000, 0.000000
540.713742, 55.250760, -1.000000, 0.000000
540.782496, 55.232171, -1.000000, 0.000000
540.851251, 55.213582, -1.000000, 0.000000
541.168326, 55.134938, -1.000000, 0.000000
541.237534, 55.118114, -1.000000, 0.000000
541.306741, 55.101289, -1.000000, 0.000000
541.375948, 55.084465, -1.000000, 0.000000
541.693648, 55.008227, -1.000000, 0.000000
541.762914, 54.991642, -1.000000, 0.000000
541.832179, 54.975058, -1.000000, 0.000000
541.901444, 54.958473, -1.000000, 0.000000
542.219182, 54.882395, -1.000000, 0.000000
542.288447, 54.865811, -1.000000, 0.000000
542.357712, 54.849226, -1.000000, 0.000000
542.426978, 54.832642, -1.000000, 0.000000
542.744716, 54.756564, -1.000000, 0.000000
542.813981, 54.739979, -1.000000, 0.000000
542.883246, 54.723395, -1.000000, 0.000000
542.952511, 54.706810, -1.000000, 0.000000
543.270250, 54.630732, -1.000000, 0.000000
543.339515, 54.614148, -1.000000, 0.000000
543.408780, 54.597563, -1.000000, 0.000000
543.478046, 54.580979, -1.000000, 0.000000
543.795784, 54.504901, -1.000000, 0.000000
543.865049, 54.488316, -1.000000, 0.000000
543.934314, 54.471732, -1.000000, 0.000000
544.252052, 54.395654, -1.000000, 0.000000
544.321317, 54.379069, -1.000000, 0.000000
544.390583, 54.362485, -1.000000, 0.000000
544.459848, 54.345900, -1.000000, 0.000000
544.777586, 54.269822, -1.000000, 0.000000
544.846851, 54.253238, -1.000000, 0.000000
544.916117, 54.236653, -1.000000, 0.000000
544.985382, 54.220069, -1.000000, 0.000000
545.304153, 54.143744, -1.000000, 0.000000
545.373418, 54.127159, -1.000000, 0.000000
545.442683, 54.110575, -1.000000, 0.000000
545.511948, 54.093990, -1.000000, 0.000000
545.837613, 54.016014, -1.000000, 0.000000
545.906878, 53.999430, -1.000000, 0.000000
545.976143, 53.982845, -1.000000, 0.000000
546.045409, 53.966261, -1.000000, 0.000000
546.377981, 53.886631, -1.000000, 0.000000
546.447246, 53.870047, -1.000000, 0.000000
546.516512, 53.853462, -1.000000, 0.000000
546.585777, 53.836877, -1.000000, 0.000000
546.925269, 53.755591, -1.000000, 0.000000
546.994534, 53.739006, -1.000000, 0.000000
547.063799, 53.722422, -1.000000, 0.000000
547.398680, 53.642240, -1.000000, 0.000000
547.467945, 53.625655, -1.000000, 0.000000
547.537210, 53.609070, -1.000000, 0.000000
547.606475, 53.592486, -1.000000, 0.000000
547.948301, 53.510641, -1.000000, 0.000000
548.017566, 53.494056, -1.000000, 0.000000
548.086832, 53.477472, -1.000000, 0.000000
548.156097, 53.460887, -1.000000, 0.000000
548.504879, 53.377376, -1.000000, 0.000000
548.574144, 53.360792, -1.000000, 0.000000
548.643409, 53.344207, -1.000000, 0.000000
548.712674, 53.327623, -1.000000, 0.000000
549.055833, 53.245458, -1.000000, 0.000000
549.125099, 53.228874, -1.000000, 0.000000
549.194364, 53.212289, -1.000000, 0.000000
549.263629, 53.195705, -1.000000, 0.000000
549.332894, 53.179120, -1.000000, 0.000000
549.676054, 53.096955, -1.000000, 0.000000
549.745319, 53.080371, -1.000000, 0.000000
549.814584, 53.063786, -1.000000, 0.000000
549.883850, 53.047202, -1.000000, 0.000000
550.227008, 52.965037, -1.000000, 0.000000
550.296274, 52.948453, -1.000000, 0.000000
550.365539, 52.931868, -1.000000, 0.000000
550.434804, 52.915284, -1.000000, 0.000000
550.777963, 52.833119, -1.000000, 0.000000
550.847228, 52.816535, -1.000000, 0.000000
550.916494, 52.799950, -1.000000, 0.000000
550.985759, 52.783365, -1.000000, 0.000000
551.328919, 52.701201, -1.000000, 0.000000
551.398184, 52.684616, -1.000000, 0.000000
551.467449, 52.668032, -1.000000, 0.000000
551.536714, 52.651447, -1.000000, 0.000000
551.879873, 52.569283, -1.000000, 0.000000
551.949139, 52.552698, -1.000000, 0.000000
552.018404, 52.536114, -1.000000, 0.000000
552.087669, 52.519529, -1.000000, 0.000000
552.430828, 52.437365, -1.000000, 0.000000
552.500093, 52.420780, -1.000000, 0.000000
552.569358, 52.404195, -1.000000, 0.000000
552.638624, 52.387611, -1.000000, 0.000000
552.707889, 52.371026, -1.000000, 0.000000
553.051102, 52.289087, -1.000000, 0.000000
553.120379, 52.272548, -1.000000, 0.000000
553.189655, 52.256009, -1.000000, 0.000000
553.258931, 52.239470, -1.000000, 0.000000
553.602525, 52.159149, -1.000000, 0.000000
553.671881, 52.142948, -1.000000, 0.000000
553.741237, 52.126747, -1.000000, 0.000000
553.810593, 52.110546, -1.000000, 0.000000
554.154619, 52.032094, -1.000000, 0.000000
554.224065, 52.016285, -1.000000, 0.000000
554.293512, 52.000476, -1.000000, 0.000000
554.362958, 51.984668, -1.000000, 0.000000
554.707373, 51.907941, -1.000000, 0.000000
554.776900, 51.892490, -1.000000, 0.000000
554.846427, 51.877039, -1.000000, 0.000000
554.915954, 51.861588, -1.000000, 0.000000
555.260731, 51.786508, -1.000000, 0.000000
555.330333, 51.771400, -1.000000, 0.000000
555.399935, 51.756291, -1.000000, 0.000000
555.469538, 51.741183, -1.000000, 0.000000
555.814657, 51.667690, -1.000000, 0.000000
555.884329, 51.652911, -1.000000, 0.000000
555.954002, 51.638133, -1.000000, 0.000000
556.023675, 51.623354, -1.000000, 0.000000
556.093348, 51.608575, -1.000000, 0.000000
556.438849, 51.536894, -1.000000, 0.000000
556.508587, 51.522426, -1.000000, 0.000000
556.578325, 51.507957, -1.000000, 0.000000
556.648063, 51.493489, -1.000000, 0.000000
556.993779, 51.422853, -1.000000, 0.000000
557.063562, 51.408603, -1.000000, 0.000000
557.133345, 51.394353, -1.000000, 0.000000
557.203128, 51.380102, -1.000000, 0.000000
557.548852, 51.309503, -1.000000, 0.000000
557.618634, 51.295253, -1.000000, 0.000000
557.688417, 51.281003, -1.000000, 0.000000
557.758200, 51.266752, -1.000000, 0.000000
558.103925, 51.196153, -1.000000, 0.000000
558.173707, 51.181903, -1.000000, 0.000000
558.243490, 51.167652, -1.000000, 0.000000
558.313273, 51.153402, -1.000000, 0.000000
558.658997, 51.082803, -1.000000, 0.000000
558.728780, 51.068553, -1.000000, 0.000000
558.798563, 51.054302, -1.000000, 0.000000
558.868346, 51.040052, -1.000000, 0.000000
559.214069, 50.969453, -1.000000, 0.000000
559.283852, 50.955203, -1.000000, 0.000000
559.353635, 50.940952, -1.000000, 0.000000
559.423418, 50.926702, -1.000000, 0.000000
559.493201, 50.912452, -1.000000, 0.000000
559.838925, 50.841853, -1.000000, 0.000000
559.908708, 50.827602, -1.000000, 0.000000
559.978491, 50.813352, -1.000000, 0.000000
560.048274, 50.799102, -1.000000, 0.000000
560.393998, 50.728503, -1.000000, 0.000000
560.463780, 50.714252, -1.000000, 0.000000
560.533563, 50.700002, -1.000000, 0.000000
560.603346, 50.685752, -1.000000, 0.000000
560.949070, 50.615153, -1.000000, 0.000000
561.018853, 50.600902, -1.000000, 0.000000
561.088636, 50.586652, -1.000000, 0.000000
561.158419, 50.572402, -1.000000, 0.000000
561.504143, 50.501803, -1.000000, 0.000000
561.573926, 50.487552, -1.000000, 0.000000
561.643709, 50.473302, -1.000000, 0.000000
561.713492, 50.459052, -1.000000, 0.000000
562.057216, 50.388861, -1.000000, 0.000000
562.126998, 50.374611, -1.000000, 0.000000
562.196781, 50.360361, -1.000000, 0.000000
562.266564, 50.346110, -1.000000, 0.000000
562.616244, 50.274703, -1.000000, 0.000000
562.686027, 50.260453, -1.000000, 0.000000
562.755810, 50.246203, -1.000000, 0.000000
562.825593, 50.231952, -1.000000, 0.000000
563.170193, 50.161583, -1.000000, 0.000000
563.239976, 50.147332, -1.000000, 0.000000
563.309759, 50.133082, -1.000000, 0.000000
563.379542, 50.118832, -1.000000, 0.000000
563.719669, 50.049375, -1.000000, 0.000000
563.789452, 50.035125, -1.000000, 0.000000
563.859235, 50.020875, -1.000000, 0.000000
563.929018, 50.006625, -1.000000, 0.000000
564.265299, 49.937954, -1.000000, 0.000000
564.335082, 49.923703, -1.000000, 0.000000
564.404865, 49.909453, -1.000000, 0.000000
564.474648, 49.895203, -1.000000, 0.000000
564.807721, 49.827187, -1.000000, 0.000000
564.877504, 49.812937, -1.000000, 0.000000
564.947287, 49.798686, -1.000000, 0.000000
565.017070, 49.784436, -1.000000, 0.000000
565.359214, 49.714568, -1.000000, 0.000000
565.428997, 49.700318, -1.000000, 0.000000
565.498780, 49.686067, -1.000000, 0.000000
565.568563, 49.671817, -1.000000, 0.000000
565.909360, 49.602224, -1.000000, 0.000000
565.979143, 49.587974, -1.000000, 0.000000
566.048926, 49.573723, -1.000000, 0.000000
566.118709, 49.559473, -1.000000, 0.000000
566.459507, 49.489880, -1.000000, 0.000000
566.529290, 49.475630, -1.000000, 0.000000
566.599073, 49.461379, -1.000000, 0.000000
566.668856, 49.447129, -1.000000, 0.000000
567.009653, 49.377536, -1.000000, 0.000000
567.079436, 49.363286, -1.000000, 0.000000
567.149219, 49.349035, -1.000000, 0.000000
567.219002, 49.334785, -1.000000, 0.000000
567.559799, 49.265192, -1.000000, 0.000000
567.629582, 49.250942, -1.000000, 0.000000
567.699365, 49.236691, -1.000000, 0.000000
567.769148, 49.222441, -1.000000, 0.000000
568.109946, 49.152848, -1.000000, 0.000000
568.179729, 49.138597, -1.000000, 0.000000
568.249512, 49.124347, -1.000000, 0.000000
568.590309, 49.054754, -1.000000, 0.000000
568.660092, 49.040504, -1.000000, 0.000000
568.729875, 49.026253, -1.000000, 0.000000
568.799658, 49.012003, -1.000000, 0.000000
569.140455, 48.942410, -1.000000, 0.000000
569.210238, 48.928160, -1.000000, 0.000000
569.280021, 48.913909, -1.000000, 0.000000
569.349804, 48.899659, -1.000000, 0.000000
569.690984, 48.832006, -1.000000, 0.000000
569.760856, 48.818198, -1.000000, 0.000000
569.830728, 48.804390, -1.000000, 0.000000
569.900600, 48.790582, -1.000000, 0.000000
570.243070, 48.730189, -1.000000, 0.000000
570.313229, 48.717926, -1.000000, 0.000000
570.383389, 48.705662, -1.000000, 0.000000
570.453548, 48.693399, -1.000000, 0.000000
570.797761, 48.643921, -1.000000, 0.000000
570.868270, 48.633863, -1.000000, 0.000000
570.938779, 48.623805, -1.000000, 0.000000
571.009289, 48.613747, -1.000000, 0.000000
571.354961, 48.575754, -1.000000, 0.000000
571.425758, 48.567972, -1.000000, 0.000000
571.496555, 48.560191, -1.000000, 0.000000
571.843109, 48.531677, -1.000000, 0.000000
571.914123, 48.526237, -1.000000, 0.000000
571.985138, 48.520797, -1.000000, 0.000000
572.056153, 48.515356, -1.000000, 0.000000
572.403491, 48.498900, -1.000000, 0.000000
572.474649, 48.495857, -1.000000, 0.000000
572.545807, 48.492814, -1.000000, 0.000000
572.616964, 48.489771, -1.000000, 0.000000
572.964670, 48.485622, -1.000000, 0.000000
573.035891, 48.485022, -1.000000, 0.000000
573.107111, 48.484423, -1.000000, 0.000000
573.178332, 48.483823, -1.000000, 0.000000
573.526051, 48.490507, -1.000000, 0.000000
573.597258, 48.492020, -1.000000, 0.000000
573.668465, 48.493533, -1.000000, 0.000000
573.739672, 48.495046, -1.000000, 0.000000
574.087303, 48.506812, -1.000000, 0.000000
574.158484, 48.509252, -1.000000, 0.000000
574.229665, 48.511693, -1.000000, 0.000000
574.300846, 48.514134, -1.000000, 0.000000
574.648473, 48.526054, -1.000000, 0.000000
574.719654, 48.528495, -1.000000, 0.000000
574.790835, 48.530936, -1.000000, 0.000000
575.138462, 48.542856, -1.000000, 0.000000
575.209643, 48.545297, -1.000000, 0.000000
575.280824, 48.547738, -1.000000, 0.000000
575.352005, 48.550179, -1.000000, 0.000000
575.699632, 48.562099, -1.000000, 0.000000
575.770813, 48.564540, -1.000000, 0.000000
575.841994, 48.566980, -1.000000, 0.000000
575.913175, 48.569421, -1.000000, 0.000000
576.260802, 48.581341, -1.000000, 0.000000
576.331984, 48.583782, -1.000000, 0.000000
576.403165, 48.586223, -1.000000, 0.000000
576.474346, 48.588664, -1.000000, 0.000000
576.821972, 48.600584, -1.000000, 0.000000
576.893154, 48.603025, -1.000000, 0.000000
576.964335, 48.605466, -1.000000, 0.000000
577.035516, 48.607907, -1.000000, 0.000000
577.383142, 48.619827, -1.000000, 0.000000
577.454324, 48.622268, -1.000000, 0.000000
577.525505, 48.624708, -1.000000, 0.000000
577.596686, 48.627149, -1.000000, 0.000000
577.944313, 48.639069, -1.000000, 0.000000
578.015494, 48.641510, -1.000000, 0.000000
578.086675, 48.643951, -1.000000, 0.000000
578.425524, 48.655570, -1.000000, 0.000000
578.496705, 48.658011, -1.000000, 0.000000
578.567886, 48.660452, -1.000000, 0.000000
578.639067, 48.662893, -1.000000, 0.000000
578.981887, 48.674648, -1.000000, 0.000000
579.053068, 48.677089, -1.000000, 0.000000
579.124249, 48.679530, -1.000000, 0.000000
579.195430, 48.681971, -1.000000, 0.000000
579.542236, 48.693863, -1.000000, 0.000000
579.613418, 48.696304, -1.000000, 0.000000
579.684599, 48.698744, -1.000000, 0.000000
579.755780, 48.701185, -1.000000, 0.000000
580.106588, 48.713214, -1.000000, 0.000000
580.177769, 48.715655, -1.000000, 0.000000
580.248950, 48.718096, -1.000000, 0.000000
580.320131, 48.720537, -1.000000, 0.000000
580.674956, 48.732704, -1.000000, 0.000000
580.746137, 48.735145, -1.000000, 0.000000
580.817318, 48.737586, -1.000000, 0.000000
580.888499, 48.740026, -1.000000, 0.000000
581.247357, 48.752332, -1.000000, 0.000000
581.318538, 48.754773, -1.000000, 0.000000
581.389719, 48.757213, -1.000000, 0.000000
581.460900, 48.759654, -1.000000, 0.000000
581.811940, 48.771691, -1.000000, 0.000000
581.883122, 48.774132, -1.000000, 0.000000
581.954303, 48.776573, -1.000000, 0.000000
582.025484, 48.779014, -1.000000, 0.000000
582.096665, 48.781455, -1.000000, 0.000000
582.448597, 48.793523, -1.000000, 0.000000
582.519778, 48.795963, -1.000000, 0.000000
582.590960, 48.798404, -1.000000, 0.000000
582.662141, 48.800845, -1.000000, 0.000000
583.014074, 48.812913, -1.000000, 0.000000
583.085255, 48.815354, -1.000000, 0.000000
583.156436, 48.817795, -1.000000, 0.000000
583.227617, 48.820235, -1.000000, 0.000000
583.579549, 48.832303, -1.000000, 0.000000
583.650730, 48.834744, -1.000000, 0.000000
583.721912, 48.837185, -1.000000, 0.000000
583.793093, 48.839626, -1.000000, 0.000000
584.145025, 48.851694, -1.000000, 0.000000
584.216206, 48.854134, -1.000000, 0.000000
584.287387, 48.856575, -1.000000, 0.000000
584.358569, 48.859016, -1.000000, 0.000000
584.710501, 48.871084, -1.000000, 0.000000
584.781682, 48.873525, -1.000000, 0.000000
584.852864, 48.875966, -1.000000, 0.000000
584.924045, 48.878406, -1.000000, 0.000000
585.275977, 48.890474, -1.000000, 0.000000
585.347158, 48.892915, -1.000000, 0.000000
585.418339, 48.895356, -1.000000, 0.000000
585.489521, 48.897797, -1.000000, 0.000000
585.560702, 48.900237, -1.000000, 0.000000
585.912634, 48.912305, -1.000000, 0.000000
585.983815, 48.914746, -1.000000, 0.000000
586.054996, 48.917187, -1.000000, 0.000000
586.126177, 48.919628, -1.000000, 0.000000
586.478055, 48.933201, -1.000000, 0.000000
586.549225, 48.935957, -1.000000, 0.000000
586.620394, 48.938713, -1.000000, 0.000000
586.691564, 48.941469, -1.000000, 0.000000
587.043362, 48.956931, -1.000000, 0.000000
587.114515, 48.960086, -1.000000, 0.000000
587.185669, 48.963240, -1.000000, 0.000000
587.256822, 48.966394, -1.000000, 0.000000
587.608533, 48.983713, -1.000000, 0.000000
587.679668, 48.987255, -1.000000, 0.000000
587.750803, 48.990797, -1.000000, 0.000000
587.821938, 48.994339, -1.000000, 0.000000
588.173556, 49.013476, -1.000000, 0.000000
588.244671, 49.017398, -1.000000, 0.000000
588.315786, 49.021320, -1.000000, 0.000000
588.386901, 49.025241, -1.000000, 0.000000
588.738416, 49.046159, -1.000000, 0.000000
588.809510, 49.050452, -1.000000, 0.000000
588.880603, 49.054746, -1.000000, 0.000000
588.951697, 49.059039, -1.000000, 0.000000
589.022790, 49.063332, -1.000000, 0.000000
589.374175, 49.086357, -1.000000, 0.000000
589.445245, 49.091014, -1.000000, 0.000000
589.516316, 49.095671, -1.000000, 0.000000
589.587387, 49.100328, -1.000000, 0.000000
589.938671, 49.124856, -1.000000, 0.000000
590.009720, 49.129828, -1.000000, 0.000000
590.080769, 49.134799, -1.000000, 0.000000
590.151819, 49.139771, -1.000000, 0.000000
590.503077, 49.164655, -1.000000, 0.000000
590.574122, 49.169692, -1.000000, 0.000000
590.645167, 49.174730, -1.000000, 0.000000
590.716211, 49.179767, -1.000000, 0.000000
591.067468, 49.204674, -1.000000, 0.000000
591.138513, 49.209711, -1.000000, 0.000000
591.209558, 49.214749, -1.000000, 0.000000
591.280602, 49.219786, -1.000000, 0.000000
591.631860, 49.244692, -1.000000, 0.000000
591.702905, 49.249730, -1.000000, 0.000000
591.773949, 49.254767, -1.000000, 0.000000
591.844994, 49.259805, -1.000000, 0.000000
592.196251, 49.284711, -1.000000, 0.000000
592.267296, 49.289748, -1.000000, 0.000000
592.338340, 49.294786, -1.000000, 0.000000
592.409385, 49.299823, -1.000000, 0.000000
592.480430, 49.304861, -1.000000, 0.000000
592.831687, 49.329767, -1.000000, 0.000000
592.902731, 49.334804, -1.000000, 0.000000
592.973776, 49.339842, -1.000000, 0.000000
593.044821, 49.344879, -1.000000, 0.000000
593.396078, 49.369786, -1.000000, 0.000000
593.467123, 49.374823, -1.000000, 0.000000
593.538168, 49.379860, -1.000000, 0.000000
593.609212, 49.384898, -1.000000, 0.000000
593.960469, 49.409804, -1.000000, 0.000000
594.031514, 49.414842, -1.000000, 0.000000
594.102559, 49.419879, -1.000000, 0.000000
594.173603, 49.424917, -1.000000, 0.000000
594.524860, 49.449823, -1.000000, 0.000000
594.595905, 49.454860, -1.000000, 0.000000
594.666950, 49.459898, -1.000000, 0.000000
594.737994, 49.464935, -1.000000, 0.000000
595.089252, 49.489841, -1.000000, 0.000000
595.160297, 49.494879, -1.000000, 0.000000
595.231341, 49.499916, -1.000000, 0.000000
595.302386, 49.504954, -1.000000, 0.000000
595.654403, 49.529914, -1.000000, 0.000000
595.725447, 49.534951, -1.000000, 0.000000
595.796492, 49.539989, -1.000000, 0.000000
595.867537, 49.545026, -1.000000, 0.000000
595.938581, 49.550064, -1.000000, 0.000000
596.291545, 49.575091, -1.000000, 0.000000
596.362590, 49.580128, -1.000000, 0.000000
596.433634, 49.585166, -1.000000, 0.000000
596.504679, 49.590203, -1.000000, 0.000000
596.858599, 49.615298, -1.000000, 0.000000
596.929644, 49.620336, -1.000000, 0.000000
597.000689, 49.625373, -1.000000, 0.000000
597.071733, 49.630411, -1.000000, 0.000000
597.426619, 49.655574, -1.000000, 0.000000
597.497663, 49.660612, -1.000000, 0.000000
597.568708, 49.665649, -1.000000, 0.000000
597.639753, 49.670687, -1.000000, 0.000000
597.995613, 49.695919, -1.000000, 0.000000
598.066658, 49.700957, -1.000000, 0.000000
598.137702, 49.705994, -1.000000, 0.000000
598.208747, 49.711032, -1.000000, 0.000000
598.565592, 49.736334, -1.000000, 0.000000
598.636637, 49.741372, -1.000000, 0.000000
598.707682, 49.746409, -1.000000, 0.000000
598.778726, 49.751446, -1.000000, 0.000000
599.136565, 49.776819, -1.000000, 0.000000
599.207609, 49.781857, -1.000000, 0.000000
599.278654, 49.786894, -1.000000, 0.000000
599.349699, 49.791932, -1.000000, 0.000000
599.420743, 49.796969, -1.000000, 0.000000
599.778772, 49.822355, -1.000000, 0.000000
599.849816, 49.827393, -1.000000, 0.000000
599.920861, 49.832430, -1.000000, 0.000000
599.991906, 49.837468, -1.000000, 0.000000
600.349934, 49.862854, -1.000000, 0.000000
600.420979, 49.867892, -1.000000, 0.000000
600.492024, 49.872929, -1.000000, 0.000000
600.563068, 49.877967, -1.000000, 0.000000
600.921097, 49.903353, -1.000000, 0.000000
600.992141, 49.908390, -1.000000, 0.000000
601.063186, 49.913428, -1.000000, 0.000000
601.134230, 49.918465, -1.000000, 0.000000
601.492259, 49.943852, -1.000000, 0.000000
601.563303, 49.948889, -1.000000, 0.000000
601.634348, 49.953927, -1.000000, 0.000000
601.705393, 49.958964, -1.000000, 0.000000
602.063421, 49.984350, -1.000000, 0.000000
602.134466, 49.989388, -1.000000, 0.000000
602.205511, 49.994425, -1.000000, 0.000000
602.276555, 49.999463, -1.000000, 0.000000
602.634584, 50.024849, -1.000000, 0.000000
602.705628, 50.029887, -1.000000, 0.000000
602.776673, 50.034924, -1.000000, 0.000000
602.847718, 50.039962, -1.000000, 0.000000
602.918762, 50.044999, -1.000000, 0.000000
603.276767, 50.070709, -1.000000, 0.000000
603.347807, 50.075811, -1.000000, 0.000000
603.418847, 50.080913, -1.000000, 0.000000
603.489887, 50.086015, -1.000000, 0.000000
603.847801, 50.112952, -1.000000, 0.000000
603.918823, 50.118306, -1.000000, 0.000000
603.989844, 50.123660, -1.000000, 0.000000
604.060866, 50.129013, -1.000000, 0.000000
604.418671, 50.157359, -1.000000, 0.000000
604.489670, 50.163003, -1.000000, 0.000000
604.560669, 50.168647, -1.000000, 0.000000
604.631668, 50.174291, -1.000000, 0.000000
604.989358, 50.204044, -1.000000, 0.000000
605.060334, 50.209977, -1.000000, 0.000000
605.131309, 50.215909, -1.000000, 0.000000
605.202285, 50.221842, -1.000000, 0.000000
605.559857, 50.252995, -1.000000, 0.000000
605.630807, 50.259215, -1.000000, 0.000000
605.701758, 50.265435, -1.000000, 0.000000
605.772709, 50.271655, -1.000000, 0.000000
606.130156, 50.304201, -1.000000, 0.000000
606.201082, 50.310707, -1.000000, 0.000000
606.272007, 50.317213, -1.000000, 0.000000
606.342932, 50.323718, -1.000000, 0.000000
606.413858, 50.330224, -1.000000, 0.000000
606.771149, 50.364440, -1.000000, 0.000000
606.842048, 50.371229, -1.000000, 0.000000
606.912946, 50.378019, -1.000000, 0.000000
606.983845, 50.384809, -1.000000, 0.000000
607.341038, 50.420055, -1.000000, 0.000000
607.411916, 50.427056, -1.000000, 0.000000
607.482794, 50.434057, -1.000000, 0.000000
607.553672, 50.441058, -1.000000, 0.000000
607.910844, 50.476512, -1.000000, 0.000000
607.981718, 50.483550, -1.000000, 0.000000
608.052593, 50.490588, -1.000000, 0.000000
608.123467, 50.497626, -1.000000, 0.000000
608.480637, 50.533093, -1.000000, 0.000000
608.551512, 50.540131, -1.000000, 0.000000
608.622386, 50.547169, -1.000000, 0.000000
608.693261, 50.554206, -1.000000, 0.000000
609.050432, 50.589674, -1.000000, 0.000000
609.121306, 50.596711, -1.000000, 0.000000
609.192181, 50.603749, -1.000000, 0.000000
609.263055, 50.610787, -1.000000, 0.000000
609.620226, 50.646254, -1.000000, 0.000000
609.691100, 50.653292, -1.000000, 0.000000
609.761975, 50.660330, -1.000000, 0.000000
609.832849, 50.667368, -1.000000, 0.000000
609.903723, 50.674406, -1.000000, 0.000000
610.260894, 50.709873, -1.000000, 0.000000
610.331768, 50.716910, -1.000000, 0.000000
610.402643, 50.723948, -1.000000, 0.000000
610.473517, 50.730986, -1.000000, 0.000000
610.830688, 50.766453, -1.000000, 0.000000
610.901563, 50.773491, -1.000000, 0.000000
610.972437, 50.780529, -1.000000, 0.000000
611.043312, 50.787567, -1.000000, 0.000000
611.400482, 50.823034, -1.000000, 0.000000
611.471356, 50.830072, -1.000000, 0.000000
611.542231, 50.837109, -1.000000, 0.000000
611.613105, 50.844147, -1.000000, 0.000000
611.970276, 50.879614, -1.000000, 0.000000
612.041150, 50.886652, -1.000000, 0.000000
612.112025, 50.893690, -1.000000, 0.000000
612.182899, 50.900728, -1.000000, 0.000000
612.540070, 50.936195, -1.000000, 0.000000
612.610945, 50.943233, -1.000000, 0.000000
612.681819, 50.950271, -1.000000, 0.000000
612.752694, 50.957308, -1.000000, 0.000000
613.109864, 50.992776, -1.000000, 0.000000
613.180739, 50.999813, -1.000000, 0.000000
613.251613, 51.006851, -1.000000, 0.000000
613.322487, 51.013889, -1.000000, 0.000000
613.393362, 51.020927, -1.000000, 0.000000
613.753712, 51.056710, -1.000000, 0.000000
613.824587, 51.063748, -1.000000, 0.000000
613.895461, 51.070785, -1.000000, 0.000000
613.966336, 51.077823, -1.000000, 0.000000
614.329965, 51.113932, -1.000000, 0.000000
614.400840, 51.120969, -1.000000, 0.000000
614.471714, 51.128007, -1.000000, 0.000000
614.542589, 51.135045, -1.000000, 0.000000
614.909496, 51.171479, -1.000000, 0.000000
614.980371, 51.178517, -1.000000, 0.000000
615.051245, 51.185555, -1.000000, 0.000000
615.122120, 51.192593, -1.000000, 0.000000
615.492306, 51.229352, -1.000000, 0.000000
615.563181, 51.236390, -1.000000, 0.000000
615.634055, 51.243428, -1.000000, 0.000000
615.704929, 51.250466, -1.000000, 0.000000
616.066583, 51.286378, -1.000000, 0.000000
616.137457, 51.293416, -1.000000, 0.000000
616.208332, 51.300454, -1.000000, 0.000000
616.279206, 51.307491, -1.000000, 0.000000
616.350081, 51.314529, -1.000000, 0.000000
616.715012, 51.350767, -1.000000, 0.000000
616.785887, 51.357805, -1.000000, 0.000000
616.856761, 51.364843, -1.000000, 0.000000
616.927636, 51.371881, -1.000000, 0.000000
617.295847, 51.408444, -1.000000, 0.000000
617.366721, 51.415482, -1.000000, 0.000000
617.437596, 51.422520, -1.000000, 0.000000
617.508470, 51.429557, -1.000000, 0.000000
617.876780, 51.466131, -1.000000, 0.000000
617.947654, 51.473168, -1.000000, 0.000000
618.018529, 51.480206, -1.000000, 0.000000
618.089403, 51.487244, -1.000000, 0.000000
618.160278, 51.494282, -1.000000, 0.000000
618.528587, 51.530855, -1.000000, 0.000000
618.599461, 51.537893, -1.000000, 0.000000
618.670336, 51.544931, -1.000000, 0.000000
618.741210, 51.551969, -1.000000, 0.000000
619.109520, 51.588542, -1.000000, 0.000000
619.180394, 51.595580, -1.000000, 0.000000
619.251268, 51.602617, -1.000000, 0.000000
619.322143, 51.609655, -1.000000, 0.000000
619.690453, 51.646228, -1.000000, 0.000000
619.761327, 51.653266, -1.000000, 0.000000
619.832202, 51.660304, -1.000000, 0.000000
619.903076, 51.667342, -1.000000, 0.000000
619.973951, 51.674380, -1.000000, 0.000000
620.342260, 51.710953, -1.000000, 0.000000
620.413134, 51.717991, -1.000000, 0.000000
620.484009, 51.725029, -1.000000, 0.000000
620.554883, 51.732066, -1.000000, 0.000000
620.923192, 51.768640, -1.000000, 0.000000
620.994067, 51.775677, -1.000000, 0.000000
621.064941, 51.782715, -1.000000, 0.000000
621.135816, 51.789753, -1.000000, 0.000000
621.504135, 51.826228, -1.000000, 0.000000
621.575012, 51.833244, -1.000000, 0.000000
621.645889, 51.840260, -1.000000, 0.000000
621.716765, 51.847276, -1.000000, 0.000000
621.787642, 51.854292, -1.000000, 0.000000
622.155979, 51.890586, -1.000000, 0.000000
622.226858, 51.897570, -1.000000, 0.000000
622.297738, 51.904554, -1.000000, 0.000000
622.368618, 51.911539, -1.000000, 0.000000
622.736970, 51.947679, -1.000000, 0.000000
622.807853, 51.954632, -1.000000, 0.000000
622.878736, 51.961585, -1.000000, 0.000000
622.949618, 51.968537, -1.000000, 0.000000
623.317986, 52.004527, -1.000000, 0.000000
623.388872, 52.011448, -1.000000, 0.000000
623.459758, 52.018370, -1.000000, 0.000000
623.530643, 52.025291, -1.000000, 0.000000
623.601529, 52.032213, -1.000000, 0.000000
623.969914, 52.068023, -1.000000, 0.000000
624.040802, 52.074914, -1.000000, 0.000000
624.111691, 52.081805, -1.000000, 0.000000
624.182580, 52.088696, -1.000000, 0.000000
624.550979, 52.124360, -1.000000, 0.000000
624.621870, 52.131221, -1.000000, 0.000000
624.692762, 52.138082, -1.000000, 0.000000
624.763654, 52.144942, -1.000000, 0.000000
625.132067, 52.180462, -1.000000, 0.000000
625.202962, 52.187294, -1.000000, 0.000000
625.273856, 52.194125, -1.000000, 0.000000
625.344751, 52.200956, -1.000000, 0.000000
625.415646, 52.207788, -1.000000, 0.000000
625.784063, 52.243258, -1.000000, 0.000000
625.854958, 52.250084, -1.000000, 0.000000
625.925853, 52.256910, -1.000000, 0.000000
625.996748, 52.263736, -1.000000, 0.000000
626.365165, 52.299206, -1.000000, 0.000000
626.436060, 52.306031, -1.000000, 0.000000
626.506956, 52.312857, -1.000000, 0.000000
626.577851, 52.319682, -1.000000, 0.000000
626.946269, 52.355152, -1.000000, 0.000000
627.017164, 52.361978, -1.000000, 0.000000
627.088059, 52.368803, -1.000000, 0.000000
627.158954, 52.375629, -1.000000, 0.000000
627.229849, 52.382454, -1.000000, 0.000000
627.598267, 52.417924, -1.000000, 0.000000
627.669162, 52.424750, -1.000000, 0.000000
627.740057, 52.431575, -1.000000, 0.000000
627.810952, 52.438401, -1.000000, 0.000000
628.179369, 52.473871, -1.000000, 0.000000
628.250265, 52.480696, -1.000000, 0.000000
628.321160, 52.487522, -1.000000, 0.000000
628.392055, 52.494347, -1.000000, 0.000000
628.760473, 52.529817, -1.000000, 0.000000
628.831368, 52.536643, -1.000000, 0.000000
628.902263, 52.543468, -1.000000, 0.000000
628.973158, 52.550294, -1.000000, 0.000000
629.044054, 52.557120, -1.000000, 0.000000
629.412471, 52.592589, -1.000000, 0.000000
629.483366, 52.599415, -1.000000, 0.000000
629.554261, 52.606241, -1.000000, 0.000000
629.625156, 52.613066, -1.000000, 0.000000
629.993574, 52.648536, -1.000000, 0.000000
630.064469, 52.655362, -1.000000, 0.000000
630.135364, 52.662187, -1.000000, 0.000000
630.206259, 52.669013, -1.000000, 0.000000
630.577351, 52.704740, -1.000000, 0.000000
630.648246, 52.711566, -1.000000, 0.000000
630.719141, 52.718391, -1.000000, 0.000000
630.790036, 52.725217, -1.000000, 0.000000
630.860932, 52.732042, -1.000000, 0.000000
631.241244, 52.768657, -1.000000, 0.000000
631.312139, 52.775483, -1.000000, 0.000000
631.383034, 52.782308, -1.000000, 0.000000
631.453929, 52.789134, -1.000000, 0.000000
631.831649, 52.825500, -1.000000, 0.000000
631.902544, 52.832325, -1.000000, 0.000000
631.973440, 52.839151, -1.000000, 0.000000
632.044335, 52.845976, -1.000000, 0.000000
632.431281, 52.883230, -1.000000, 0.000000
632.502176, 52.890056, -1.000000, 0.000000
