350.087102, 149.801974, 1.000000, 0.000000
350.015414, 149.810603, 1.000000, 0.000000
349.895210, 149.833274, 1.000000, 0.000000
349.811122, 149.845404, 1.000000, 0.000000
349.739121, 149.850830, 1.000000, 0.000000
349.659670, 149.858435, 1.000000, 0.000000
349.562778, 149.867960, 1.000000, 0.000000
349.490590, 149.869521, 1.000000, 0.000000
349.324085, 149.900945, 1.000000, 0.000000
349.153791, 149.932916, 1.000000, 0.000000
349.083791, 149.946058, 1.000000, 0.000000
348.911307, 149.966362, 1.000000, 0.000000
348.736632, 149.974999, 1.000000, 0.000000
348.662252, 149.964808, 1.000000, 0.000000
348.487578, 149.973445, 1.000000, 0.000000
348.315093, 149.993749, 1.000000, 0.000000
348.242903, 149.995224, 1.000000, 0.000000
348.070419, 150.015528, 1.000000, 0.000000
347.895745, 150.024166, 1.000000, 0.000000
347.819174, 150.002308, 1.000000, 0.000000
347.637928, 149.975945, 1.000000, 0.000000
347.456683, 149.949582, 1.000000, 0.000000
347.371351, 149.881057, 1.000000, 0.000000
347.178258, 149.881279, 0.000000, 0.000000
346.901743, 149.948327, 0.000000, 0.000000
346.832251, 149.963932, 0.000000, 0.000000
346.376386, 150.094381, 0.000000, 0.000000
346.025180, 150.210387, 0.000000, 0.000000
345.962675, 150.246536, 0.000000, 0.000000
345.800464, 150.307443, 0.000000, 0.000000
345.642426, 150.379463, 0.000000, 0.000000
345.575748, 150.404499, 0.000000, 0.000000
345.417710, 150.476518, 0.000000, 0.000000
345.529501, 150.447028, 0.000000, 0.000000
345.464274, 150.477999, 0.000000, 0.000000
346.072123, 150.386108, 0.000000, 0.000000
346.183240, 150.401597, 0.000000, 0.000000
346.112033, 150.400081, 0.000000, 0.000000
346.072754, 150.411031, 0.000000, 0.000000
345.942751, 150.403875, 0.000000, 0.000000
345.795960, 150.407120, 0.000000, 0.000000
345.664691, 150.399389, 0.000000, 0.000000
345.490198, 150.401003, 0.000000, 0.000000
345.373603, 150.394135, 0.000000, 0.000000
345.256310, 150.399118, 0.000000, 0.000000
345.139715, 150.392251, 0.000000, 0.000000
345.022422, 150.397233, 0.000000, 0.000000
344.860332, 150.387686, 0.000000, 0.000000
344.743039, 150.392669, 0.000000, 0.000000
344.626444, 150.385802, 0.000000, 0.000000
344.509152, 150.390785, 0.000000, 0.000000
344.392557, 150.383917, 0.000000, 0.000000
344.229769, 150.386220, 0.000000, 0.000000
344.113174, 150.379353, 0.000000, 0.000000
343.995881, 150.384336, 0.000000, 0.000000
343.879286, 150.377469, 0.000000, 0.000000
343.761993, 150.382451, 0.000000, 0.000000
343.599903, 150.372904, 0.000000, 0.000000
343.482610, 150.377887, 0.000000, 0.000000
343.365317, 150.382870, 0.000000, 0.000000
343.248722, 150.376002, 0.000000, 0.000000
343.158110, 150.382287, 0.000000, 0.000000
343.379280, 150.414085, 0.000000, 0.000000
343.518816, 150.460937, 0.000000, 0.000000
343.739799, 150.535169, 0.000000, 0.000000
344.025624, 150.680598, 0.000000, 0.000000
344.554727, 151.056621, 0.000000, 0.000000
344.467806, 150.993756, 0.000000, 0.000000
344.339242, 150.876221, 0.000000, 0.000000
344.240667, 150.802187, 0.000000, 0.000000
344.112103, 150.684652, 0.000000, 0.000000
344.013528, 150.610618, 0.000000, 0.000000
343.884963, 150.493083, 0.000000, 0.000000
343.786388, 150.419048, 0.000000, 0.000000
343.657824, 150.301514, 0.000000, 0.000000
343.559249, 150.227479, 0.000000, 0.000000
343.430685, 150.109944, 0.000000, 0.000000
343.332110, 150.035910, 0.000000, 0.000000
343.252437, 149.963661, 0.000000, 0.000000
343.199711, 149.929720, 0.000000, 0.000000
343.109232, 149.839390, 0.000000, 0.000000
343.026884, 149.772394, 0.000000, 0.000000
342.917569, 149.659770, 0.000000, 0.000000
342.831245, 149.587158, 0.000000, 0.000000
342.740534, 149.492583, 0.000000, 0.000000
342.642237, 149.406617, 0.000000, 0.000000
342.556165, 149.316221, 0.000000, 0.000000
342.460915, 149.232892, 0.000000, 0.000000
342.372430, 149.139391, 0.000000, 0.000000
342.276900, 149.055650, 0.000000, 0.000000
342.188480, 148.962087, 0.000000, 0.000000
342.091433, 148.876678, 0.000000, 0.000000
342.003013, 148.783115, 0.000000, 0.000000
341.905966, 148.697705, 0.000000, 0.000000
341.831019, 148.618400, 0.000000, 0.000000
341.732483, 148.531414, 0.000000, 0.000000
341.654826, 148.449240, 0.000000, 0.000000
341.568336, 148.375003, 0.000000, 0.000000
341.482051, 148.283698, 0.000000, 0.000000
341.387076, 148.200481, 0.000000, 0.000000
341.300728, 148.109111, 0.000000, 0.000000
341.205753, 148.025894, 0.000000, 0.000000
341.119406, 147.934524, 0.000000, 0.000000
341.024431, 147.851307, 0.000000, 0.000000
340.938083, 147.759937, 0.000000, 0.000000
340.843108, 147.676720, 0.000000, 0.000000
340.756760, 147.585350, 0.000000, 0.000000
340.661785, 147.502133, 0.000000, 0.000000
340.575437, 147.410763, 0.000000, 0.000000
340.480462, 147.327546, 0.000000, 0.000000
340.394115, 147.236176, 0.000000, 0.000000
340.299140, 147.152959, 0.000000, 0.000000
340.212792, 147.061589, 0.000000, 0.000000
340.117817, 146.978372, 0.000000, 0.000000
340.031470, 146.887002, 0.000000, 0.000000
339.936494, 146.803785, 0.000000, 0.000000
339.850147, 146.712415, 0.000000, 0.000000
339.755172, 146.629198, 0.000000, 0.000000
339.668824, 146.537828, 0.000000, 0.000000
339.573849, 146.454611, 0.000000, 0.000000
339.487501, 146.363241, 0.000000, 0.000000
339.392526, 146.280024, 0.000000, 0.000000
339.306179, 146.188654, 0.000000, 0.000000
339.175146, 146.067282, 0.000000, 0.000000
339.090029, 145.977214, 0.000000, 0.000000
338.974882, 145.872652, 0.000000, 0.000000
338.903104, 145.796699, 0.000000, 0.000000
338.789153, 145.693402, 0.000000, 0.000000
338.684021, 145.582155, 0.000000, 0.000000
338.570261, 145.479061, 0.000000, 0.000000
338.465128, 145.367812, 0.000000, 0.000000
338.351368, 145.264718, 0.000000, 0.000000
338.246236, 145.153471, 0.000000, 0.000000
338.132476, 145.050376, 0.000000, 0.000000
338.027343, 144.939129, 0.000000, 0.000000
337.913583, 144.836034, 0.000000, 0.000000
337.808451, 144.724787, 0.000000, 0.000000
337.694691, 144.621692, 0.000000, 0.000000
337.589558, 144.510444, 0.000000, 0.000000
337.502970, 144.436102, 0.000000, 0.000000
337.409508, 144.337203, 0.000000, 0.000000
337.291898, 144.230035, 0.000000, 0.000000
337.242979, 144.178270, 0.000000, 0.000000
337.148470, 144.094723, 0.000000, 0.000000
337.077740, 144.019037, 0.000000, 0.000000
337.022243, 143.972846, 0.000000, 0.000000
336.974009, 143.920676, 0.000000, 0.000000
336.920678, 143.871999, 0.000000, 0.000000
336.876335, 143.822689, 0.000000, 0.000000
336.825784, 143.771132, 0.000000, 0.000000
336.784959, 143.712770, 0.000000, 0.000000
336.750846, 143.689760, 0.000000, 0.000000
336.713881, 143.628880, 0.000000, 0.000000
336.697947, 143.638806, 0.000000, 0.000000
336.665878, 143.575211, 0.000000, 0.000000
336.650394, 143.591793, 0.000000, 0.000000
336.623622, 143.525793, 0.000000, 0.000000
336.585849, 143.464256, 0.000000, 0.000000
336.510072, 143.276727, 0.000000, 0.000000
336.472751, 143.214915, 0.000000, 0.000000
336.390497, 143.007807, 0.000000, 0.000000
336.353176, 142.945995, 0.000000, 0.000000
336.270922, 142.738886, 0.000000, 0.000000
336.233600, 142.677074, 0.000000, 0.000000
336.207311, 142.610880, 0.000000, 0.000000
336.114025, 142.408153, 0.000000, 0.000000
336.076704, 142.346341, 0.000000, 0.000000
335.994450, 142.139233, 0.000000, 0.000000
335.957128, 142.077421, 0.000000, 0.000000
335.874874, 141.870313, 0.000000, 0.000000
335.837553, 141.808500, 0.000000, 0.000000
335.811264, 141.742307, 0.000000, 0.000000
335.717978, 141.539580, 0.000000, 0.000000
335.691689, 141.473386, 0.000000, 0.000000
335.598402, 141.270659, 0.000000, 0.000000
335.572113, 141.204466, 0.000000, 0.000000
335.478827, 141.001739, 0.000000, 0.000000
335.452538, 140.935545, 0.000000, 0.000000
335.415217, 140.873733, 0.000000, 0.000000
335.332963, 140.666624, 0.000000, 0.000000
335.295641, 140.604812, 0.000000, 0.000000
335.213387, 140.397704, 0.000000, 0.000000
335.176066, 140.335892, 0.000000, 0.000000
335.071747, 140.137547, 1.000000, 0.000000
335.001329, 140.088879, 1.000000, 0.000000
334.919879, 140.044593, 1.000000, 0.000000
334.782463, 139.859392, 1.000000, 0.000000
334.712045, 139.810724, 1.000000, 0.000000
334.585662, 139.621142, 1.000000, 0.000000
334.526276, 139.568093, 1.000000, 0.000000
334.399893, 139.378511, 1.000000, 0.000000
334.307410, 139.338606, 1.000000, 0.000000
334.225960, 139.294320, 1.000000, 0.000000
334.088544, 139.109119, 1.000000, 0.000000
334.018126, 139.060451, 1.000000, 0.000000
333.896129, 138.913906, 1.000000, 0.000000
333.826741, 138.863780, 1.000000, 0.000000
333.710105, 138.722896, 1.000000, 0.000000
333.630844, 138.674801, 1.000000, 0.000000
333.562811, 138.622852, 1.000000, 0.000000
333.444874, 138.460318, 1.000000, 0.000000
333.377782, 138.407160, 1.000000, 0.000000
333.259620, 138.234092, 1.000000, 0.000000
333.170566, 138.187032, 1.000000, 0.000000
333.052926, 138.006904, 1.000000, 0.000000
332.975735, 137.955552, 1.000000, 0.000000
332.849154, 137.779577, 1.000000, 0.000000
332.772520, 137.727397, 1.000000, 0.000000
332.649594, 137.556215, 1.000000, 0.000000
332.573262, 137.503595, 1.000000, 0.000000
332.462435, 137.327227, 1.000000, 0.000000
332.374866, 137.277456, 1.000000, 0.000000
332.267176, 137.109669, 1.000000, 0.000000
332.191122, 137.056649, 1.000000, 0.000000
332.071728, 136.890291, 1.000000, 0.000000
331.966537, 136.730850, 1.000000, 0.000000
331.879034, 136.680964, 1.000000, 0.000000
331.774230, 136.522934, 1.000000, 0.000000
331.698176, 136.469913, 1.000000, 0.000000
331.593371, 136.311884, 1.000000, 0.000000
331.500016, 136.150720, 1.000000, 0.000000
331.435411, 136.094564, 1.000000, 0.000000
331.353505, 135.930265, 1.000000, 0.000000
331.300350, 135.870975, 1.000000, 0.000000
331.218443, 135.706676, 1.000000, 0.000000
331.147986, 135.539243, 1.000000, 0.000000
331.106280, 135.476817, 1.000000, 0.000000
331.035823, 135.309384, 1.000000, 0.000000
331.005566, 135.243824, 1.000000, 0.000000
330.946558, 135.073256, 1.000000, 0.000000
330.887550, 134.902688, 1.000000, 0.000000
330.868742, 134.833993, 1.000000, 0.000000
330.821183, 134.660290, 1.000000, 0.000000
330.802374, 134.591595, 1.000000, 0.000000
330.766265, 134.414758, 1.000000, 0.000000
330.718706, 134.241055, 1.000000, 0.000000
330.711347, 134.169225, 1.000000, 0.000000
330.675237, 133.992388, 1.000000, 0.000000
330.679327, 133.917424, 1.000000, 0.000000
330.643218, 133.740586, 1.000000, 0.000000
330.618557, 133.560614, 1.000000, 0.000000
330.622647, 133.485650, 1.000000, 0.000000
330.597987, 133.305678, 1.000000, 0.000000
330.590628, 133.233848, 1.000000, 0.000000
330.565967, 133.053876, 1.000000, 0.000000
330.541307, 132.873904, 1.000000, 0.000000
330.545397, 132.798940, 1.000000, 0.000000
330.509287, 132.622102, 1.000000, 0.000000
330.513377, 132.547138, 1.000000, 0.000000
330.477267, 132.370300, 1.000000, 0.000000
330.452607, 132.190328, 1.000000, 0.000000
330.456697, 132.115364, 1.000000, 0.000000
330.420587, 131.938527, 1.000000, 0.000000
330.413228, 131.866697, 1.000000, 0.000000
330.388567, 131.686725, 1.000000, 0.000000
330.349755, 131.500015, 1.000000, 0.000000
330.342396, 131.428185, 1.000000, 0.000000
330.299815, 131.227714, 1.000000, 0.000000
330.292456, 131.155885, 1.000000, 0.000000
330.296546, 131.080921, 1.000000, 0.000000
330.250171, 130.866588, 1.000000, 0.000000
330.242812, 130.794759, 1.000000, 0.000000
330.192620, 130.566487, 1.000000, 0.000000
330.185260, 130.494658, 1.000000, 0.000000
330.131235, 130.252386, 1.000000, 0.000000
330.123876, 130.180557, 1.000000, 0.000000
330.116517, 130.108727, 1.000000, 0.000000
330.058646, 129.852410, 1.000000, 0.000000
330.039838, 129.783715, 1.000000, 0.000000
330.032479, 129.711886, 1.000000, 0.000000
329.970752, 129.441483, 1.000000, 0.000000
329.963393, 129.369654, 1.000000, 0.000000
329.956034, 129.297824, 1.000000, 0.000000
329.884943, 129.038172, 1.000000, 0.000000
329.877584, 128.966343, 1.000000, 0.000000
329.870224, 128.894513, 1.000000, 0.000000
329.799133, 128.634862, 1.000000, 0.000000
329.791774, 128.563032, 1.000000, 0.000000
329.784415, 128.491203, 1.000000, 0.000000
329.712110, 128.227777, 1.000000, 0.000000
329.704418, 128.155982, 1.000000, 0.000000
329.696726, 128.084188, 1.000000, 0.000000
329.621153, 127.814918, 1.000000, 0.000000
329.612606, 127.743220, 1.000000, 0.000000
329.592663, 127.674846, 1.000000, 0.000000
329.524649, 127.401329, 1.000000, 0.000000
329.515115, 127.329756, 1.000000, 0.000000
329.494233, 127.261663, 1.000000, 0.000000
329.422088, 126.988048, 1.000000, 0.000000
329.411507, 126.916622, 1.000000, 0.000000
329.389631, 126.848842, 1.000000, 0.000000
329.313067, 126.575162, 1.000000, 0.000000
329.290139, 126.507730, 1.000000, 0.000000
329.278448, 126.436477, 1.000000, 0.000000
329.197156, 126.162775, 1.000000, 0.000000
329.173115, 126.095732, 1.000000, 0.000000
329.160247, 126.024682, 1.000000, 0.000000
329.062787, 125.755214, 1.000000, 0.000000
329.048669, 125.684402, 1.000000, 0.000000
329.023450, 125.617794, 1.000000, 0.000000
328.937192, 125.357000, 1.000000, 0.000000
328.911627, 125.290524, 1.000000, 0.000000
328.897142, 125.219786, 1.000000, 0.000000
328.800468, 124.968407, 1.000000, 0.000000
328.785974, 124.897671, 1.000000, 0.000000
328.760402, 124.831198, 1.000000, 0.000000
328.663745, 124.579940, 1.000000, 0.000000
328.649252, 124.509204, 1.000000, 0.000000
328.623679, 124.442730, 1.000000, 0.000000
328.527022, 124.191471, 1.000000, 0.000000
328.512529, 124.120735, 1.000000, 0.000000
328.498035, 124.050000, 1.000000, 0.000000
328.401378, 123.798742, 1.000000, 0.000000
328.386885, 123.728006, 1.000000, 0.000000
328.361313, 123.661532, 1.000000, 0.000000
328.264655, 123.410274, 1.000000, 0.000000
328.239083, 123.343800, 1.000000, 0.000000
328.224590, 123.273064, 1.000000, 0.000000
328.127932, 123.021806, 1.000000, 0.000000
328.113439, 122.951070, 1.000000, 0.000000
328.087867, 122.884596, 1.000000, 0.000000
328.002288, 122.629076, 1.000000, 0.000000
327.976716, 122.562602, 1.000000, 0.000000
327.962223, 122.491866, 1.000000, 0.000000
327.865565, 122.240608, 1.000000, 0.000000
327.851072, 122.169872, 1.000000, 0.000000
327.825500, 122.103398, 1.000000, 0.000000
327.739921, 121.847878, 1.000000, 0.000000
327.714349, 121.781404, 1.000000, 0.000000
327.699856, 121.710668, 1.000000, 0.000000
327.603199, 121.459410, 1.000000, 0.000000
327.588705, 121.388674, 1.000000, 0.000000
327.563133, 121.322200, 1.000000, 0.000000
327.466476, 121.070942, 1.000000, 0.000000
327.451983, 121.000206, 1.000000, 0.000000
327.426411, 120.933732, 1.000000, 0.000000
327.329753, 120.682474, 1.000000, 0.000000
327.315260, 120.611738, 1.000000, 0.000000
327.289688, 120.545264, 1.000000, 0.000000
327.193030, 120.294006, 1.000000, 0.000000
327.178537, 120.223270, 1.000000, 0.000000
327.152965, 120.156797, 1.000000, 0.000000
327.065587, 119.896601, 1.000000, 0.000000
327.040015, 119.830127, 1.000000, 0.000000
327.025522, 119.759391, 1.000000, 0.000000
326.929941, 119.510932, 1.000000, 0.000000
326.904369, 119.444458, 1.000000, 0.000000
326.822718, 119.199148, 1.000000, 0.000000
326.797146, 119.132674, 1.000000, 0.000000
326.782653, 119.061938, 1.000000, 0.000000
326.688485, 118.817151, 1.000000, 0.000000
326.662913, 118.750678, 1.000000, 0.000000
326.648420, 118.679942, 1.000000, 0.000000
326.557047, 118.442421, 1.000000, 0.000000
326.531475, 118.375947, 1.000000, 0.000000
326.453946, 118.141352, 1.000000, 0.000000
326.428374, 118.074878, 1.000000, 0.000000
326.413881, 118.004142, 1.000000, 0.000000
326.325124, 117.773161, 1.000000, 0.000000
326.310828, 117.702385, 1.000000, 0.000000
326.225010, 117.477531, 1.000000, 0.000000
326.200095, 117.410808, 1.000000, 0.000000
326.175179, 117.344085, 1.000000, 0.000000
326.102615, 117.115161, 1.000000, 0.000000
326.078209, 117.048250, 1.000000, 0.000000
325.995725, 116.822200, 1.000000, 0.000000
325.982972, 116.751130, 1.000000, 0.000000
325.959039, 116.684048, 1.000000, 0.000000
325.878162, 116.456753, 1.000000, 0.000000
325.865872, 116.385602, 1.000000, 0.000000
325.786072, 116.157321, 1.000000, 0.000000
325.762982, 116.089944, 1.000000, 0.000000
325.739892, 116.022568, 1.000000, 0.000000
325.673122, 115.790499, 1.000000, 0.000000
325.650467, 115.722975, 1.000000, 0.000000
325.573306, 115.493059, 1.000000, 0.000000
325.562295, 115.421698, 1.000000, 0.000000
325.540010, 115.354052, 1.000000, 0.000000
325.473943, 115.115369, 1.000000, 0.000000
325.451782, 115.047682, 1.000000, 0.000000
325.374231, 114.810810, 1.000000, 0.000000
325.363387, 114.739423, 1.000000, 0.000000
325.341259, 114.671725, 1.000000, 0.000000
325.263616, 114.434178, 1.000000, 0.000000
325.218922, 114.373855, 1.000000, 0.000000
325.141278, 114.136308, 1.000000, 0.000000
325.130434, 114.064922, 1.000000, 0.000000
325.108306, 113.997224, 1.000000, 0.000000
325.041946, 113.755989, 1.000000, 0.000000
325.019818, 113.688290, 1.000000, 0.000000
324.942174, 113.450743, 1.000000, 0.000000
324.920047, 113.383045, 1.000000, 0.000000
324.909202, 113.311658, 1.000000, 0.000000
324.842842, 113.070424, 1.000000, 0.000000
324.820714, 113.002725, 1.000000, 0.000000
324.754354, 112.761491, 1.000000, 0.000000
324.732226, 112.693792, 1.000000, 0.000000
324.710099, 112.626094, 1.000000, 0.000000
324.643738, 112.384859, 1.000000, 0.000000
324.621610, 112.317160, 1.000000, 0.000000
324.543967, 112.079614, 1.000000, 0.000000
324.533122, 112.008227, 1.000000, 0.000000
324.544844, 111.929465, 1.000000, 0.000000
324.478483, 111.688230, 1.000000, 0.000000
324.456356, 111.620532, 1.000000, 0.000000
324.378712, 111.382985, 1.000000, 0.000000
324.334018, 111.322662, 1.000000, 0.000000
324.300608, 111.258652, 1.000000, 0.000000
324.222964, 111.021105, 1.000000, 0.000000
324.200837, 110.953406, 1.000000, 0.000000
324.123193, 110.715860, 1.000000, 0.000000
324.112348, 110.644473, 1.000000, 0.000000
324.090221, 110.576775, 1.000000, 0.000000
324.012577, 110.339228, 1.000000, 0.000000
323.990450, 110.271529, 1.000000, 0.000000
323.912806, 110.033982, 1.000000, 0.000000
323.890678, 109.966284, 1.000000, 0.000000
323.868551, 109.898585, 1.000000, 0.000000
323.803472, 109.661273, 1.000000, 0.000000
323.781345, 109.593575, 1.000000, 0.000000
323.781783, 109.518500, 1.000000, 0.000000
323.736098, 109.264105, 1.000000, 0.000000
323.713971, 109.196407, 1.000000, 0.000000
323.608690, 108.950722, 1.000000, 0.000000
323.575280, 108.886712, 1.000000, 0.000000
323.553152, 108.819013, 1.000000, 0.000000
323.470939, 108.567486, 1.000000, 0.000000
323.448811, 108.499787, 1.000000, 0.000000
323.426683, 108.432089, 1.000000, 0.000000
323.341277, 108.170791, 1.000000, 0.000000
323.330432, 108.099404, 1.000000, 0.000000
323.308305, 108.031706, 1.000000, 0.000000
323.223387, 107.771904, 1.000000, 0.000000
323.212542, 107.700518, 1.000000, 0.000000
323.190415, 107.632819, 1.000000, 0.000000
323.102292, 107.363213, 1.000000, 0.000000
323.080165, 107.295514, 1.000000, 0.000000
323.069320, 107.224128, 1.000000, 0.000000
322.980428, 106.952166, 1.000000, 0.000000
322.958300, 106.884468, 1.000000, 0.000000
322.936173, 106.816769, 1.000000, 0.000000
322.847280, 106.544808, 1.000000, 0.000000
322.836436, 106.473421, 1.000000, 0.000000
322.814308, 106.405723, 1.000000, 0.000000
322.725416, 106.133761, 1.000000, 0.000000
322.714571, 106.062375, 1.000000, 0.000000
322.692444, 105.994676, 1.000000, 0.000000
322.604311, 105.724930, 1.000000, 0.000000
322.593573, 105.653528, 1.000000, 0.000000
322.571547, 105.585796, 1.000000, 0.000000
322.484552, 105.318083, 1.000000, 0.000000
322.474023, 105.246649, 1.000000, 0.000000
322.452195, 105.178853, 1.000000, 0.000000
322.366197, 104.911520, 1.000000, 0.000000
322.344595, 104.843652, 1.000000, 0.000000
322.334305, 104.772184, 1.000000, 0.000000
322.249251, 104.504731, 1.000000, 0.000000
322.227880, 104.436789, 1.000000, 0.000000
322.206510, 104.368848, 1.000000, 0.000000
322.122413, 104.101238, 1.000000, 0.000000
322.101280, 104.033223, 1.000000, 0.000000
322.091484, 103.961685, 1.000000, 0.000000
322.008380, 103.693959, 1.000000, 0.000000
321.987491, 103.625868, 1.000000, 0.000000
321.966603, 103.557777, 1.000000, 0.000000
321.884505, 103.289897, 1.000000, 0.000000
321.863868, 103.221729, 1.000000, 0.000000
321.854591, 103.150122, 1.000000, 0.000000
321.772456, 102.878701, 1.000000, 0.000000
321.751925, 102.810501, 1.000000, 0.000000
321.742761, 102.738880, 1.000000, 0.000000
321.660348, 102.465110, 1.000000, 0.000000
321.639826, 102.396908, 1.000000, 0.000000
321.630671, 102.325285, 1.000000, 0.000000
321.548229, 102.051299, 1.000000, 0.000000
321.527707, 101.983096, 1.000000, 0.000000
321.507185, 101.914894, 1.000000, 0.000000
321.424743, 101.640908, 1.000000, 0.000000
321.404221, 101.572706, 1.000000, 0.000000
321.383699, 101.504504, 1.000000, 0.000000
321.301258, 101.230518, 1.000000, 0.000000
321.280736, 101.162316, 1.000000, 0.000000
321.271581, 101.090693, 1.000000, 0.000000
321.223240, 100.806446, 1.000000, 0.000000
321.202718, 100.738243, 1.000000, 0.000000
321.182196, 100.670041, 1.000000, 0.000000
321.099754, 100.396055, 1.000000, 0.000000
321.079232, 100.327853, 1.000000, 0.000000
321.058710, 100.259651, 1.000000, 0.000000
320.976268, 99.985665, 1.000000, 0.000000
320.955747, 99.917463, 1.000000, 0.000000
320.935225, 99.849260, 1.000000, 0.000000
320.864150, 99.571854, 1.000000, 0.000000
320.843628, 99.503651, 1.000000, 0.000000
320.823106, 99.435449, 1.000000, 0.000000
320.740664, 99.161463, 1.000000, 0.000000
320.731509, 99.089841, 1.000000, 0.000000
320.710987, 99.021638, 1.000000, 0.000000
320.628545, 98.747653, 1.000000, 0.000000
320.608023, 98.679450, 1.000000, 0.000000
320.587501, 98.611248, 1.000000, 0.000000
320.505059, 98.337262, 1.000000, 0.000000
320.495905, 98.265639, 1.000000, 0.000000
320.475383, 98.197437, 1.000000, 0.000000
320.392941, 97.923451, 1.000000, 0.000000
320.372419, 97.855249, 1.000000, 0.000000
320.351897, 97.787046, 1.000000, 0.000000
320.281527, 97.511982, 1.000000, 0.000000
320.261005, 97.443780, 1.000000, 0.000000
320.240483, 97.375577, 1.000000, 0.000000
320.159751, 97.107275, 1.000000, 0.000000
320.139229, 97.039072, 1.000000, 0.000000
320.130074, 96.967450, 1.000000, 0.000000
320.050347, 96.702485, 1.000000, 0.000000
320.029825, 96.634283, 1.000000, 0.000000
320.009303, 96.566080, 1.000000, 0.000000
319.930578, 96.304449, 1.000000, 0.000000
319.910056, 96.236246, 1.000000, 0.000000
319.889534, 96.168044, 1.000000, 0.000000
319.811811, 95.909740, 1.000000, 0.000000
319.791289, 95.841538, 1.000000, 0.000000
319.770767, 95.773336, 1.000000, 0.000000
319.690624, 95.506989, 1.000000, 0.000000
319.670102, 95.438787, 1.000000, 0.000000
319.660947, 95.367164, 1.000000, 0.000000
319.581803, 95.104137, 1.000000, 0.000000
319.561281, 95.035934, 1.000000, 0.000000
319.540759, 94.967732, 1.000000, 0.000000
319.461914, 94.705699, 1.000000, 0.000000
319.441392, 94.637496, 1.000000, 0.000000
319.362547, 94.375464, 1.000000, 0.000000
319.342025, 94.307261, 1.000000, 0.000000
319.321503, 94.239059, 1.000000, 0.000000
319.255949, 93.979891, 1.000000, 0.000000
319.235679, 93.911613, 1.000000, 0.000000
319.215409, 93.843335, 1.000000, 0.000000
319.140453, 93.590489, 1.000000, 0.000000
319.120564, 93.522100, 1.000000, 0.000000
319.100674, 93.453710, 1.000000, 0.000000
319.027275, 93.200703, 1.000000, 0.000000
319.007777, 93.132201, 1.000000, 0.000000
318.988280, 93.063698, 1.000000, 0.000000
318.916343, 92.810086, 1.000000, 0.000000
318.897231, 92.741475, 1.000000, 0.000000
318.878119, 92.672864, 1.000000, 0.000000
318.807624, 92.418666, 1.000000, 0.000000
318.788891, 92.349950, 1.000000, 0.000000
318.719441, 92.095286, 1.000000, 0.000000
318.701082, 92.026469, 1.000000, 0.000000
318.682724, 91.957653, 1.000000, 0.000000
318.614676, 91.702436, 1.000000, 0.000000
318.596685, 91.633523, 1.000000, 0.000000
318.578694, 91.564609, 1.000000, 0.000000
318.510759, 91.304178, 1.000000, 0.000000
318.492942, 91.235220, 1.000000, 0.000000
318.475124, 91.166261, 1.000000, 0.000000
318.418367, 90.899081, 1.000000, 0.000000
318.412073, 90.827151, 1.000000, 0.000000
318.405779, 90.755220, 1.000000, 0.000000
318.348930, 90.487289, 0.000000, 0.000000
318.331142, 90.418323, 0.000000, 0.000000
318.301859, 90.352322, 0.000000, 0.000000
318.233517, 90.087356, 0.000000, 0.000000
318.215729, 90.018390, 0.000000, 0.000000
318.147386, 89.753424, 0.000000, 0.000000
318.118104, 89.687423, 0.000000, 0.000000
318.100315, 89.618457, 0.000000, 0.000000
318.031973, 89.353491, 0.000000, 0.000000
318.014184, 89.284525, 0.000000, 0.000000
317.984902, 89.218524, 0.000000, 0.000000
317.916559, 88.953558, 0.000000, 0.000000
317.898771, 88.884592, 0.000000, 0.000000
317.880983, 88.815626, 0.000000, 0.000000
317.801146, 88.553625, 0.000000, 0.000000
317.783358, 88.484659, 0.000000, 0.000000
317.754075, 88.418658, 1.000000, 0.000000
317.697227, 88.150728, 1.000000, 0.000000
317.690933, 88.078797, 1.000000, 0.000000
317.673145, 88.009831, 1.000000, 0.000000
317.604802, 87.744865, 1.000000, 0.000000
317.587014, 87.675899, 1.000000, 0.000000
317.518671, 87.410933, 1.000000, 0.000000
317.500883, 87.341967, 1.000000, 0.000000
317.483095, 87.273001, 1.000000, 0.000000
317.414752, 87.008035, 1.000000, 0.000000
317.396964, 86.939069, 1.000000, 0.000000
317.390670, 86.867139, 1.000000, 0.000000
317.322327, 86.602173, 1.000000, 0.000000
317.304539, 86.533207, 1.000000, 0.000000
317.286751, 86.464241, 1.000000, 0.000000
317.218408, 86.199275, 1.000000, 0.000000
317.200620, 86.130309, 1.000000, 0.000000
317.182832, 86.061343, 1.000000, 0.000000
317.114020, 85.794558, 1.000000, 0.000000
317.096232, 85.725593, 1.000000, 0.000000
317.089938, 85.653662, 1.000000, 0.000000
317.020529, 85.384562, 1.000000, 0.000000
317.014235, 85.312632, 1.000000, 0.000000
317.007941, 85.240701, 1.000000, 0.000000
316.975380, 84.971874, 0.000000, 0.000000
316.946097, 84.905873, 0.000000, 0.000000
316.928309, 84.836907, 0.000000, 0.000000
316.860661, 84.574633, 0.000000, 0.000000
316.831378, 84.508632, 0.000000, 0.000000
316.813590, 84.439666, 0.000000, 0.000000
316.745335, 84.175038, 0.000000, 0.000000
316.716052, 84.109037, 0.000000, 0.000000
316.698264, 84.040071, 0.000000, 0.000000
316.617904, 83.776042, 0.000000, 0.000000
316.600115, 83.707076, 0.000000, 0.000000
316.582327, 83.638111, 0.000000, 0.000000
316.501354, 83.371702, 0.000000, 0.000000
316.483565, 83.302736, 0.000000, 0.000000
316.454283, 83.236735, 0.000000, 0.000000
316.384674, 82.966861, 0.000000, 0.000000
316.366886, 82.897895, 0.000000, 0.000000
316.337603, 82.831894, 0.000000, 0.000000
316.267995, 82.562020, 1.000000, 0.000000
316.261701, 82.490089, 1.000000, 0.000000
316.255407, 82.418159, 1.000000, 0.000000
316.185799, 82.148285, 1.000000, 0.000000
316.168010, 82.079319, 1.000000, 0.000000
316.161716, 82.007388, 1.000000, 0.000000
316.092896, 81.740213, 1.000000, 0.000000
316.075214, 81.671220, 1.000000, 0.000000
316.046033, 81.605174, 1.000000, 0.000000
315.978383, 81.340520, 1.000000, 0.000000
315.960911, 81.271474, 1.000000, 0.000000
315.943440, 81.202427, 1.000000, 0.000000
315.876535, 80.937346, 1.000000, 0.000000
315.859265, 80.868248, 1.000000, 0.000000
315.841996, 80.799150, 1.000000, 0.000000
315.787328, 80.530807, 1.000000, 0.000000
315.770252, 80.461661, 1.000000, 0.000000
315.753176, 80.392515, 1.000000, 0.000000
315.676144, 80.129471, 1.000000, 0.000000
315.659253, 80.060279, 1.000000, 0.000000
315.653894, 79.988273, 1.000000, 0.000000
315.600591, 79.719254, 1.000000, 0.000000
315.595417, 79.647234, 1.000000, 0.000000
315.590243, 79.575214, 1.000000, 0.000000
315.549145, 79.303197, 0.000000, 0.000000
315.521056, 79.236679, 0.000000, 0.000000
315.504513, 79.167404, 0.000000, 0.000000
315.429000, 78.901904, 0.000000, 0.000000
315.401015, 78.835342, 0.000000, 0.000000
315.384581, 78.766041, 0.000000, 0.000000
315.308963, 78.498485, 0.000000, 0.000000
315.292564, 78.429175, 0.000000, 0.000000
315.264613, 78.362599, 0.000000, 0.000000
315.200439, 78.091381, 0.000000, 0.000000
315.172488, 78.024805, 0.000000, 0.000000
315.144537, 77.958229, 0.000000, 0.000000
315.080363, 77.687012, 0.000000, 0.000000
315.052412, 77.620435, 0.000000, 0.000000
315.036013, 77.551126, 0.000000, 0.000000
314.960288, 77.282642, 0.000000, 0.000000
314.932337, 77.216066, 0.000000, 0.000000
314.915937, 77.146757, 1.000000, 0.000000
314.874867, 76.870072, 1.000000, 0.000000
314.858467, 76.800763, 1.000000, 0.000000
314.853619, 76.728720, 1.000000, 0.000000
314.789446, 76.457502, 1.000000, 0.000000
314.773046, 76.388193, 1.000000, 0.000000
314.756647, 76.318884, 1.000000, 0.000000
314.692473, 76.047666, 1.000000, 0.000000
314.676074, 75.978357, 1.000000, 0.000000
314.648123, 75.911781, 1.000000, 0.000000
314.583949, 75.640563, 1.000000, 0.000000
314.567550, 75.571254, 1.000000, 0.000000
314.551150, 75.501944, 1.000000, 0.000000
314.486977, 75.230727, 1.000000, 0.000000
314.470577, 75.161417, 1.000000, 0.000000
314.442626, 75.094841, 1.000000, 0.000000
314.378453, 74.823624, 1.000000, 0.000000
314.362053, 74.754314, 1.000000, 0.000000
314.345654, 74.685005, 1.000000, 0.000000
314.281480, 74.413787, 1.000000, 0.000000
314.276632, 74.341745, 1.000000, 0.000000
314.260233, 74.272435, 1.000000, 0.000000
314.207611, 73.998484, 1.000000, 0.000000
314.202763, 73.926442, 0.000000, 0.000000
314.186364, 73.857133, 0.000000, 0.000000
314.121468, 73.582863, 0.000000, 0.000000
314.093517, 73.516286, 0.000000, 0.000000
314.077117, 73.446977, 0.000000, 0.000000
314.010747, 73.166474, 0.000000, 0.000000
313.994347, 73.097165, 0.000000, 0.000000
313.977948, 73.027856, 0.000000, 0.000000
313.912835, 72.752669, 0.000000, 0.000000
313.884884, 72.686093, 0.000000, 0.000000
313.868485, 72.616784, 0.000000, 0.000000
313.801896, 72.335357, 0.000000, 0.000000
313.785496, 72.266048, 0.000000, 0.000000
313.769097, 72.196738, 0.000000, 0.000000
313.701030, 71.909068, 0.000000, 0.000000
313.673079, 71.842492, 0.000000, 0.000000
313.656680, 71.773183, 0.000000, 0.000000
313.587135, 71.479266, 0.000000, 0.000000
313.559184, 71.412690, 1.000000, 0.000000
313.542785, 71.343380, 1.000000, 0.000000
313.537937, 71.271338, 1.000000, 0.000000
313.469647, 70.982722, 1.000000, 0.000000
313.453247, 70.913413, 1.000000, 0.000000
313.436848, 70.844104, 1.000000, 0.000000
313.367803, 70.552299, 1.000000, 0.000000
313.351404, 70.482990, 1.000000, 0.000000
313.335004, 70.413681, 1.000000, 0.000000
313.265960, 70.121877, 1.000000, 0.000000
313.249560, 70.052567, 1.000000, 0.000000
313.233161, 69.983258, 1.000000, 0.000000
313.216761, 69.913949, 1.000000, 0.000000
313.147717, 69.622145, 1.000000, 0.000000
313.119766, 69.555569, 1.000000, 0.000000
313.103366, 69.486259, 1.000000, 0.000000
313.034322, 69.194455, 1.000000, 0.000000
313.017922, 69.125146, 1.000000, 0.000000
313.001523, 69.055836, 1.000000, 0.000000
312.932559, 68.764363, 1.000000, 0.000000
312.916172, 68.695050, 1.000000, 0.000000
312.899786, 68.625738, 1.000000, 0.000000
312.883400, 68.556425, 1.000000, 0.000000
312.826531, 68.263968, 1.000000, 0.000000
312.821784, 68.191918, 1.000000, 0.000000
312.817038, 68.119869, 0.000000, 0.000000
312.737507, 67.833262, 0.000000, 0.000000
312.721308, 67.763906, 0.000000, 0.000000
312.705109, 67.694549, 0.000000, 0.000000
312.625970, 67.407835, 0.000000, 0.000000
312.609875, 67.338455, 0.000000, 0.000000
312.582216, 67.271757, 0.000000, 0.000000
312.566121, 67.202376, 0.000000, 0.000000
312.499045, 66.912847, 0.000000, 0.000000
312.471486, 66.846108, 0.000000, 0.000000
312.455496, 66.776703, 0.000000, 0.000000
312.377250, 66.489731, 0.000000, 0.000000
312.361364, 66.420302, 0.000000, 0.000000
312.345479, 66.350873, 0.000000, 0.000000
312.267634, 66.063792, 0.000000, 0.000000
312.251855, 65.994339, 0.000000, 0.000000
312.224500, 65.927516, 0.000000, 0.000000
312.197145, 65.860693, 1.000000, 0.000000
312.154420, 65.565141, 1.000000, 0.000000
312.138728, 65.495668, 1.000000, 0.000000
312.134615, 65.423580, 1.000000, 0.000000
312.068654, 65.131501, 1.000000, 0.000000
312.052979, 65.062024, 1.000000, 0.000000
312.037305, 64.992547, 1.000000, 0.000000
311.971313, 64.700038, 1.000000, 0.000000
311.955638, 64.630561, 1.000000, 0.000000
311.939964, 64.561084, 1.000000, 0.000000
311.924289, 64.491607, 1.000000, 0.000000
311.846717, 64.201710, 1.000000, 0.000000
311.831043, 64.132234, 1.000000, 0.000000
311.815368, 64.062757, 1.000000, 0.000000
311.760955, 63.767634, 1.000000, 0.000000
311.745281, 63.698158, 1.000000, 0.000000
311.718027, 63.631293, 1.000000, 0.000000
311.663614, 63.336171, 1.000000, 0.000000
311.647940, 63.266695, 1.000000, 0.000000
311.632265, 63.197218, 1.000000, 0.000000
311.616591, 63.127741, 1.000000, 0.000000
311.550598, 62.835231, 1.000000, 0.000000
311.534924, 62.765755, 1.000000, 0.000000
311.519249, 62.696278, 1.000000, 0.000000
311.464836, 62.401156, 1.000000, 0.000000
311.449162, 62.331679, 1.000000, 0.000000
311.445067, 62.259589, 0.000000, 0.000000
311.367495, 61.969692, 0.000000, 0.000000
311.351821, 61.900216, 0.000000, 0.000000
311.336146, 61.830739, 0.000000, 0.000000
311.308892, 61.763874, 0.000000, 0.000000
311.242900, 61.471365, 0.000000, 0.000000
311.227225, 61.401888, 0.000000, 0.000000
311.199971, 61.335024, 0.000000, 0.000000
311.133979, 61.042514, 0.000000, 0.000000
311.118304, 60.973037, 0.000000, 0.000000
311.091050, 60.906173, 0.000000, 0.000000
311.025058, 60.613663, 0.000000, 0.000000
310.997804, 60.546799, 0.000000, 0.000000
310.982130, 60.477322, 0.000000, 0.000000
310.966455, 60.407845, 0.000000, 0.000000
310.889084, 60.118838, 0.000000, 0.000000
309.217545, 60.422937, -1.000000, 0.000000
310.846156, 59.982497, 1.000000, 0.000000
310.780618, 59.692003, 1.000000, 0.000000
310.764944, 59.622526, 1.000000, 0.000000
310.760849, 59.550437, 1.000000, 0.000000
310.695565, 59.261068, 1.000000, 0.000000
310.679890, 59.191591, 1.000000, 0.000000
310.664216, 59.122115, 1.000000, 0.000000
310.648541, 59.052638, 1.000000, 0.000000
310.571932, 58.767005, 1.000000, 0.000000
310.556257, 58.697529, 1.000000, 0.000000
310.540583, 58.628052, 1.000000, 0.000000
310.475806, 58.340929, 1.000000, 0.000000
310.460131, 58.271452, 1.000000, 0.000000
310.444457, 58.201976, 1.000000, 0.000000
310.379933, 57.915975, 1.000000, 0.000000
310.364259, 57.846499, 1.000000, 0.000000
310.348584, 57.777022, 1.000000, 0.000000
310.332910, 57.707545, 1.000000, 0.000000
310.280218, 57.420053, 1.000000, 0.000000
310.264544, 57.350576, 1.000000, 0.000000
310.248869, 57.281100, 1.000000, 0.000000
310.184651, 56.996455, 1.000000, 0.000000
310.180556, 56.924366, 1.000000, 0.000000
310.176461, 56.852277, 1.000000, 0.000000
308.433220, 56.946433, -1.000000, 0.000000
310.119728, 56.492931, 0.000000, 0.000000
310.104053, 56.423454, 0.000000, 0.000000
310.076799, 56.356590, 0.000000, 0.000000
310.012581, 56.071945, 0.000000, 0.000000
309.996907, 56.002469, 0.000000, 0.000000
309.981232, 55.932992, 0.000000, 0.000000
309.905435, 55.650960, 0.000000, 0.000000
309.889761, 55.581483, 0.000000, 0.000000
309.874086, 55.512006, 0.000000, 0.000000
309.809442, 55.225538, 0.000000, 0.000000
309.782116, 55.158703, 0.000000, 0.000000
309.766366, 55.089244, 0.000000, 0.000000
309.750616, 55.019784, 0.000000, 0.000000
309.684850, 54.730541, 0.000000, 0.000000
309.668904, 54.661126, 0.000000, 0.000000
309.641389, 54.594369, 0.000000, 0.000000
309.574678, 54.304537, 0.000000, 0.000000
309.546942, 54.237871, 1.000000, 0.000000
309.542327, 54.165814, 1.000000, 0.000000
309.474819, 53.876536, 1.000000, 0.000000
309.458429, 53.807224, 1.000000, 0.000000
309.442039, 53.737913, 1.000000, 0.000000
309.437201, 53.665870, 1.000000, 0.000000
309.368736, 53.377119, 1.000000, 0.000000
309.352144, 53.307856, 1.000000, 0.000000
309.335553, 53.238592, 1.000000, 0.000000
309.266395, 52.950319, 1.000000, 0.000000
309.238079, 52.883898, 1.000000, 0.000000
309.221300, 52.814679, 1.000000, 0.000000
309.151496, 52.526882, 1.000000, 0.000000
309.134539, 52.457707, 1.000000, 0.000000
309.117582, 52.388532, 1.000000, 0.000000
309.100625, 52.319357, 1.000000, 0.000000
309.029884, 52.031478, 1.000000, 0.000000
309.012738, 51.962350, 1.000000, 0.000000
308.995592, 51.893221, 1.000000, 0.000000
308.913440, 51.611444, 1.000000, 0.000000
308.896234, 51.542331, 1.000000, 0.000000
308.890547, 51.470350, 1.000000, 0.000000
308.831522, 51.184129, 1.000000, 0.000000
308.825826, 51.112148, 1.000000, 0.000000
308.820130, 51.040168, 0.000000, 0.000000
308.802916, 50.971057, 0.000000, 0.000000
308.732389, 50.687910, 0.000000, 0.000000
308.703656, 50.621667, 0.000000, 0.000000
308.686441, 50.552556, 0.000000, 0.000000
308.615914, 50.269409, 0.000000, 0.000000
308.598700, 50.200297, 0.000000, 0.000000
308.581485, 50.131186, 0.000000, 0.000000
308.499440, 49.850908, 0.000000, 0.000000
308.482225, 49.781797, 0.000000, 0.000000
308.465011, 49.712685, 0.000000, 0.000000
308.447796, 49.643574, 0.000000, 0.000000
308.377269, 49.360427, 0.000000, 0.000000
308.360055, 49.291316, 0.000000, 0.000000
308.331322, 49.225073, 0.000000, 0.000000
308.260795, 48.941926, 0.000000, 0.000000
308.243580, 48.872815, 0.000000, 0.000000
308.214847, 48.806572, 1.000000, 0.000000
308.144320, 48.523425, 1.000000, 0.000000
308.138624, 48.451445, 1.000000, 0.000000
308.121410, 48.382334, 1.000000, 0.000000
308.104195, 48.313222, 1.000000, 0.000000
308.033668, 48.030075, 1.000000, 0.000000
308.016454, 47.960964, 1.000000, 0.000000
307.999240, 47.891853, 1.000000, 0.000000
307.928712, 47.608705, 1.000000, 0.000000
307.911498, 47.539594, 1.000000, 0.000000
307.894284, 47.470482, 1.000000, 0.000000
351.571956, 154.871361, 0.000000, -1.#QNAN0
351.500268, 154.879990, 0.000000, -1.#QNAN0
351.299966, 154.937751, 0.000000, -1.#QNAN0
351.074322, 154.998964, 0.000000, -1.#QNAN0
351.002321, 155.004390, 0.000000, -1.#QNAN0
350.772091, 155.058770, 0.000000, -1.#QNAN0
350.552468, 155.105123, 0.000000, -1.#QNAN0
350.480279, 155.106684, 0.000000, -1.#QNAN0
350.307527, 155.139285, 0.000000, -1.#QNAN0
350.137233, 155.171256, 0.000000, -1.#QNAN0
350.065043, 155.172731, 0.000000, -1.#QNAN0
349.894749, 155.204702, 0.000000, -1.#QNAN0
349.724455, 155.236673, 0.000000, -1.#QNAN0
349.652265, 155.238148, 0.000000, -1.#QNAN0
349.481971, 155.270119, 0.000000, -1.#QNAN0
349.311677, 155.302090, 0.000000, -1.#QNAN0
349.239487, 155.303565, 0.000000, -1.#QNAN0
349.069193, 155.335535, 0.000000, -1.#QNAN0
348.898899, 155.367506, 0.000000, -1.#QNAN0
348.826709, 155.368981, 0.000000, -1.#QNAN0
348.656415, 155.400952, 0.000000, -1.#QNAN0
348.486121, 155.432923, 0.000000, -1.#QNAN0
348.413931, 155.434398, 0.000000, -1.#QNAN0
348.252943, 155.464765, 0.000000, -1.#QNAN0
348.144968, 155.484554, 0.000000, -1.#QNAN0
348.075476, 155.500159, 0.000000, -1.#QNAN0
348.070299, 155.484856, 0.000000, -1.#QNAN0
348.011372, 155.500152, 0.000000, -1.#QNAN0
347.944695, 155.525188, 0.000000, -1.#QNAN0
347.778311, 155.574981, 0.000000, -1.#QNAN0
347.616100, 155.635888, 0.000000, -1.#QNAN0
347.549423, 155.660924, 0.000000, -1.#QNAN0
347.383039, 155.710718, 0.000000, -1.#QNAN0
347.064648, 155.823150, 0.000000, -1.#QNAN0
346.996162, 155.842706, 0.000000, -1.#QNAN0
346.389924, 155.944296, 0.000000, -1.#QNAN0
346.064994, 155.955734, 0.000000, -1.#QNAN0
345.993787, 155.954219, 0.000000, -1.#QNAN0
345.777463, 155.934798, 0.000000, -1.#QNAN0
345.617508, 155.925960, 0.000000, -1.#QNAN0
345.471415, 155.917355, 0.000000, -1.#QNAN0
345.340844, 155.897774, 0.000000, -1.#QNAN0
345.167049, 155.887537, 0.000000, -1.#QNAN0
345.050454, 155.880670, 0.000000, -1.#QNAN0
344.934557, 155.861953, 0.000000, -1.#QNAN0
344.817962, 155.855086, 0.000000, -1.#QNAN0
344.701367, 155.848218, 0.000000, -1.#QNAN0
344.539975, 155.826822, 0.000000, -1.#QNAN0
344.423380, 155.819954, 0.000000, -1.#QNAN0
344.306785, 155.813087, 0.000000, -1.#QNAN0
344.190888, 155.794370, 0.000000, -1.#QNAN0
344.074293, 155.787502, 0.000000, -1.#QNAN0
343.912203, 155.777956, 0.000000, -1.#QNAN0
343.796306, 155.759238, 0.000000, -1.#QNAN0
343.679711, 155.752371, 0.000000, -1.#QNAN0
343.563116, 155.745504, 0.000000, -1.#QNAN0
343.447219, 155.726787, 0.000000, -1.#QNAN0
343.285129, 155.717240, 0.000000, -1.#QNAN0
343.168534, 155.710372, 0.000000, -1.#QNAN0
343.052637, 155.691655, 0.000000, -1.#QNAN0
342.936042, 155.684788, 0.000000, -1.#QNAN0
342.804318, 155.676594, 0.000000, -1.#QNAN0
342.428873, 155.622324, 0.000000, -1.#QNAN0
342.171660, 155.568642, 0.000000, -1.#QNAN0
341.874702, 155.477323, 0.000000, -1.#QNAN0
341.552107, 155.321173, 0.000000, -1.#QNAN0
341.025209, 154.954791, 0.000000, -1.#QNAN0
340.927616, 154.866167, 0.000000, -1.#QNAN0
340.807061, 154.739871, 0.000000, -1.#QNAN0
340.716495, 154.657076, 0.000000, -1.#QNAN0
340.587931, 154.539541, 0.000000, -1.#QNAN0
340.505375, 154.447984, 0.000000, -1.#QNAN0
340.376811, 154.330450, 0.000000, -1.#QNAN0
340.286245, 154.247654, 0.000000, -1.#QNAN0
340.165690, 154.121358, 0.000000, -1.#QNAN0
340.075125, 154.038563, 0.000000, -1.#QNAN0
339.946561, 153.921028, 0.000000, -1.#QNAN0
339.864005, 153.829471, 0.000000, -1.#QNAN0
339.708163, 153.686158, 0.000000, -1.#QNAN0
339.594966, 153.577019, 0.000000, -1.#QNAN0
339.461728, 153.427020, 0.000000, -1.#QNAN0
339.369037, 153.332478, 0.000000, -1.#QNAN0
339.240971, 153.200486, 0.000000, -1.#QNAN0
339.165175, 153.104569, 0.000000, -1.#QNAN0
339.063668, 152.998707, 0.000000, -1.#QNAN0
338.971200, 152.901650, 0.000000, -1.#QNAN0
338.886221, 152.795170, 0.000000, -1.#QNAN0
338.796654, 152.700580, 0.000000, -1.#QNAN0
338.708169, 152.607079, 0.000000, -1.#QNAN0
338.627473, 152.504471, 0.000000, -1.#QNAN0
338.539054, 152.410909, 0.000000, -1.#QNAN0
338.450634, 152.317346, 0.000000, -1.#QNAN0
338.370841, 152.215630, 0.000000, -1.#QNAN0
338.282422, 152.122067, 0.000000, -1.#QNAN0
338.207475, 152.042761, 0.000000, -1.#QNAN0
338.126193, 151.939469, 0.000000, -1.#QNAN0
338.048537, 151.857295, 0.000000, -1.#QNAN0
337.970675, 151.774904, 0.000000, -1.#QNAN0
337.884389, 151.683600, 0.000000, -1.#QNAN0
337.806669, 151.584076, 0.000000, -1.#QNAN0
337.720321, 151.492706, 0.000000, -1.#QNAN0
337.633974, 151.401336, 0.000000, -1.#QNAN0
337.556254, 151.301813, 0.000000, -1.#QNAN0
337.469906, 151.210442, 0.000000, -1.#QNAN0
337.383559, 151.119072, 0.000000, -1.#QNAN0
337.305839, 151.019549, 0.000000, -1.#QNAN0
337.219491, 150.928179, 0.000000, -1.#QNAN0
337.133143, 150.836809, 0.000000, -1.#QNAN0
337.055423, 150.737286, 0.000000, -1.#QNAN0
336.969075, 150.645915, 0.000000, -1.#QNAN0
336.882728, 150.554545, 0.000000, -1.#QNAN0
336.805008, 150.455022, 0.000000, -1.#QNAN0
336.718660, 150.363652, 0.000000, -1.#QNAN0
336.632313, 150.272282, 0.000000, -1.#QNAN0
336.554593, 150.172758, 0.000000, -1.#QNAN0
336.468245, 150.081388, 0.000000, -1.#QNAN0
336.381897, 149.990018, 0.000000, -1.#QNAN0
336.304177, 149.890495, 0.000000, -1.#QNAN0
336.217830, 149.799124, 0.000000, -1.#QNAN0
336.131482, 149.707754, 0.000000, -1.#QNAN0
336.053762, 149.608231, 0.000000, -1.#QNAN0
335.967414, 149.516861, 0.000000, -1.#QNAN0
335.881067, 149.425491, 0.000000, -1.#QNAN0
335.767290, 149.287813, 0.000000, -1.#QNAN0
335.682172, 149.197744, 0.000000, -1.#QNAN0
335.575653, 149.085029, 0.000000, -1.#QNAN0
335.512502, 149.000923, 0.000000, -1.#QNAN0
335.407179, 148.889473, 0.000000, -1.#QNAN0
335.302046, 148.778225, 0.000000, -1.#QNAN0
335.205541, 148.658824, 0.000000, -1.#QNAN0
335.100409, 148.547577, 0.000000, -1.#QNAN0
334.995276, 148.436329, 0.000000, -1.#QNAN0
334.898771, 148.316928, 0.000000, -1.#QNAN0
334.793639, 148.205681, 0.000000, -1.#QNAN0
334.688506, 148.094433, 0.000000, -1.#QNAN0
334.592001, 147.975032, 0.000000, -1.#QNAN0
334.486869, 147.863784, 0.000000, -1.#QNAN0
334.381736, 147.752537, 0.000000, -1.#QNAN0
334.285232, 147.633136, 0.000000, -1.#QNAN0
334.207270, 147.550640, 0.000000, -1.#QNAN0
334.113808, 147.451742, 0.000000, -1.#QNAN0
334.013453, 147.328267, 0.000000, -1.#QNAN0
333.964534, 147.276502, 0.000000, -1.#QNAN0
333.832332, 147.135039, 0.000000, -1.#QNAN0
333.679344, 146.948973, 0.000000, -1.#QNAN0
333.632837, 146.895030, 0.000000, -1.#QNAN0
333.454712, 146.685055, 0.000000, -1.#QNAN0
333.420052, 146.621712, 0.000000, -1.#QNAN0
333.228738, 146.374227, 0.000000, -1.#QNAN0
333.187914, 146.315866, 0.000000, -1.#QNAN0
333.156816, 146.250700, 0.000000, -1.#QNAN0
332.976324, 145.981596, 0.000000, -1.#QNAN0
332.939359, 145.920716, 0.000000, -1.#QNAN0
332.776256, 145.616371, 0.000000, -1.#QNAN0
332.744187, 145.552776, 0.000000, -1.#QNAN0
332.591419, 145.238307, 0.000000, -1.#QNAN0
332.575646, 145.167845, 0.000000, -1.#QNAN0
332.548874, 145.101846, 0.000000, -1.#QNAN0
332.461226, 144.884743, 0.000000, -1.#QNAN0
332.445969, 144.814168, 0.000000, -1.#QNAN0
332.363715, 144.607060, 0.000000, -1.#QNAN0
332.337426, 144.540866, 0.000000, -1.#QNAN0
332.266204, 144.329376, 0.000000, -1.#QNAN0
332.239915, 144.263183, 0.000000, -1.#QNAN0
332.213626, 144.196989, 0.000000, -1.#QNAN0
332.142405, 143.985499, 0.000000, -1.#QNAN0
332.116115, 143.919305, 0.000000, -1.#QNAN0
332.033862, 143.712197, 0.000000, -1.#QNAN0
332.018605, 143.641622, 0.000000, -1.#QNAN0
331.936351, 143.434514, 0.000000, -1.#QNAN0
331.910062, 143.368320, 0.000000, -1.#QNAN0
331.894805, 143.297745, 0.000000, -1.#QNAN0
331.812551, 143.090636, 0.000000, -1.#QNAN0
331.786262, 143.024442, 1.000000, -1.#QNAN0
331.681943, 142.826097, 1.000000, -1.#QNAN0
331.611525, 142.777430, 1.000000, -1.#QNAN0
331.474110, 142.592229, 1.000000, -1.#QNAN0
331.414724, 142.539180, 1.000000, -1.#QNAN0
331.377403, 142.477368, 1.000000, -1.#QNAN0
331.273084, 142.279022, 1.000000, -1.#QNAN0
331.224730, 142.221591, 1.000000, -1.#QNAN0
331.109380, 142.027628, 1.000000, -1.#QNAN0
331.061026, 141.970197, 1.000000, -1.#QNAN0
330.945675, 141.776233, 1.000000, -1.#QNAN0
330.897322, 141.718803, 1.000000, -1.#QNAN0
330.848968, 141.661372, 1.000000, -1.#QNAN0
330.744649, 141.463026, 1.000000, -1.#QNAN0
330.696296, 141.405596, 1.000000, -1.#QNAN0
330.569913, 141.216014, 1.000000, -1.#QNAN0
330.510527, 141.162964, 1.000000, -1.#QNAN0
330.406208, 140.964619, 1.000000, -1.#QNAN0
330.357855, 140.907189, 1.000000, -1.#QNAN0
330.298469, 140.854139, 1.000000, -1.#QNAN0
330.172085, 140.664557, 1.000000, -1.#QNAN0
330.112700, 140.611508, 1.000000, -1.#QNAN0
329.981431, 140.374834, 1.000000, -1.#QNAN0
329.934286, 140.316407, 1.000000, -1.#QNAN0
329.814177, 140.060219, 1.000000, -1.#QNAN0
329.757371, 140.004416, 1.000000, -1.#QNAN0
329.711792, 139.944760, 1.000000, -1.#QNAN0
329.582105, 139.709429, 1.000000, -1.#QNAN0
329.537602, 139.648966, 1.000000, -1.#QNAN0
329.425703, 139.416914, 1.000000, -1.#QNAN0
329.370677, 139.359355, 1.000000, -1.#QNAN0
329.264015, 139.133576, 1.000000, -1.#QNAN0
329.198202, 139.078841, 1.000000, -1.#QNAN0
329.093989, 138.852357, 1.000000, -1.#QNAN0
329.040183, 138.793656, 1.000000, -1.#QNAN0
328.945478, 138.591383, 1.000000, -1.#QNAN0
328.892011, 138.532373, 1.000000, -1.#QNAN0
328.800044, 138.335177, 1.000000, -1.#QNAN0
328.746810, 138.275956, 1.000000, -1.#QNAN0
328.660715, 138.097148, 1.000000, -1.#QNAN0
328.607558, 138.037858, 1.000000, -1.#QNAN0
328.522499, 137.862049, 1.000000, -1.#QNAN0
328.440206, 137.696339, 1.000000, -1.#QNAN0
328.387050, 137.637048, 1.000000, -1.#QNAN0
328.305144, 137.472749, 1.000000, -1.#QNAN0
328.251989, 137.413458, 1.000000, -1.#QNAN0
328.170083, 137.249160, 1.000000, -1.#QNAN0
328.099626, 137.081727, 1.000000, -1.#QNAN0
328.046470, 137.022436, 1.000000, -1.#QNAN0
327.976013, 136.855002, 1.000000, -1.#QNAN0
327.945755, 136.789442, 1.000000, -1.#QNAN0
327.886748, 136.618874, 1.000000, -1.#QNAN0
327.839189, 136.445172, 1.000000, -1.#QNAN0
327.820381, 136.376477, 1.000000, -1.#QNAN0
327.772822, 136.202774, 1.000000, -1.#QNAN0
327.765463, 136.130944, 1.000000, -1.#QNAN0
327.717904, 135.957242, 1.000000, -1.#QNAN0
327.681794, 135.780404, 1.000000, -1.#QNAN0
327.674435, 135.708575, 1.000000, -1.#QNAN0
327.638326, 135.531737, 1.000000, -1.#QNAN0
327.642416, 135.456773, 1.000000, -1.#QNAN0
327.606306, 135.279935, 1.000000, -1.#QNAN0
327.570196, 135.103098, 1.000000, -1.#QNAN0
327.562837, 135.031269, 1.000000, -1.#QNAN0
327.526727, 134.854431, 1.000000, -1.#QNAN0
327.530818, 134.779467, 1.000000, -1.#QNAN0
327.494708, 134.602629, 1.000000, -1.#QNAN0
327.470047, 134.422657, 1.000000, -1.#QNAN0
327.462688, 134.350828, 1.000000, -1.#QNAN0
327.415129, 134.177125, 1.000000, -1.#QNAN0
327.407770, 134.105295, 1.000000, -1.#QNAN0
327.360212, 133.931593, 1.000000, -1.#QNAN0
327.324102, 133.754755, 1.000000, -1.#QNAN0
327.305294, 133.686060, 1.000000, -1.#QNAN0
327.257735, 133.512357, 1.000000, -1.#QNAN0
327.250376, 133.440528, 1.000000, -1.#QNAN0
327.202817, 133.266825, 1.000000, -1.#QNAN0
327.166707, 133.089988, 1.000000, -1.#QNAN0
327.170797, 133.015024, 1.000000, -1.#QNAN0
327.123239, 132.841321, 1.000000, -1.#QNAN0
327.127329, 132.766357, 1.000000, -1.#QNAN0
327.091219, 132.589519, 1.000000, -1.#QNAN0
327.063855, 132.399674, 1.000000, -1.#QNAN0
327.056496, 132.327845, 1.000000, -1.#QNAN0
327.025365, 132.124239, 1.000000, -1.#QNAN0
327.029455, 132.049275, 1.000000, -1.#QNAN0
327.022096, 131.977445, 1.000000, -1.#QNAN0
326.987170, 131.759978, 1.000000, -1.#QNAN0
326.979811, 131.688149, 1.000000, -1.#QNAN0
326.941068, 131.456742, 1.000000, -1.#QNAN0
326.933709, 131.384913, 1.000000, -1.#QNAN0
326.879684, 131.142642, 1.000000, -1.#QNAN0
326.883774, 131.067678, 1.000000, -1.#QNAN0
326.876415, 130.995848, 1.000000, -1.#QNAN0
326.818544, 130.739531, 1.000000, -1.#QNAN0
326.811185, 130.667701, 1.000000, -1.#QNAN0
326.803826, 130.595872, 1.000000, -1.#QNAN0
326.730649, 130.328604, 1.000000, -1.#QNAN0
326.723290, 130.256775, 1.000000, -1.#QNAN0
326.715931, 130.184945, 1.000000, -1.#QNAN0
326.644840, 129.925293, 1.000000, -1.#QNAN0
326.637481, 129.853464, 1.000000, -1.#QNAN0
326.618673, 129.784769, 1.000000, -1.#QNAN0
326.547581, 129.525117, 1.000000, -1.#QNAN0
326.528773, 129.456422, 1.000000, -1.#QNAN0
326.521414, 129.384593, 1.000000, -1.#QNAN0
326.453285, 129.136281, 1.000000, -1.#QNAN0
326.434158, 129.067674, 1.000000, -1.#QNAN0
326.426467, 128.995879, 1.000000, -1.#QNAN0
326.361996, 128.765537, 1.000000, -1.#QNAN0
326.342053, 128.697163, 1.000000, -1.#QNAN0
326.333505, 128.625465, 1.000000, -1.#QNAN0
326.267544, 128.400221, 1.000000, -1.#QNAN0
326.258010, 128.328648, 1.000000, -1.#QNAN0
326.237127, 128.260555, 1.000000, -1.#QNAN0
326.168650, 128.038138, 1.000000, -1.#QNAN0
326.146773, 127.970358, 1.000000, -1.#QNAN0
326.136193, 127.898932, 1.000000, -1.#QNAN0
326.065121, 127.679559, 1.000000, -1.#QNAN0
326.053431, 127.608306, 1.000000, -1.#QNAN0
326.041741, 127.537053, 1.000000, -1.#QNAN0
325.979106, 127.316767, 1.000000, -1.#QNAN0
325.966239, 127.245718, 1.000000, -1.#QNAN0
325.953371, 127.174668, 1.000000, -1.#QNAN0
325.887769, 126.957313, 1.000000, -1.#QNAN0
325.873651, 126.886502, 1.000000, -1.#QNAN0
325.859534, 126.815690, 1.000000, -1.#QNAN0
325.779538, 126.571310, 1.000000, -1.#QNAN0
325.765054, 126.500573, 1.000000, -1.#QNAN0
325.739489, 126.434096, 1.000000, -1.#QNAN0
325.654035, 126.178823, 1.000000, -1.#QNAN0
325.639541, 126.108087, 1.000000, -1.#QNAN0
325.613969, 126.041613, 1.000000, -1.#QNAN0
325.506233, 125.794617, 1.000000, -1.#QNAN0
325.491740, 125.723881, 1.000000, -1.#QNAN0
325.466168, 125.657407, 1.000000, -1.#QNAN0
325.369510, 125.406149, 1.000000, -1.#QNAN0
325.355017, 125.335413, 1.000000, -1.#QNAN0
325.329445, 125.268939, 1.000000, -1.#QNAN0
325.232787, 125.017681, 1.000000, -1.#QNAN0
325.207215, 124.951207, 1.000000, -1.#QNAN0
325.181643, 124.884733, 1.000000, -1.#QNAN0
325.084985, 124.633475, 1.000000, -1.#QNAN0
325.059413, 124.567001, 1.000000, -1.#QNAN0
325.044920, 124.496265, 1.000000, -1.#QNAN0
324.948262, 124.245007, 1.000000, -1.#QNAN0
324.922690, 124.178533, 1.000000, -1.#QNAN0
324.897118, 124.112059, 1.000000, -1.#QNAN0
324.789381, 123.865063, 1.000000, -1.#QNAN0
324.763809, 123.798589, 1.000000, -1.#QNAN0
324.749316, 123.727853, 1.000000, -1.#QNAN0
324.652659, 123.476595, 1.000000, -1.#QNAN0
324.627086, 123.410121, 1.000000, -1.#QNAN0
324.601514, 123.343648, 1.000000, -1.#QNAN0
324.493778, 123.096651, 1.000000, -1.#QNAN0
324.490364, 123.021653, 1.000000, -1.#QNAN0
324.475870, 122.950917, 1.000000, -1.#QNAN0
324.379213, 122.699659, 1.000000, -1.#QNAN0
324.364720, 122.628924, 1.000000, -1.#QNAN0
324.339148, 122.562450, 1.000000, -1.#QNAN0
324.242490, 122.311192, 1.000000, -1.#QNAN0
324.216918, 122.244718, 1.000000, -1.#QNAN0
324.202425, 122.173982, 1.000000, -1.#QNAN0
324.105767, 121.922724, 1.000000, -1.#QNAN0
324.080195, 121.856250, 1.000000, -1.#QNAN0
324.054623, 121.789776, 1.000000, -1.#QNAN0
323.946886, 121.542780, 1.000000, -1.#QNAN0
323.921314, 121.476306, 1.000000, -1.#QNAN0
323.895742, 121.409832, 1.000000, -1.#QNAN0
323.797286, 121.153898, 1.000000, -1.#QNAN0
323.782792, 121.083162, 1.000000, -1.#QNAN0
323.757220, 121.016688, 1.000000, -1.#QNAN0
323.672719, 120.763968, 1.000000, -1.#QNAN0
323.647147, 120.697494, 1.000000, -1.#QNAN0
323.554417, 120.456445, 1.000000, -1.#QNAN0
323.539924, 120.385709, 1.000000, -1.#QNAN0
323.514351, 120.319236, 1.000000, -1.#QNAN0
323.420183, 120.074449, 1.000000, -1.#QNAN0
323.405690, 120.003713, 1.000000, -1.#QNAN0
323.380118, 119.937239, 1.000000, -1.#QNAN0
323.310903, 119.691194, 1.000000, -1.#QNAN0
323.274252, 119.628982, 1.000000, -1.#QNAN0
323.185644, 119.398650, 1.000000, -1.#QNAN0
323.160072, 119.332176, 1.000000, -1.#QNAN0
323.145579, 119.261440, 1.000000, -1.#QNAN0
323.075518, 119.012897, 1.000000, -1.#QNAN0
323.039040, 118.950583, 1.000000, -1.#QNAN0
322.944473, 118.702549, 1.000000, -1.#QNAN0
322.919558, 118.635826, 1.000000, -1.#QNAN0
322.905763, 118.564951, 1.000000, -1.#QNAN0
322.812815, 118.315083, 1.000000, -1.#QNAN0
322.799562, 118.244105, 1.000000, -1.#QNAN0
322.708734, 117.994926, 1.000000, -1.#QNAN0
322.684801, 117.927845, 1.000000, -1.#QNAN0
322.660868, 117.860763, 1.000000, -1.#QNAN0
322.572398, 117.611969, 1.000000, -1.#QNAN0
322.560108, 117.540817, 1.000000, -1.#QNAN0
322.473405, 117.292587, 1.000000, -1.#QNAN0
322.450315, 117.225211, 1.000000, -1.#QNAN0
322.427224, 117.157835, 1.000000, -1.#QNAN0
322.341945, 116.908143, 1.000000, -1.#QNAN0
322.330544, 116.836844, 1.000000, -1.#QNAN0
322.247345, 116.588767, 1.000000, -1.#QNAN0
322.225059, 116.521120, 1.000000, -1.#QNAN0
322.202774, 116.453473, 1.000000, -1.#QNAN0
322.123401, 116.212318, 1.000000, -1.#QNAN0
322.101240, 116.144631, 1.000000, -1.#QNAN0
322.045722, 115.898752, 1.000000, -1.#QNAN0
322.023594, 115.831054, 1.000000, -1.#QNAN0
322.001467, 115.763355, 1.000000, -1.#QNAN0
321.912540, 115.529496, 1.000000, -1.#QNAN0
321.879129, 115.465485, 1.000000, -1.#QNAN0
321.778920, 115.235315, 1.000000, -1.#QNAN0
321.756792, 115.167616, 1.000000, -1.#QNAN0
321.745948, 115.096230, 1.000000, -1.#QNAN0
321.668304, 114.858683, 1.000000, -1.#QNAN0
321.646176, 114.790985, 1.000000, -1.#QNAN0
321.545967, 114.560813, 1.000000, -1.#QNAN0
321.512556, 114.496803, 1.000000, -1.#QNAN0
321.490428, 114.429104, 1.000000, -1.#QNAN0
321.412785, 114.191558, 1.000000, -1.#QNAN0
321.390657, 114.123859, 1.000000, -1.#QNAN0
321.301731, 113.890000, 1.000000, -1.#QNAN0
321.268320, 113.825990, 1.000000, -1.#QNAN0
321.246192, 113.758291, 1.000000, -1.#QNAN0
321.168549, 113.520744, 1.000000, -1.#QNAN0
321.146421, 113.453046, 1.000000, -1.#QNAN0
321.057494, 113.219187, 1.000000, -1.#QNAN0
321.035367, 113.151489, 1.000000, -1.#QNAN0
321.024522, 113.080102, 1.000000, -1.#QNAN0
320.946879, 112.842556, 1.000000, -1.#QNAN0
320.924751, 112.774857, 1.000000, -1.#QNAN0
320.858390, 112.533622, 1.000000, -1.#QNAN0
320.836263, 112.465923, 1.000000, -1.#QNAN0
320.814135, 112.398225, 1.000000, -1.#QNAN0
320.747775, 112.156990, 1.000000, -1.#QNAN0
320.725647, 112.089292, 1.000000, -1.#QNAN0
320.659287, 111.848057, 1.000000, -1.#QNAN0
320.637159, 111.780359, 1.000000, -1.#QNAN0
320.626314, 111.708972, 1.000000, -1.#QNAN0
320.548671, 111.471425, 1.000000, -1.#QNAN0
320.526543, 111.403727, 1.000000, -1.#QNAN0
320.437617, 111.169868, 1.000000, -1.#QNAN0
320.415489, 111.102170, 1.000000, -1.#QNAN0
320.404644, 111.030783, 1.000000, -1.#QNAN0
320.328283, 110.797159, 1.000000, -1.#QNAN0
320.306155, 110.729460, 1.000000, -1.#QNAN0
320.295311, 110.658074, 1.000000, -1.#QNAN0
320.215777, 110.414743, 1.000000, -1.#QNAN0
320.204932, 110.343356, 1.000000, -1.#QNAN0
320.133501, 110.086608, 1.000000, -1.#QNAN0
320.122656, 110.015221, 1.000000, -1.#QNAN0
320.100529, 109.947523, 1.000000, -1.#QNAN0
320.029598, 109.692307, 1.000000, -1.#QNAN0
320.007471, 109.624609, 1.000000, -1.#QNAN0
319.996626, 109.553222, 1.000000, -1.#QNAN0
319.911220, 109.291925, 1.000000, -1.#QNAN0
319.889092, 109.224226, 1.000000, -1.#QNAN0
319.866964, 109.156528, 1.000000, -1.#QNAN0
319.782047, 108.896726, 1.000000, -1.#QNAN0
319.759919, 108.829027, 1.000000, -1.#QNAN0
319.749074, 108.757641, 1.000000, -1.#QNAN0
319.660952, 108.488035, 1.000000, -1.#QNAN0
319.638824, 108.420336, 1.000000, -1.#QNAN0
319.616697, 108.352638, 1.000000, -1.#QNAN0
319.527805, 108.080676, 1.000000, -1.#QNAN0
319.505677, 108.012977, 1.000000, -1.#QNAN0
319.494832, 107.941591, 1.000000, -1.#QNAN0
319.405940, 107.669630, 1.000000, -1.#QNAN0
319.395096, 107.598243, 1.000000, -1.#QNAN0
319.372968, 107.530545, 1.000000, -1.#QNAN0
319.295359, 107.254895, 1.000000, -1.#QNAN0
319.273231, 107.187197, 1.000000, -1.#QNAN0
319.251104, 107.119498, 1.000000, -1.#QNAN0
319.161294, 106.844607, 1.000000, -1.#QNAN0
319.139267, 106.776876, 1.000000, -1.#QNAN0
319.117241, 106.709144, 1.000000, -1.#QNAN0
319.026969, 106.431304, 1.000000, -1.#QNAN0
319.016440, 106.359870, 1.000000, -1.#QNAN0
318.994612, 106.292074, 1.000000, -1.#QNAN0
318.904928, 106.013226, 1.000000, -1.#QNAN0
318.883326, 105.945358, 1.000000, -1.#QNAN0
318.861724, 105.877490, 1.000000, -1.#QNAN0
318.784242, 105.594618, 1.000000, -1.#QNAN0
318.762872, 105.526677, 1.000000, -1.#QNAN0
318.752825, 105.455174, 1.000000, -1.#QNAN0
318.664948, 105.175474, 1.000000, -1.#QNAN0
318.643815, 105.107458, 1.000000, -1.#QNAN0
318.622683, 105.039442, 1.000000, -1.#QNAN0
318.535734, 104.759263, 1.000000, -1.#QNAN0
318.514845, 104.691172, 1.000000, -1.#QNAN0
318.482609, 104.626562, 1.000000, -1.#QNAN0
318.396601, 104.345852, 1.000000, -1.#QNAN0
318.375963, 104.277685, 1.000000, -1.#QNAN0
318.355326, 104.209517, 1.000000, -1.#QNAN0
318.282904, 103.929200, 1.000000, -1.#QNAN0
318.285107, 103.854157, 1.000000, -1.#QNAN0
318.275942, 103.782535, 1.000000, -1.#QNAN0
318.204760, 103.504890, 1.000000, -1.#QNAN0
318.195605, 103.433268, 1.000000, -1.#QNAN0
318.175083, 103.365065, 1.000000, -1.#QNAN0
318.092641, 103.091079, 1.000000, -1.#QNAN0
318.072119, 103.022877, 1.000000, -1.#QNAN0
318.051597, 102.954674, 1.000000, -1.#QNAN0
317.969155, 102.680689, 1.000000, -1.#QNAN0
317.948633, 102.612486, 1.000000, -1.#QNAN0
317.939478, 102.540864, 1.000000, -1.#QNAN0
317.857036, 102.266878, 1.000000, -1.#QNAN0
317.836514, 102.198676, 1.000000, -1.#QNAN0
317.815992, 102.130473, 1.000000, -1.#QNAN0
317.744918, 101.853067, 1.000000, -1.#QNAN0
317.724396, 101.784864, 1.000000, -1.#QNAN0
317.703874, 101.716662, 1.000000, -1.#QNAN0
317.598698, 101.449517, 1.000000, -1.#QNAN0
317.578176, 101.381315, 1.000000, -1.#QNAN0
317.569021, 101.309692, 1.000000, -1.#QNAN0
317.509313, 101.028866, 1.000000, -1.#QNAN0
317.488791, 100.960663, 1.000000, -1.#QNAN0
317.468269, 100.892461, 1.000000, -1.#QNAN0
317.385827, 100.618475, 1.000000, -1.#QNAN0
317.353938, 100.553693, 1.000000, -1.#QNAN0
317.356150, 100.478650, 1.000000, -1.#QNAN0
317.273709, 100.204664, 1.000000, -1.#QNAN0
317.264554, 100.133041, 1.000000, -1.#QNAN0
317.232665, 100.068259, 1.000000, -1.#QNAN0
317.127489, 99.801114, 1.000000, -1.#QNAN0
317.106967, 99.732912, 1.000000, -1.#QNAN0
317.086445, 99.664709, 1.000000, -1.#QNAN0
317.015370, 99.387303, 1.000000, -1.#QNAN0
316.994848, 99.319101, 1.000000, -1.#QNAN0
316.974326, 99.250898, 1.000000, -1.#QNAN0
316.891884, 98.976912, 1.000000, -1.#QNAN0
316.871362, 98.908710, 1.000000, -1.#QNAN0
316.850840, 98.840508, 1.000000, -1.#QNAN0
316.791837, 98.562023, 1.000000, -1.#QNAN0
316.771315, 98.493821, 1.000000, -1.#QNAN0
316.750793, 98.425618, 1.000000, -1.#QNAN0
316.681429, 98.153896, 1.000000, -1.#QNAN0
316.660907, 98.085693, 1.000000, -1.#QNAN0
316.617651, 98.024331, 1.000000, -1.#QNAN0
316.560657, 97.752526, 1.000000, -1.#QNAN0
316.540135, 97.684324, 1.000000, -1.#QNAN0
316.519613, 97.616121, 1.000000, -1.#QNAN0
316.452256, 97.351070, 1.000000, -1.#QNAN0
316.443101, 97.279447, 1.000000, -1.#QNAN0
316.422579, 97.211244, 1.000000, -1.#QNAN0
316.344856, 96.952941, 1.000000, -1.#QNAN0
316.324334, 96.884738, 1.000000, -1.#QNAN0
316.281078, 96.823377, 1.000000, -1.#QNAN0
316.200935, 96.557030, 1.000000, -1.#QNAN0
316.180413, 96.488828, 1.000000, -1.#QNAN0
316.159891, 96.420626, 1.000000, -1.#QNAN0
316.092114, 96.154178, 1.000000, -1.#QNAN0
316.071592, 96.085975, 1.000000, -1.#QNAN0
316.051070, 96.017773, 1.000000, -1.#QNAN0
315.972224, 95.755740, 1.000000, -1.#QNAN0
315.951702, 95.687538, 1.000000, -1.#QNAN0
315.872857, 95.425505, 1.000000, -1.#QNAN0
315.852335, 95.357303, 1.000000, -1.#QNAN0
315.854547, 95.282260, 1.000000, -1.#QNAN0
315.785166, 95.010287, 1.000000, -1.#QNAN0
315.764896, 94.942009, 1.000000, -1.#QNAN0
315.744626, 94.873731, 1.000000, -1.#QNAN0
315.663987, 94.601543, 1.000000, -1.#QNAN0
315.644098, 94.533153, 1.000000, -1.#QNAN0
315.635606, 94.461449, 1.000000, -1.#QNAN0
315.556492, 94.188581, 1.000000, -1.#QNAN0
315.536995, 94.120079, 1.000000, -1.#QNAN0
315.517497, 94.051577, 1.000000, -1.#QNAN0
315.440057, 93.778420, 1.000000, -1.#QNAN0
315.432381, 93.706624, 1.000000, -1.#QNAN0
315.390398, 93.644384, 1.000000, -1.#QNAN0
315.314585, 93.370889, 1.000000, -1.#QNAN0
315.295853, 93.302173, 1.000000, -1.#QNAN0
315.221282, 93.028521, 1.000000, -1.#QNAN0
315.225862, 92.953585, 1.000000, -1.#QNAN0
315.207503, 92.884769, 1.000000, -1.#QNAN0
315.134557, 92.610991, 1.000000, -1.#QNAN0
315.116566, 92.542078, 1.000000, -1.#QNAN0
315.098575, 92.473165, 1.000000, -1.#QNAN0
315.028360, 92.203953, 1.000000, -1.#QNAN0
315.022035, 92.132025, 1.000000, -1.#QNAN0
315.004218, 92.063067, 1.000000, -1.#QNAN0
314.935589, 91.797391, 1.000000, -1.#QNAN0
314.929295, 91.725461, 1.000000, -1.#QNAN0
314.911507, 91.656495, 1.000000, -1.#QNAN0
314.843164, 91.391529, 1.000000, -1.#QNAN0
314.825376, 91.322563, 1.000000, -1.#QNAN0
314.807588, 91.253597, 1.000000, -1.#QNAN0
314.750739, 90.985666, 1.000000, -1.#QNAN0
314.732951, 90.916700, 1.000000, -1.#QNAN0
314.664609, 90.651734, 1.000000, -1.#QNAN0
314.635326, 90.585733, 1.000000, -1.#QNAN0
314.617538, 90.516767, 1.000000, -1.#QNAN0
314.549195, 90.251801, 1.000000, -1.#QNAN0
314.531407, 90.182836, 1.000000, -1.#QNAN0
314.513619, 90.113870, 1.000000, -1.#QNAN0
314.445276, 89.848903, 1.000000, -1.#QNAN0
314.427488, 89.779938, 1.000000, -1.#QNAN0
314.409699, 89.710972, 1.000000, -1.#QNAN0
314.341357, 89.446006, 1.000000, -1.#QNAN0
314.323569, 89.377040, 1.000000, -1.#QNAN0
314.305780, 89.308074, 1.000000, -1.#QNAN0
314.237438, 89.043108, 1.000000, -1.#QNAN0
314.219650, 88.974142, 1.000000, -1.#QNAN0
314.201861, 88.905176, 1.000000, -1.#QNAN0
314.133519, 88.640210, 1.000000, -1.#QNAN0
314.115730, 88.571244, 1.000000, -1.#QNAN0
314.047388, 88.306278, 1.000000, -1.#QNAN0
314.029600, 88.237312, 1.000000, -1.#QNAN0
314.011811, 88.168347, 1.000000, -1.#QNAN0
313.943469, 87.903381, 1.000000, -1.#QNAN0
313.925681, 87.834415, 1.000000, -1.#QNAN0
313.896398, 87.768414, 1.000000, -1.#QNAN0
313.828055, 87.503447, 1.000000, -1.#QNAN0
313.810267, 87.434482, 1.000000, -1.#QNAN0
313.780984, 87.368480, 1.000000, -1.#QNAN0
313.712642, 87.103514, 1.000000, -1.#QNAN0
313.694854, 87.034549, 1.000000, -1.#QNAN0
313.677065, 86.965583, 1.000000, -1.#QNAN0
313.608254, 86.698798, 1.000000, -1.#QNAN0
313.601960, 86.626867, 1.000000, -1.#QNAN0
313.584171, 86.557901, 1.000000, -1.#QNAN0
313.514763, 86.288802, 1.000000, -1.#QNAN0
313.496975, 86.219836, 1.000000, -1.#QNAN0
313.479186, 86.150870, 1.000000, -1.#QNAN0
313.412142, 85.890937, 1.000000, -1.#QNAN0
313.405848, 85.819007, 1.000000, -1.#QNAN0
313.388060, 85.750041, 1.000000, -1.#QNAN0
313.320412, 85.487767, 1.000000, -1.#QNAN0
313.302623, 85.418801, 1.000000, -1.#QNAN0
313.284835, 85.349835, 1.000000, -1.#QNAN0
313.216580, 85.085208, 1.000000, -1.#QNAN0
313.198791, 85.016242, 1.000000, -1.#QNAN0
313.181003, 84.947276, 1.000000, -1.#QNAN0
313.112138, 84.680282, 1.000000, -1.#QNAN0
313.094349, 84.611316, 1.000000, -1.#QNAN0
313.076561, 84.542350, 1.000000, -1.#QNAN0
313.007082, 84.272977, 1.000000, -1.#QNAN0
312.989293, 84.204011, 1.000000, -1.#QNAN0
312.960011, 84.138010, 1.000000, -1.#QNAN0
312.890402, 83.868136, 1.000000, -1.#QNAN0
312.872614, 83.799170, 1.000000, -1.#QNAN0
312.854826, 83.730204, 1.000000, -1.#QNAN0
312.785217, 83.460330, 1.000000, -1.#QNAN0
312.767429, 83.391364, 1.000000, -1.#QNAN0
312.749641, 83.322398, 1.000000, -1.#QNAN0
312.680032, 83.052524, 1.000000, -1.#QNAN0
312.662244, 82.983558, 1.000000, -1.#QNAN0
312.644456, 82.914592, 1.000000, -1.#QNAN0
312.562746, 82.644956, 1.000000, -1.#QNAN0
312.545064, 82.575962, 1.000000, -1.#QNAN0
312.527381, 82.506969, 1.000000, -1.#QNAN0
312.468503, 82.228660, 1.000000, -1.#QNAN0
312.451032, 82.159613, 1.000000, -1.#QNAN0
312.422052, 82.093478, 1.000000, -1.#QNAN0
312.352556, 81.818093, 1.000000, -1.#QNAN0
312.335286, 81.748996, 1.000000, -1.#QNAN0
312.318017, 81.679898, 1.000000, -1.#QNAN0
312.249374, 81.404536, 1.000000, -1.#QNAN0
312.232298, 81.335390, 1.000000, -1.#QNAN0
312.215222, 81.266245, 1.000000, -1.#QNAN0
312.158927, 80.988090, 1.000000, -1.#QNAN0
312.130504, 80.921714, 1.000000, -1.#QNAN0
312.113613, 80.852523, 1.000000, -1.#QNAN0
312.046565, 80.577204, 1.000000, -1.#QNAN0
312.029852, 80.507969, 1.000000, -1.#QNAN0
312.001600, 80.441521, 1.000000, -1.#QNAN0
311.935290, 80.166192, 1.000000, -1.#QNAN0
311.918747, 80.096916, 1.000000, -1.#QNAN0
311.902204, 80.027641, 1.000000, -1.#QNAN0
311.836895, 79.753743, 1.000000, -1.#QNAN0
311.820461, 79.684442, 1.000000, -1.#QNAN0
311.804027, 79.615141, 1.000000, -1.#QNAN0
311.751087, 79.340324, 1.000000, -1.#QNAN0
311.734687, 79.271014, 1.000000, -1.#QNAN0
311.718288, 79.201705, 1.000000, -1.#QNAN0
311.654114, 78.930487, 1.000000, -1.#QNAN0
311.649266, 78.858444, 1.000000, -1.#QNAN0
311.632867, 78.789135, 1.000000, -1.#QNAN0
311.568693, 78.517917, 1.000000, -1.#QNAN0
311.552294, 78.448608, 1.000000, -1.#QNAN0
311.512791, 78.384765, 1.000000, -1.#QNAN0
311.448618, 78.113548, 1.000000, -1.#QNAN0
311.432218, 78.044238, 1.000000, -1.#QNAN0
311.404267, 77.977662, 1.000000, -1.#QNAN0
311.363197, 77.700978, 1.000000, -1.#QNAN0
311.346797, 77.631669, 1.000000, -1.#QNAN0
311.330398, 77.562359, 1.000000, -1.#QNAN0
311.277776, 77.288408, 1.000000, -1.#QNAN0
311.261376, 77.219099, 1.000000, -1.#QNAN0
311.244977, 77.149790, 1.000000, -1.#QNAN0
311.169252, 76.881305, 1.000000, -1.#QNAN0
311.152852, 76.811996, 1.000000, -1.#QNAN0
311.113350, 76.748153, 1.000000, -1.#QNAN0
311.060728, 76.474202, 1.000000, -1.#QNAN0
311.044328, 76.404893, 1.000000, -1.#QNAN0
311.027929, 76.335583, 1.000000, -1.#QNAN0
310.963755, 76.064366, 1.000000, -1.#QNAN0
310.947356, 75.995057, 1.000000, -1.#QNAN0
310.930956, 75.925747, 1.000000, -1.#QNAN0
310.866783, 75.654530, 1.000000, -1.#QNAN0
310.850383, 75.585220, 1.000000, -1.#QNAN0
310.833984, 75.515911, 1.000000, -1.#QNAN0
310.769810, 75.244693, 1.000000, -1.#QNAN0
310.753411, 75.175384, 1.000000, -1.#QNAN0
310.725460, 75.108808, 1.000000, -1.#QNAN0
310.661286, 74.837590, 1.000000, -1.#QNAN0
310.644887, 74.768281, 1.000000, -1.#QNAN0
310.628487, 74.698971, 1.000000, -1.#QNAN0
310.563591, 74.424701, 1.000000, -1.#QNAN0
310.547192, 74.355392, 1.000000, -1.#QNAN0
310.530792, 74.286083, 1.000000, -1.#QNAN0
310.464422, 74.005580, 1.000000, -1.#QNAN0
310.448022, 73.936271, 1.000000, -1.#QNAN0
310.420071, 73.869695, 1.000000, -1.#QNAN0
310.354959, 73.594508, 1.000000, -1.#QNAN0
310.338559, 73.525199, 1.000000, -1.#QNAN0
310.322160, 73.455889, 1.000000, -1.#QNAN0
310.255571, 73.174463, 1.000000, -1.#QNAN0
310.239171, 73.105153, 1.000000, -1.#QNAN0
310.211220, 73.038577, 1.000000, -1.#QNAN0
310.143154, 72.750907, 1.000000, -1.#QNAN0
310.126754, 72.681597, 1.000000, -1.#QNAN0
310.110355, 72.612288, 1.000000, -1.#QNAN0
310.040810, 72.318371, 1.000000, -1.#QNAN0
310.024411, 72.249062, 1.000000, -1.#QNAN0
310.008011, 72.179753, 1.000000, -1.#QNAN0
309.991612, 72.110443, 1.000000, -1.#QNAN0
309.923322, 71.821828, 1.000000, -1.#QNAN0
309.906922, 71.752519, 1.000000, -1.#QNAN0
309.890523, 71.683209, 1.000000, -1.#QNAN0
309.809927, 71.394138, 1.000000, -1.#QNAN0
309.805079, 71.322096, 1.000000, -1.#QNAN0
309.788679, 71.252786, 1.000000, -1.#QNAN0
309.719635, 70.960982, 1.000000, -1.#QNAN0
309.703235, 70.891673, 1.000000, -1.#QNAN0
309.686836, 70.822364, 1.000000, -1.#QNAN0
309.658885, 70.755788, 1.000000, -1.#QNAN0
309.589840, 70.463984, 1.000000, -1.#QNAN0
309.573441, 70.394674, 1.000000, -1.#QNAN0
309.557041, 70.325365, 1.000000, -1.#QNAN0
309.487997, 70.033561, 1.000000, -1.#QNAN0
309.471597, 69.964251, 1.000000, -1.#QNAN0
309.455198, 69.894942, 1.000000, -1.#QNAN0
309.386072, 69.602786, 1.000000, -1.#QNAN0
309.369686, 69.533474, 1.000000, -1.#QNAN0
309.353300, 69.464162, 1.000000, -1.#QNAN0
309.336914, 69.394849, 1.000000, -1.#QNAN0
309.267472, 69.100796, 1.000000, -1.#QNAN0
309.251171, 69.031463, 1.000000, -1.#QNAN0
309.234869, 68.962131, 1.000000, -1.#QNAN0
309.154092, 68.670208, 1.000000, -1.#QNAN0
309.137893, 68.600851, 1.000000, -1.#QNAN0
309.121694, 68.531495, 1.000000, -1.#QNAN0
309.052872, 68.236740, 1.000000, -1.#QNAN0
309.036776, 68.167360, 1.000000, -1.#QNAN0
309.020681, 68.097979, 1.000000, -1.#QNAN0
309.004586, 68.028599, 1.000000, -1.#QNAN0
308.936269, 67.733705, 1.000000, -1.#QNAN0
308.920278, 67.664300, 1.000000, -1.#QNAN0
308.904287, 67.594895, 1.000000, -1.#QNAN0
308.847947, 67.297238, 1.000000, -1.#QNAN0
308.832061, 67.227809, 1.000000, -1.#QNAN0
308.816176, 67.158380, 1.000000, -1.#QNAN0
308.737101, 66.865902, 1.000000, -1.#QNAN0
308.721321, 66.796449, 1.000000, -1.#QNAN0
308.705542, 66.726996, 1.000000, -1.#QNAN0
308.689763, 66.657543, 1.000000, -1.#QNAN0
308.622876, 66.362793, 1.000000, -1.#QNAN0
308.607185, 66.293320, 1.000000, -1.#QNAN0
308.591493, 66.223847, 1.000000, -1.#QNAN0
308.536915, 65.928288, 1.000000, -1.#QNAN0
308.521241, 65.858811, 1.000000, -1.#QNAN0
308.493987, 65.791947, 1.000000, -1.#QNAN0
308.427995, 65.499437, 1.000000, -1.#QNAN0
308.412320, 65.429960, 1.000000, -1.#QNAN0
308.385066, 65.363096, 1.000000, -1.#QNAN0
308.369392, 65.293619, 1.000000, -1.#QNAN0
308.291820, 65.003722, 1.000000, -1.#QNAN0
308.276145, 64.934245, 1.000000, -1.#QNAN0
308.260471, 64.864768, 1.000000, -1.#QNAN0
308.194478, 64.572258, 1.000000, -1.#QNAN0
308.178804, 64.502782, 1.000000, -1.#QNAN0
308.163129, 64.433305, 1.000000, -1.#QNAN0
308.097137, 64.140795, 1.000000, -1.#QNAN0
308.081463, 64.071319, 1.000000, -1.#QNAN0
308.065788, 64.001842, 1.000000, -1.#QNAN0
308.038534, 63.934977, 1.000000, -1.#QNAN0
307.960962, 63.645080, 1.000000, -1.#QNAN0
307.945288, 63.575603, 1.000000, -1.#QNAN0
307.941193, 63.503514, 1.000000, -1.#QNAN0
307.875200, 63.211004, 1.000000, -1.#QNAN0
307.859526, 63.141527, 1.000000, -1.#QNAN0
307.843851, 63.072051, 1.000000, -1.#QNAN0
307.789439, 62.776929, 1.000000, -1.#QNAN0
307.773764, 62.707452, 1.000000, -1.#QNAN0
307.758090, 62.637975, 1.000000, -1.#QNAN0
307.730836, 62.571111, 1.000000, -1.#QNAN0
307.664843, 62.278601, 1.000000, -1.#QNAN0
307.637589, 62.211737, 1.000000, -1.#QNAN0
307.633494, 62.139648, 1.000000, -1.#QNAN0
307.567502, 61.847138, 1.000000, -1.#QNAN0
307.551827, 61.777661, 1.000000, -1.#QNAN0
307.536153, 61.708184, 1.000000, -1.#QNAN0
307.470161, 61.415675, 1.000000, -1.#QNAN0
307.454486, 61.346198, 1.000000, -1.#QNAN0
307.438812, 61.276721, 1.000000, -1.#QNAN0
307.434717, 61.204632, 1.000000, -1.#QNAN0
307.380505, 60.910400, 1.000000, -1.#QNAN0
307.364830, 60.840923, 1.000000, -1.#QNAN0
307.349156, 60.771446, 1.000000, -1.#QNAN0
307.283618, 60.480952, 1.000000, -1.#QNAN0
307.267944, 60.411476, 1.000000, -1.#QNAN0
307.252269, 60.341999, 1.000000, -1.#QNAN0
307.186985, 60.052630, 1.000000, -1.#QNAN0
307.171311, 59.983153, 1.000000, -1.#QNAN0
307.155636, 59.913676, 1.000000, -1.#QNAN0
307.139962, 59.844200, 1.000000, -1.#QNAN0
307.074932, 59.555955, 1.000000, -1.#QNAN0
307.047678, 59.489090, 1.000000, -1.#QNAN0
307.043583, 59.417001, 1.000000, -1.#QNAN0
306.978806, 59.129879, 1.000000, -1.#QNAN0
306.963131, 59.060402, 1.000000, -1.#QNAN0
306.947457, 58.990925, 1.000000, -1.#QNAN0
306.882933, 58.704925, 1.000000, -1.#QNAN0
306.867258, 58.635448, 1.000000, -1.#QNAN0
306.840004, 58.568584, 1.000000, -1.#QNAN0
306.835909, 58.496494, 1.000000, -1.#QNAN0
306.771638, 58.211615, 1.000000, -1.#QNAN0
306.755964, 58.142138, 1.000000, -1.#QNAN0
306.728710, 58.075274, 1.000000, -1.#QNAN0
306.641333, 57.795854, 1.000000, -1.#QNAN0
306.625659, 57.726377, 1.000000, -1.#QNAN0
306.609984, 57.656900, 1.000000, -1.#QNAN0
306.545766, 57.372256, 1.000000, -1.#QNAN0
306.541671, 57.300167, 1.000000, -1.#QNAN0
306.525997, 57.230690, 1.000000, -1.#QNAN0
306.510322, 57.161213, 1.000000, -1.#QNAN0
306.446104, 56.876569, 1.000000, -1.#QNAN0
306.430430, 56.807093, 1.000000, -1.#QNAN0
306.414755, 56.737616, 1.000000, -1.#QNAN0
306.350538, 56.452971, 1.000000, -1.#QNAN0
306.334863, 56.383494, 1.000000, -1.#QNAN0
306.319189, 56.314018, 1.000000, -1.#QNAN0
306.255420, 56.031417, 1.000000, -1.#QNAN0
306.216516, 55.967207, 1.000000, -1.#QNAN0
306.200766, 55.897748, 1.000000, -1.#QNAN0
306.185016, 55.828288, 1.000000, -1.#QNAN0
306.144687, 55.543796, 1.000000, -1.#QNAN0
306.128741, 55.474381, 1.000000, -1.#QNAN0
306.112795, 55.404966, 1.000000, -1.#QNAN0
306.048783, 55.126796, 1.000000, -1.#QNAN0
306.032607, 55.057434, 1.000000, -1.#QNAN0
306.016431, 54.988072, 1.000000, -1.#QNAN0
305.951486, 54.709702, 1.000000, -1.#QNAN0
305.935095, 54.640390, 1.000000, -1.#QNAN0
305.918705, 54.571079, 1.000000, -1.#QNAN0
305.913867, 54.499035, 1.000000, -1.#QNAN0
305.847833, 54.220502, 1.000000, -1.#QNAN0
305.831242, 54.151239, 1.000000, -1.#QNAN0
305.814651, 54.081975, 1.000000, -1.#QNAN0
305.736266, 53.806083, 1.000000, -1.#QNAN0
305.719487, 53.736864, 1.000000, -1.#QNAN0
305.702707, 53.667646, 1.000000, -1.#QNAN0
305.646626, 53.386024, 1.000000, -1.#QNAN0
305.629670, 53.316849, 1.000000, -1.#QNAN0
305.612713, 53.247674, 1.000000, -1.#QNAN0
305.595756, 53.178499, 1.000000, -1.#QNAN0
305.527379, 52.900207, 1.000000, -1.#QNAN0
305.510233, 52.831079, 1.000000, -1.#QNAN0
305.481566, 52.764808, 1.000000, -1.#QNAN0
305.411693, 52.483224, 1.000000, -1.#QNAN0
305.394487, 52.414111, 1.000000, -1.#QNAN0
305.377281, 52.344997, 1.000000, -1.#QNAN0
305.306842, 52.062066, 1.000000, -1.#QNAN0
305.301146, 51.990085, 1.000000, -1.#QNAN0
305.272413, 51.923843, 1.000000, -1.#QNAN0
305.278236, 51.848993, 1.000000, -1.#QNAN0
305.219227, 51.562977, 1.000000, -1.#QNAN0
305.202013, 51.493866, 1.000000, -1.#QNAN0
305.184798, 51.424755, 1.000000, -1.#QNAN0
305.114271, 51.141607, 1.000000, -1.#QNAN0
305.097057, 51.072496, 1.000000, -1.#QNAN0
305.079842, 51.003385, 1.000000, -1.#QNAN0
305.009315, 50.720238, 1.000000, -1.#QNAN0
304.992101, 50.651126, 1.000000, -1.#QNAN0
304.951849, 50.587753, 1.000000, -1.#QNAN0
304.934635, 50.518642, 1.000000, -1.#QNAN0
304.887145, 50.229757, 1.000000, -1.#QNAN0
304.869931, 50.160645, 1.000000, -1.#QNAN0
304.852716, 50.091534, 1.000000, -1.#QNAN0
304.782189, 49.808387, 1.000000, -1.#QNAN0
304.764975, 49.739275, 1.000000, -1.#QNAN0
304.747760, 49.670164, 1.000000, -1.#QNAN0
304.677233, 49.387017, 1.000000, -1.#QNAN0
304.660019, 49.317905, 1.000000, -1.#QNAN0
304.642804, 49.248794, 1.000000, -1.#QNAN0
304.625590, 49.179683, 1.000000, -1.#QNAN0
304.555063, 48.896536, 1.000000, -1.#QNAN0
304.526330, 48.830294, 1.000000, -1.#QNAN0
304.509115, 48.761182, 1.000000, -1.#QNAN0
304.438588, 48.478035, 1.000000, -1.#QNAN0
304.421374, 48.408923, 1.000000, -1.#QNAN0
304.404159, 48.339812, 1.000000, -1.#QNAN0
