495.810306, 88.047348, 1.000000, -1.#QNAN0
495.862301, 87.998673, 1.000000, -1.#QNAN0
496.098108, 87.777928, 1.000000, -1.#QNAN0
496.150104, 87.729254, 1.000000, -1.#QNAN0
496.202099, 87.680580, 1.000000, -1.#QNAN0
496.245983, 87.623240, 1.000000, -1.#QNAN0
496.479851, 87.404309, 1.000000, -1.#QNAN0
496.531847, 87.355635, 1.000000, -1.#QNAN0
496.583842, 87.306961, 1.000000, -1.#QNAN0
496.815783, 87.089835, 1.000000, -1.#QNAN0
496.867779, 87.041161, 1.000000, -1.#QNAN0
496.919774, 86.992487, 1.000000, -1.#QNAN0
496.971770, 86.943813, 1.000000, -1.#QNAN0
497.193681, 86.719816, 1.000000, -1.#QNAN0
497.245676, 86.671142, 1.000000, -1.#QNAN0
497.297672, 86.622468, 1.000000, -1.#QNAN0
497.525787, 86.408923, 1.000000, -1.#QNAN0
497.577783, 86.360249, 1.000000, -1.#QNAN0
497.621666, 86.302909, 1.000000, -1.#QNAN0
497.673662, 86.254234, 1.000000, -1.#QNAN0
497.899882, 86.042464, 1.000000, -1.#QNAN0
497.951877, 85.993790, 1.000000, -1.#QNAN0
497.995760, 85.936450, 1.000000, -1.#QNAN0
498.220095, 85.726445, 1.000000, -1.#QNAN0
498.272090, 85.677771, 1.000000, -1.#QNAN0
498.315973, 85.620431, 1.000000, -1.#QNAN0
498.367969, 85.571756, 1.000000, -1.#QNAN0
498.590822, 85.363138, 1.000000, -1.#QNAN0
498.642817, 85.314464, 1.000000, -1.#QNAN0
498.694813, 85.265790, 1.000000, -1.#QNAN0
498.909554, 85.048505, 1.000000, -1.#QNAN0
498.961549, 84.999831, 1.000000, -1.#QNAN0
499.013545, 84.951157, 1.000000, -1.#QNAN0
499.065540, 84.902482, 1.000000, -1.#QNAN0
499.288393, 84.693864, 1.000000, -1.#QNAN0
499.340389, 84.645190, 1.000000, -1.#QNAN0
499.392384, 84.596516, 1.000000, -1.#QNAN0
499.607125, 84.379232, 1.000000, -1.#QNAN0
499.659121, 84.330558, 1.000000, -1.#QNAN0
499.711116, 84.281883, 1.000000, -1.#QNAN0
499.763112, 84.233209, 1.000000, -1.#QNAN0
499.977853, 84.015925, 1.000000, -1.#QNAN0
500.029848, 83.967250, 1.000000, -1.#QNAN0
500.081844, 83.918576, 1.000000, -1.#QNAN0
500.304697, 83.709958, 1.000000, -1.#QNAN0
500.356692, 83.661284, 1.000000, -1.#QNAN0
500.400575, 83.603944, 1.000000, -1.#QNAN0
500.452571, 83.555269, 1.000000, -1.#QNAN0
500.675424, 83.346651, 1.000000, -1.#QNAN0
500.727419, 83.297977, 1.000000, -1.#QNAN0
500.771303, 83.240637, 1.000000, -1.#QNAN0
500.994156, 83.032018, 1.000000, -1.#QNAN0
501.046151, 82.983344, 1.000000, -1.#QNAN0
501.098147, 82.934670, 1.000000, -1.#QNAN0
501.150142, 82.885996, 1.000000, -1.#QNAN0
501.372995, 82.677377, 1.000000, -1.#QNAN0
501.424991, 82.628703, 1.000000, -1.#QNAN0
501.476987, 82.580029, 1.000000, -1.#QNAN0
501.690711, 82.363926, 1.000000, -1.#QNAN0
501.742738, 82.315286, 1.000000, -1.#QNAN0
501.794765, 82.266646, 1.000000, -1.#QNAN0
501.846792, 82.218005, 1.000000, -1.#QNAN0
502.064577, 82.015740, 1.000000, -1.#QNAN0
502.116768, 81.967276, 1.000000, -1.#QNAN0
502.168960, 81.918812, 1.000000, -1.#QNAN0
502.384554, 81.720390, 1.000000, -1.#QNAN0
502.436995, 81.672196, 1.000000, -1.#QNAN0
502.481404, 81.615262, 1.000000, -1.#QNAN0
502.533845, 81.567068, 1.000000, -1.#QNAN0
502.750500, 81.370005, 1.000000, -1.#QNAN0
502.803194, 81.322087, 1.000000, -1.#QNAN0
502.855887, 81.274169, 1.000000, -1.#QNAN0
503.073315, 81.078256, 1.000000, -1.#QNAN0
503.126263, 81.030619, 1.000000, -1.#QNAN0
503.171271, 80.974158, 1.000000, -1.#QNAN0
503.224219, 80.926521, 1.000000, -1.#QNAN0
503.442727, 80.732022, 1.000000, -1.#QNAN0
503.488041, 80.675805, 1.000000, -1.#QNAN0
503.541246, 80.628456, 1.000000, -1.#QNAN0
503.760587, 80.435106, 1.000000, -1.#QNAN0
503.814051, 80.388050, 1.000000, -1.#QNAN0
503.867516, 80.340995, 1.000000, -1.#QNAN0
503.920980, 80.293939, 1.000000, -1.#QNAN0
504.142211, 80.101164, 1.000000, -1.#QNAN0
504.188115, 80.045429, 1.000000, -1.#QNAN0
504.241817, 79.998644, 1.000000, -1.#QNAN0
504.468078, 79.802358, 1.000000, -1.#QNAN0
504.521895, 79.755706, 1.000000, -1.#QNAN0
504.575712, 79.709053, 1.000000, -1.#QNAN0
504.621753, 79.653431, 1.000000, -1.#QNAN0
504.852413, 79.453478, 1.000000, -1.#QNAN0
504.906230, 79.406825, 1.000000, -1.#QNAN0
504.952271, 79.351203, 1.000000, -1.#QNAN0
505.182931, 79.151249, 1.000000, -1.#QNAN0
505.236748, 79.104597, 1.000000, -1.#QNAN0
505.290565, 79.057944, 1.000000, -1.#QNAN0
505.352157, 79.020261, 1.000000, -1.#QNAN0
505.582817, 78.820308, 1.000000, -1.#QNAN0
505.636634, 78.773655, 1.000000, -1.#QNAN0
505.682675, 78.718033, 1.000000, -1.#QNAN0
505.913334, 78.518080, 1.000000, -1.#QNAN0
505.959376, 78.462458, 1.000000, -1.#QNAN0
506.013193, 78.415805, 1.000000, -1.#QNAN0
506.067010, 78.369153, 1.000000, -1.#QNAN0
506.297670, 78.169199, 1.000000, -1.#QNAN0
506.351486, 78.122547, 1.000000, -1.#QNAN0
506.405303, 78.075894, 1.000000, -1.#QNAN0
506.635963, 77.875941, 1.000000, -1.#QNAN0
506.689780, 77.829288, 1.000000, -1.#QNAN0
506.743597, 77.782636, 1.000000, -1.#QNAN0
506.797413, 77.735983, 1.000000, -1.#QNAN0
507.030307, 77.534093, 1.000000, -1.#QNAN0
507.084124, 77.487440, 1.000000, -1.#QNAN0
507.137941, 77.440788, 1.000000, -1.#QNAN0
507.373345, 77.236722, 1.000000, -1.#QNAN0
507.427162, 77.190069, 1.000000, -1.#QNAN0
507.480979, 77.143417, 1.000000, -1.#QNAN0
507.527020, 77.087795, 1.000000, -1.#QNAN0
507.765137, 76.881376, 1.000000, -1.#QNAN0
507.818954, 76.834724, 1.000000, -1.#QNAN0
507.872771, 76.788071, 1.000000, -1.#QNAN0
508.121577, 76.588097, 1.000000, -1.#QNAN0
508.175394, 76.541444, 1.000000, -1.#QNAN0
508.229211, 76.494791, 1.000000, -1.#QNAN0
508.283028, 76.448139, 1.000000, -1.#QNAN0
508.527169, 76.236499, 1.000000, -1.#QNAN0
508.580986, 76.189846, 1.000000, -1.#QNAN0
508.634803, 76.143193, 1.000000, -1.#QNAN0
508.881051, 75.945437, 1.000000, -1.#QNAN0
508.934867, 75.898785, 1.000000, -1.#QNAN0
508.996460, 75.861102, 1.000000, -1.#QNAN0
509.050277, 75.814449, 1.000000, -1.#QNAN0
509.292235, 75.604701, 1.000000, -1.#QNAN0
509.346052, 75.558048, 1.000000, -1.#QNAN0
509.399869, 75.511396, 1.000000, -1.#QNAN0
509.453685, 75.464743, 1.000000, -1.#QNAN0
509.695752, 75.254902, 1.000000, -1.#QNAN0
509.741793, 75.199280, 1.000000, -1.#QNAN0
509.795610, 75.152627, 1.000000, -1.#QNAN0
510.037676, 74.942786, 1.000000, -1.#QNAN0
510.091493, 74.896134, 1.000000, -1.#QNAN0
510.145309, 74.849481, 1.000000, -1.#QNAN0
510.199126, 74.802828, 1.000000, -1.#QNAN0
510.441192, 74.592987, 1.000000, -1.#QNAN0
510.487233, 74.537365, 1.000000, -1.#QNAN0
510.541050, 74.490713, 1.000000, -1.#QNAN0
510.594867, 74.444060, 1.000000, -1.#QNAN0
510.836933, 74.234219, 1.000000, -1.#QNAN0
510.882975, 74.178597, 1.000000, -1.#QNAN0
510.936792, 74.131944, 1.000000, -1.#QNAN0
511.178857, 73.922103, 1.000000, -1.#QNAN0
511.232674, 73.875451, 1.000000, -1.#QNAN0
511.286491, 73.828798, 1.000000, -1.#QNAN0
511.340308, 73.782145, 1.000000, -1.#QNAN0
511.582374, 73.572304, 1.000000, -1.#QNAN0
511.636191, 73.525652, 1.000000, -1.#QNAN0
511.690007, 73.478999, 1.000000, -1.#QNAN0
511.743824, 73.432347, 1.000000, -1.#QNAN0
511.985891, 73.222505, 1.000000, -1.#QNAN0
512.039707, 73.175853, 1.000000, -1.#QNAN0
512.085749, 73.120231, 1.000000, -1.#QNAN0
512.327815, 72.910390, 1.000000, -1.#QNAN0
512.381631, 72.863737, 1.000000, -1.#QNAN0
512.435448, 72.817084, 1.000000, -1.#QNAN0
512.489265, 72.770432, 1.000000, -1.#QNAN0
512.726081, 72.566475, 1.000000, -1.#QNAN0
512.780058, 72.520008, 1.000000, -1.#QNAN0
512.826291, 72.464545, 1.000000, -1.#QNAN0
512.880268, 72.418077, 1.000000, -1.#QNAN0
513.085852, 72.250539, 1.000000, -1.#QNAN0
513.140949, 72.205405, 1.000000, -1.#QNAN0
513.196046, 72.160271, 1.000000, -1.#QNAN0
513.404746, 71.997094, 1.000000, -1.#QNAN0
513.460935, 71.953327, 1.000000, -1.#QNAN0
513.517124, 71.909560, 1.000000, -1.#QNAN0
513.573313, 71.865793, 1.000000, -1.#QNAN0
513.787170, 71.707425, 1.000000, -1.#QNAN0
513.844394, 71.665022, 1.000000, -1.#QNAN0
513.901619, 71.622618, 1.000000, -1.#QNAN0
513.958844, 71.580215, 1.000000, -1.#QNAN0
514.184533, 71.436339, 1.000000, -1.#QNAN0
514.242737, 71.395291, 1.000000, -1.#QNAN0
514.294101, 71.344542, 1.000000, -1.#QNAN0
514.516842, 71.194386, 1.000000, -1.#QNAN0
514.575972, 71.154683, 1.000000, -1.#QNAN0
514.635102, 71.114980, 1.000000, -1.#QNAN0
514.694233, 71.075277, 1.000000, -1.#QNAN0
514.921673, 70.929863, 1.000000, -1.#QNAN0
514.981676, 70.891491, 1.000000, -1.#QNAN0
515.041678, 70.853119, 1.000000, -1.#QNAN0
515.101680, 70.814746, 1.000000, -1.#QNAN0
515.351682, 70.674368, 1.000000, -1.#QNAN0
515.412254, 70.636901, 1.000000, -1.#QNAN0
515.472826, 70.599435, 1.000000, -1.#QNAN0
515.744492, 70.431540, 1.000000, -1.#QNAN0
515.805081, 70.394101, 1.000000, -1.#QNAN0
515.865670, 70.356661, 1.000000, -1.#QNAN0
515.926259, 70.319221, 1.000000, -1.#QNAN0
516.192545, 70.140721, 1.000000, -1.#QNAN0
516.253133, 70.103282, 1.000000, -1.#QNAN0
516.313722, 70.065842, 1.000000, -1.#QNAN0
516.374311, 70.028402, 1.000000, -1.#QNAN0
516.653077, 69.870098, 1.000000, -1.#QNAN0
516.713666, 69.832659, 1.000000, -1.#QNAN0
516.768015, 69.785121, 1.000000, -1.#QNAN0
517.040541, 69.616719, 1.000000, -1.#QNAN0
517.101130, 69.579279, 1.000000, -1.#QNAN0
517.161718, 69.541840, 1.000000, -1.#QNAN0
517.222307, 69.504400, 1.000000, -1.#QNAN0
517.494833, 69.335998, 1.000000, -1.#QNAN0
517.555422, 69.298558, 1.000000, -1.#QNAN0
517.616011, 69.261119, 1.000000, -1.#QNAN0
517.676599, 69.223679, 1.000000, -1.#QNAN0
517.949126, 69.055277, 1.000000, -1.#QNAN0
518.009715, 69.017837, 1.000000, -1.#QNAN0
518.070303, 68.980397, 1.000000, -1.#QNAN0
518.342772, 68.812031, 1.000000, -1.#QNAN0
518.403360, 68.774591, 1.000000, -1.#QNAN0
518.463949, 68.737152, 1.000000, -1.#QNAN0
518.524538, 68.699712, 1.000000, -1.#QNAN0
518.796451, 68.531689, 1.000000, -1.#QNAN0
518.857040, 68.494249, 1.000000, -1.#QNAN0
518.917629, 68.456810, 1.000000, -1.#QNAN0
518.984457, 68.429468, 1.000000, -1.#QNAN0
519.255977, 68.261688, 1.000000, -1.#QNAN0
519.316565, 68.224249, 1.000000, -1.#QNAN0
519.377154, 68.186809, 1.000000, -1.#QNAN0
519.648439, 68.019174, 1.000000, -1.#QNAN0
519.709028, 67.981734, 1.000000, -1.#QNAN0
519.769616, 67.944295, 1.000000, -1.#QNAN0
519.830205, 67.906855, 1.000000, -1.#QNAN0
520.101417, 67.739265, 1.000000, -1.#QNAN0
520.162006, 67.701826, 1.000000, -1.#QNAN0
520.216354, 67.654288, 1.000000, -1.#QNAN0
520.276943, 67.616848, 1.000000, -1.#QNAN0
520.548243, 67.449204, 1.000000, -1.#QNAN0
520.608832, 67.411764, 1.000000, -1.#QNAN0
520.669421, 67.374324, 1.000000, -1.#QNAN0
520.940969, 67.206526, 1.000000, -1.#QNAN0
521.001558, 67.169087, 1.000000, -1.#QNAN0
521.062147, 67.131647, 1.000000, -1.#QNAN0
521.122735, 67.094208, 1.000000, -1.#QNAN0
521.394650, 66.926183, 1.000000, -1.#QNAN0
521.455239, 66.888744, 1.000000, -1.#QNAN0
521.515827, 66.851304, 1.000000, -1.#QNAN0
521.576416, 66.813865, 1.000000, -1.#QNAN0
521.848331, 66.645840, 1.000000, -1.#QNAN0
521.908920, 66.608400, 1.000000, -1.#QNAN0
521.969509, 66.570961, 1.000000, -1.#QNAN0
522.241423, 66.402936, 1.000000, -1.#QNAN0
522.302012, 66.365497, 1.000000, -1.#QNAN0
522.362601, 66.328057, 1.000000, -1.#QNAN0
522.423190, 66.290618, 1.000000, -1.#QNAN0
522.695104, 66.122593, 1.000000, -1.#QNAN0
522.755693, 66.085154, 1.000000, -1.#QNAN0
522.816282, 66.047714, 1.000000, -1.#QNAN0
522.876871, 66.010275, 1.000000, -1.#QNAN0
523.148786, 65.842250, 1.000000, -1.#QNAN0
523.209374, 65.804810, 1.000000, -1.#QNAN0
523.263723, 65.757273, 1.000000, -1.#QNAN0
523.541878, 65.599347, 1.000000, -1.#QNAN0
523.602466, 65.561907, 1.000000, -1.#QNAN0
523.663055, 65.524467, 1.000000, -1.#QNAN0
523.723644, 65.487028, 1.000000, -1.#QNAN0
523.995558, 65.319003, 1.000000, -1.#QNAN0
524.049907, 65.271466, 1.000000, -1.#QNAN0
524.104256, 65.223928, 1.000000, -1.#QNAN0
524.164845, 65.186488, 1.000000, -1.#QNAN0
524.436760, 65.018464, 1.000000, -1.#QNAN0
524.497349, 64.981024, 1.000000, -1.#QNAN0
524.557937, 64.943585, 1.000000, -1.#QNAN0
524.828957, 64.776276, 1.000000, -1.#QNAN0
524.889565, 64.738867, 1.000000, -1.#QNAN0
524.950173, 64.701459, 1.000000, -1.#QNAN0
525.010780, 64.664050, 1.000000, -1.#QNAN0
525.270765, 64.505905, 1.000000, -1.#QNAN0
525.331628, 64.468913, 1.000000, -1.#QNAN0
525.392491, 64.431921, 1.000000, -1.#QNAN0
525.453354, 64.394929, 1.000000, -1.#QNAN0
525.692767, 64.256121, 1.000000, -1.#QNAN0
525.754330, 64.220306, 1.000000, -1.#QNAN0
525.815892, 64.184490, 1.000000, -1.#QNAN0
526.057375, 64.049589, 1.000000, -1.#QNAN0
526.119617, 64.014966, 1.000000, -1.#QNAN0
526.176087, 63.969970, 1.000000, -1.#QNAN0
526.238329, 63.935347, 1.000000, -1.#QNAN0
526.482724, 63.805461, 1.000000, -1.#QNAN0
526.540053, 63.761563, 1.000000, -1.#QNAN0
526.602951, 63.728148, 1.000000, -1.#QNAN0
526.665849, 63.694734, 1.000000, -1.#QNAN0
526.907732, 63.559318, 1.000000, -1.#QNAN0
526.971264, 63.527125, 1.000000, -1.#QNAN0
527.034796, 63.494931, 1.000000, -1.#QNAN0
527.284225, 63.373969, 1.000000, -1.#QNAN0
527.343206, 63.332318, 1.000000, -1.#QNAN0
527.407348, 63.301357, 1.000000, -1.#QNAN0
527.471489, 63.270396, 1.000000, -1.#QNAN0
527.719677, 63.143154, 1.000000, -1.#QNAN0
527.784388, 63.113402, 1.000000, -1.#QNAN0
527.849099, 63.083649, 1.000000, -1.#QNAN0
527.908852, 63.043112, 1.000000, -1.#QNAN0
528.176764, 62.924065, 1.000000, -1.#QNAN0
528.241835, 62.895108, 1.000000, -1.#QNAN0
528.302079, 62.855306, 1.000000, -1.#QNAN0
528.594109, 62.725349, 1.000000, -1.#QNAN0
528.654354, 62.685547, 1.000000, -1.#QNAN0
528.719424, 62.656590, 1.000000, -1.#QNAN0
528.779669, 62.616787, 1.000000, -1.#QNAN0
529.066872, 62.475986, 1.000000, -1.#QNAN0
529.131943, 62.447028, 1.000000, -1.#QNAN0
529.192188, 62.407226, 1.000000, -1.#QNAN0
529.257258, 62.378269, 1.000000, -1.#QNAN0
529.544462, 62.237467, 1.000000, -1.#QNAN0
529.609533, 62.208510, 1.000000, -1.#QNAN0
529.674604, 62.179552, 1.000000, -1.#QNAN0
529.961807, 62.038751, 1.000000, -1.#QNAN0
530.026878, 62.009794, 1.000000, -1.#QNAN0
530.091949, 61.980836, 1.000000, -1.#QNAN0
530.152193, 61.941034, 1.000000, -1.#QNAN0
530.444223, 61.811077, 1.000000, -1.#QNAN0
530.509294, 61.782120, 1.000000, -1.#QNAN0
530.569538, 61.742318, 1.000000, -1.#QNAN0
530.634609, 61.713361, 1.000000, -1.#QNAN0
530.926639, 61.583404, 1.000000, -1.#QNAN0
530.986884, 61.543601, 1.000000, -1.#QNAN0
531.051955, 61.514644, 1.000000, -1.#QNAN0
531.343984, 61.384688, 1.000000, -1.#QNAN0
531.409055, 61.355730, 1.000000, -1.#QNAN0
531.469300, 61.315928, 1.000000, -1.#QNAN0
531.534370, 61.286971, 1.000000, -1.#QNAN0
531.827883, 61.156355, 1.000000, -1.#QNAN0
531.888127, 61.116552, 1.000000, -1.#QNAN0
531.953198, 61.087595, 1.000000, -1.#QNAN0
532.013442, 61.047793, 1.000000, -1.#QNAN0
532.308776, 60.916366, 1.000000, -1.#QNAN0
532.369020, 60.876564, 1.000000, -1.#QNAN0
532.434091, 60.847607, 1.000000, -1.#QNAN0
532.731578, 60.715221, 1.000000, -1.#QNAN0
532.796648, 60.686264, 1.000000, -1.#QNAN0
532.856893, 60.646462, 1.000000, -1.#QNAN0
532.921964, 60.617505, 1.000000, -1.#QNAN0
533.221934, 60.484015, 1.000000, -1.#QNAN0
533.282178, 60.444212, 1.000000, -1.#QNAN0
533.347249, 60.415255, 1.000000, -1.#QNAN0
533.407493, 60.375453, 1.000000, -1.#QNAN0
533.710271, 60.240713, 1.000000, -1.#QNAN0
533.775342, 60.211756, 1.000000, -1.#QNAN0
533.835587, 60.171953, 1.000000, -1.#QNAN0
534.141490, 60.035823, 1.000000, -1.#QNAN0
534.206561, 60.006866, 1.000000, -1.#QNAN0
534.271631, 59.977909, 1.000000, -1.#QNAN0
534.336702, 59.948951, 1.000000, -1.#QNAN0
534.635198, 59.816117, 1.000000, -1.#QNAN0
534.695443, 59.776315, 1.000000, -1.#QNAN0
534.760514, 59.747357, 1.000000, -1.#QNAN0
534.825584, 59.718400, 1.000000, -1.#QNAN0
535.124081, 59.585566, 1.000000, -1.#QNAN0
535.189152, 59.556609, 1.000000, -1.#QNAN0
535.249396, 59.516806, 1.000000, -1.#QNAN0
535.314467, 59.487849, 1.000000, -1.#QNAN0
535.612963, 59.355015, 1.000000, -1.#QNAN0
535.678034, 59.326058, 1.000000, -1.#QNAN0
535.743105, 59.297100, 1.000000, -1.#QNAN0
536.036775, 59.153421, 1.000000, -1.#QNAN0
536.101845, 59.124464, 1.000000, -1.#QNAN0
536.166916, 59.095507, 1.000000, -1.#QNAN0
536.231987, 59.066549, 1.000000, -1.#QNAN0
536.530484, 58.933715, 1.000000, -1.#QNAN0
536.595554, 58.904758, 1.000000, -1.#QNAN0
536.660625, 58.875801, 1.000000, -1.#QNAN0
536.725696, 58.846843, 1.000000, -1.#QNAN0
537.024192, 58.714009, 1.000000, -1.#QNAN0
537.089263, 58.685052, 1.000000, -1.#QNAN0
537.154333, 58.656095, 1.000000, -1.#QNAN0
537.214578, 58.616292, 1.000000, -1.#QNAN0
537.513074, 58.483458, 1.000000, -1.#QNAN0
537.578145, 58.454501, 1.000000, -1.#QNAN0
537.643216, 58.425544, 1.000000, -1.#QNAN0
537.708286, 58.396586, 1.000000, -1.#QNAN0
538.006783, 58.263752, 1.000000, -1.#QNAN0
538.071854, 58.234795, 1.000000, -1.#QNAN0
538.136924, 58.205838, 1.000000, -1.#QNAN0
538.201995, 58.176880, 1.000000, -1.#QNAN0
538.500491, 58.044046, 1.000000, -1.#QNAN0
538.565562, 58.015089, 1.000000, -1.#QNAN0
538.630633, 57.986132, 1.000000, -1.#QNAN0
538.896564, 57.873194, 1.000000, -1.#QNAN0
538.962198, 57.845536, 1.000000, -1.#QNAN0
539.027831, 57.817878, 1.000000, -1.#QNAN0
539.093465, 57.790220, 1.000000, -1.#QNAN0
539.352930, 57.701363, 1.000000, -1.#QNAN0
539.419305, 57.675534, 1.000000, -1.#QNAN0
539.485680, 57.649706, 1.000000, -1.#QNAN0
539.552055, 57.623877, 1.000000, -1.#QNAN0
539.810261, 57.531186, 1.000000, -1.#QNAN0
539.881318, 57.518361, 1.000000, -1.#QNAN0
539.948375, 57.494360, 1.000000, -1.#QNAN0
540.015433, 57.470359, 1.000000, -1.#QNAN0
540.276549, 57.384844, 1.000000, -1.#QNAN0
540.344229, 57.362662, 1.000000, -1.#QNAN0
540.411910, 57.340480, 1.000000, -1.#QNAN0
540.483288, 57.329578, 1.000000, -1.#QNAN0
540.747176, 57.251174, 1.000000, -1.#QNAN0
540.815422, 57.230798, 1.000000, -1.#QNAN0
540.887064, 57.221796, 1.000000, -1.#QNAN0
540.955311, 57.201420, 1.000000, -1.#QNAN0
541.221832, 57.130049, 1.000000, -1.#QNAN0
541.290586, 57.111461, 1.000000, -1.#QNAN0
541.359341, 57.092872, 1.000000, -1.#QNAN0
541.631003, 57.038139, 1.000000, -1.#QNAN0
541.700210, 57.021315, 1.000000, -1.#QNAN0
541.769417, 57.004490, 1.000000, -1.#QNAN0
541.838624, 56.987666, 1.000000, -1.#QNAN0
542.152488, 56.924565, 1.000000, -1.#QNAN0
542.221753, 56.907980, 1.000000, -1.#QNAN0
542.291018, 56.891395, 1.000000, -1.#QNAN0
542.360283, 56.874811, 1.000000, -1.#QNAN0
542.678021, 56.798733, 1.000000, -1.#QNAN0
542.747287, 56.782149, 1.000000, -1.#QNAN0
542.816552, 56.765564, 1.000000, -1.#QNAN0
542.888581, 56.760524, 1.000000, -1.#QNAN0
543.206319, 56.684446, 1.000000, -1.#QNAN0
543.275584, 56.667861, 1.000000, -1.#QNAN0
543.344850, 56.651277, 1.000000, -1.#QNAN0
543.414115, 56.634692, 1.000000, -1.#QNAN0
543.731853, 56.558614, 1.000000, -1.#QNAN0
543.801119, 56.542030, 1.000000, -1.#QNAN0
543.867620, 56.513901, 1.000000, -1.#QNAN0
543.936885, 56.497316, 1.000000, -1.#QNAN0
544.254623, 56.421239, 1.000000, -1.#QNAN0
544.323888, 56.404654, 1.000000, -1.#QNAN0
544.390389, 56.376525, 1.000000, -1.#QNAN0
544.713656, 56.323536, 1.000000, -1.#QNAN0
544.782921, 56.306951, 1.000000, -1.#QNAN0
544.852186, 56.290367, 1.000000, -1.#QNAN0
544.921451, 56.273782, 1.000000, -1.#QNAN0
545.236426, 56.186160, 1.000000, -1.#QNAN0
545.305691, 56.169576, 1.000000, -1.#QNAN0
545.374956, 56.152991, 1.000000, -1.#QNAN0
545.444221, 56.136407, 1.000000, -1.#QNAN0
545.760228, 56.048537, 1.000000, -1.#QNAN0
545.829493, 56.031953, 1.000000, -1.#QNAN0
545.898759, 56.015368, 1.000000, -1.#QNAN0
545.968024, 55.998784, 1.000000, -1.#QNAN0
546.290924, 55.909264, 1.000000, -1.#QNAN0
546.360189, 55.892679, 1.000000, -1.#QNAN0
546.429455, 55.876095, 1.000000, -1.#QNAN0
546.498720, 55.859510, 1.000000, -1.#QNAN0
546.831292, 55.779881, 1.000000, -1.#QNAN0
546.897793, 55.751752, 1.000000, -1.#QNAN0
546.967059, 55.735167, 1.000000, -1.#QNAN0
547.036324, 55.718583, 1.000000, -1.#QNAN0
547.375816, 55.637296, 1.000000, -1.#QNAN0
547.442317, 55.609167, 1.000000, -1.#QNAN0
547.511582, 55.592583, 1.000000, -1.#QNAN0
547.843699, 55.500856, 1.000000, -1.#QNAN0
547.910200, 55.472728, 1.000000, -1.#QNAN0
547.979465, 55.456143, 1.000000, -1.#QNAN0
548.048730, 55.439559, 1.000000, -1.#QNAN0
548.390556, 55.357713, 1.000000, -1.#QNAN0
548.462585, 55.352673, 1.000000, -1.#QNAN0
548.531851, 55.336088, 1.000000, -1.#QNAN0
548.601116, 55.319504, 1.000000, -1.#QNAN0
548.952661, 55.247537, 1.000000, -1.#QNAN0
549.021927, 55.230953, 1.000000, -1.#QNAN0
549.093956, 55.225912, 1.000000, -1.#QNAN0
549.163221, 55.209328, 1.000000, -1.#QNAN0
549.509144, 55.138708, 1.000000, -1.#QNAN0
549.578410, 55.122123, 1.000000, -1.#QNAN0
549.647675, 55.105539, 1.000000, -1.#QNAN0
549.719704, 55.100498, 1.000000, -1.#QNAN0
549.791733, 55.095458, 1.000000, -1.#QNAN0
550.137657, 55.024837, 1.000000, -1.#QNAN0
550.209687, 55.019797, 1.000000, -1.#QNAN0
550.281716, 55.014757, 1.000000, -1.#QNAN0
550.353745, 55.009716, 1.000000, -1.#QNAN0
550.696904, 54.927552, 1.000000, -1.#QNAN0
550.766169, 54.910967, 1.000000, -1.#QNAN0
550.835435, 54.894383, 1.000000, -1.#QNAN0
550.904700, 54.877798, 1.000000, -1.#QNAN0
551.247859, 54.795634, 1.000000, -1.#QNAN0
551.317124, 54.779049, 1.000000, -1.#QNAN0
551.386389, 54.762465, 1.000000, -1.#QNAN0
551.455655, 54.745880, 1.000000, -1.#QNAN0
551.798814, 54.663716, 1.000000, -1.#QNAN0
551.868079, 54.647131, 1.000000, -1.#QNAN0
551.937345, 54.630546, 1.000000, -1.#QNAN0
552.003846, 54.602418, 1.000000, -1.#QNAN0
552.347005, 54.520253, 1.000000, -1.#QNAN0
552.416270, 54.503669, 1.000000, -1.#QNAN0
552.485535, 54.487084, 1.000000, -1.#QNAN0
552.554801, 54.470500, 1.000000, -1.#QNAN0
552.897960, 54.388335, 1.000000, -1.#QNAN0
552.967225, 54.371751, 1.000000, -1.#QNAN0
553.036490, 54.355166, 1.000000, -1.#QNAN0
553.102991, 54.327037, 1.000000, -1.#QNAN0
553.169492, 54.298908, 1.000000, -1.#QNAN0
494.098594, 86.218838, -1.000000, 0.000000
494.150589, 86.170164, -1.000000, 0.000000
494.386397, 85.949419, -1.000000, 0.000000
494.438392, 85.900745, -1.000000, 0.000000
494.490388, 85.852071, -1.000000, 0.000000
494.542383, 85.803396, -1.000000, 0.000000
494.776252, 85.584466, -1.000000, 0.000000
494.828247, 85.535792, -1.000000, 0.000000
494.880243, 85.487118, -1.000000, 0.000000
495.112184, 85.269992, -1.000000, 0.000000
495.164179, 85.221318, -1.000000, 0.000000
495.216175, 85.172643, -1.000000, 0.000000
495.268171, 85.123969, -1.000000, 0.000000
495.498193, 84.908639, -1.000000, 0.000000
495.550189, 84.859965, -1.000000, 0.000000
495.602184, 84.811291, -1.000000, 0.000000
495.830300, 84.597746, -1.000000, 0.000000
495.882296, 84.549072, -1.000000, 0.000000
495.934291, 84.500397, -1.000000, 0.000000
495.986287, 84.451723, -1.000000, 0.000000
496.212507, 84.239953, -1.000000, 0.000000
496.264502, 84.191279, -1.000000, 0.000000
496.316498, 84.142604, -1.000000, 0.000000
496.540832, 83.932600, -1.000000, 0.000000
496.592828, 83.883925, -1.000000, 0.000000
496.644823, 83.835251, -1.000000, 0.000000
496.696819, 83.786577, -1.000000, 0.000000
496.919672, 83.577959, -1.000000, 0.000000
496.971667, 83.529284, -1.000000, 0.000000
497.023663, 83.480610, -1.000000, 0.000000
497.246516, 83.271992, -1.000000, 0.000000
497.298512, 83.223317, -1.000000, 0.000000
497.350507, 83.174643, -1.000000, 0.000000
497.402503, 83.125969, -1.000000, 0.000000
497.625356, 82.917351, -1.000000, 0.000000
497.677351, 82.868676, -1.000000, 0.000000
497.729347, 82.820002, -1.000000, 0.000000
497.952200, 82.611384, -1.000000, 0.000000
498.004195, 82.562710, -1.000000, 0.000000
498.056191, 82.514036, -1.000000, 0.000000
498.108187, 82.465361, -1.000000, 0.000000
498.331040, 82.256743, -1.000000, 0.000000
498.383035, 82.208069, -1.000000, 0.000000
498.435031, 82.159394, -1.000000, 0.000000
498.657884, 81.950776, -1.000000, 0.000000
498.709879, 81.902102, -1.000000, 0.000000
498.761875, 81.853428, -1.000000, 0.000000
498.813870, 81.804753, -1.000000, 0.000000
499.036723, 81.596135, -1.000000, 0.000000
499.088719, 81.547461, -1.000000, 0.000000
499.140715, 81.498787, -1.000000, 0.000000
499.363568, 81.290168, -1.000000, 0.000000
499.415563, 81.241494, -1.000000, 0.000000
499.467559, 81.192820, -1.000000, 0.000000
499.519554, 81.144146, -1.000000, 0.000000
499.742407, 80.935527, -1.000000, 0.000000
499.794403, 80.886853, -1.000000, 0.000000
499.846398, 80.838179, -1.000000, 0.000000
500.069366, 80.629684, -1.000000, 0.000000
500.121394, 80.581043, -1.000000, 0.000000
500.173421, 80.532403, -1.000000, 0.000000
500.225448, 80.483763, -1.000000, 0.000000
500.449114, 80.276018, -1.000000, 0.000000
500.501305, 80.227554, -1.000000, 0.000000
500.553497, 80.179090, -1.000000, 0.000000
500.778092, 79.972352, -1.000000, 0.000000
500.830533, 79.924158, -1.000000, 0.000000
500.882975, 79.875964, -1.000000, 0.000000
500.935416, 79.827770, -1.000000, 0.000000
501.161216, 79.622348, -1.000000, 0.000000
501.213909, 79.574430, -1.000000, 0.000000
501.266602, 79.526512, -1.000000, 0.000000
501.493366, 79.322154, -1.000000, 0.000000
501.546314, 79.274518, -1.000000, 0.000000
501.599261, 79.226881, -1.000000, 0.000000
501.652209, 79.179244, -1.000000, 0.000000
501.880202, 78.976258, -1.000000, 0.000000
501.933407, 78.928909, -1.000000, 0.000000
501.986611, 78.881560, -1.000000, 0.000000
502.215587, 78.679684, -1.000000, 0.000000
502.269051, 78.632628, -1.000000, 0.000000
502.322516, 78.585572, -1.000000, 0.000000
502.375981, 78.538516, -1.000000, 0.000000
502.606107, 78.337951, -1.000000, 0.000000
502.659809, 78.291167, -1.000000, 0.000000
502.713511, 78.244382, -1.000000, 0.000000
502.944094, 78.044340, -1.000000, 0.000000
502.997911, 77.997688, -1.000000, 0.000000
503.051728, 77.951035, -1.000000, 0.000000
503.105545, 77.904382, -1.000000, 0.000000
503.336204, 77.704429, -1.000000, 0.000000
503.390021, 77.657777, -1.000000, 0.000000
503.443838, 77.611124, -1.000000, 0.000000
503.674498, 77.411170, -1.000000, 0.000000
503.728315, 77.364518, -1.000000, 0.000000
503.782132, 77.317865, -1.000000, 0.000000
503.835948, 77.271213, -1.000000, 0.000000
504.066608, 77.071259, -1.000000, 0.000000
504.120425, 77.024607, -1.000000, 0.000000
504.174242, 76.977954, -1.000000, 0.000000
504.404901, 76.778001, -1.000000, 0.000000
504.458718, 76.731348, -1.000000, 0.000000
504.512535, 76.684696, -1.000000, 0.000000
504.566352, 76.638043, -1.000000, 0.000000
504.797012, 76.438090, -1.000000, 0.000000
504.850829, 76.391437, -1.000000, 0.000000
504.904645, 76.344785, -1.000000, 0.000000
505.135305, 76.144831, -1.000000, 0.000000
505.189122, 76.098179, -1.000000, 0.000000
505.242939, 76.051526, -1.000000, 0.000000
505.296756, 76.004874, -1.000000, 0.000000
505.529650, 75.802983, -1.000000, 0.000000
505.583466, 75.756331, -1.000000, 0.000000
505.637283, 75.709678, -1.000000, 0.000000
505.872687, 75.505612, -1.000000, 0.000000
505.926504, 75.458960, -1.000000, 0.000000
505.980321, 75.412307, -1.000000, 0.000000
506.034138, 75.365655, -1.000000, 0.000000
506.272255, 75.159236, -1.000000, 0.000000
506.326072, 75.112584, -1.000000, 0.000000
506.379888, 75.065931, -1.000000, 0.000000
506.620920, 74.856987, -1.000000, 0.000000
506.674737, 74.810335, -1.000000, 0.000000
506.728553, 74.763682, -1.000000, 0.000000
506.782370, 74.717029, -1.000000, 0.000000
507.026512, 74.505389, -1.000000, 0.000000
507.080328, 74.458736, -1.000000, 0.000000
507.134145, 74.412084, -1.000000, 0.000000
507.372617, 74.205358, -1.000000, 0.000000
507.426434, 74.158706, -1.000000, 0.000000
507.480251, 74.112053, -1.000000, 0.000000
507.534068, 74.065401, -1.000000, 0.000000
507.776026, 73.855653, -1.000000, 0.000000
507.829843, 73.809000, -1.000000, 0.000000
507.883660, 73.762347, -1.000000, 0.000000
507.937477, 73.715695, -1.000000, 0.000000
508.179543, 73.505853, -1.000000, 0.000000
508.233360, 73.459201, -1.000000, 0.000000
508.287177, 73.412548, -1.000000, 0.000000
508.529242, 73.202707, -1.000000, 0.000000
508.583059, 73.156055, -1.000000, 0.000000
508.636876, 73.109402, -1.000000, 0.000000
508.690693, 73.062750, -1.000000, 0.000000
508.932759, 72.852909, -1.000000, 0.000000
508.986576, 72.806256, -1.000000, 0.000000
509.040392, 72.759603, -1.000000, 0.000000
509.094209, 72.712951, -1.000000, 0.000000
509.336276, 72.503109, -1.000000, 0.000000
509.390092, 72.456457, -1.000000, 0.000000
509.443909, 72.409804, -1.000000, 0.000000
509.685975, 72.199963, -1.000000, 0.000000
509.739792, 72.153311, -1.000000, 0.000000
509.793609, 72.106658, -1.000000, 0.000000
509.847426, 72.060005, -1.000000, 0.000000
510.089491, 71.850164, -1.000000, 0.000000
510.143308, 71.803512, -1.000000, 0.000000
510.197125, 71.756859, -1.000000, 0.000000
510.250942, 71.710207, -1.000000, 0.000000
510.493008, 71.500365, -1.000000, 0.000000
510.546825, 71.453713, -1.000000, 0.000000
510.600642, 71.407060, -1.000000, 0.000000
510.842708, 71.197219, -1.000000, 0.000000
510.896524, 71.150567, -1.000000, 0.000000
510.950341, 71.103914, -1.000000, 0.000000
511.004158, 71.057261, -1.000000, 0.000000
511.246878, 70.848204, -1.000000, 0.000000
511.300855, 70.801737, -1.000000, 0.000000
511.354832, 70.755270, -1.000000, 0.000000
511.408809, 70.708803, -1.000000, 0.000000
511.656615, 70.505807, -1.000000, 0.000000
511.711712, 70.460673, -1.000000, 0.000000
511.766809, 70.415539, -1.000000, 0.000000
512.018796, 70.217782, -1.000000, 0.000000
512.074985, 70.174015, -1.000000, 0.000000
512.131174, 70.130248, -1.000000, 0.000000
512.187362, 70.086481, -1.000000, 0.000000
512.444390, 69.895313, -1.000000, 0.000000
512.501614, 69.852910, -1.000000, 0.000000
512.558839, 69.810506, -1.000000, 0.000000
512.616063, 69.768102, -1.000000, 0.000000
512.877844, 69.583486, -1.000000, 0.000000
512.936049, 69.542439, -1.000000, 0.000000
512.994254, 69.501391, -1.000000, 0.000000
513.259580, 69.321927, -1.000000, 0.000000
513.318711, 69.282224, -1.000000, 0.000000
513.377841, 69.242521, -1.000000, 0.000000
513.436971, 69.202818, -1.000000, 0.000000
513.706546, 69.029791, -1.000000, 0.000000
513.766549, 68.991418, -1.000000, 0.000000
513.826551, 68.953046, -1.000000, 0.000000
513.886553, 68.914674, -1.000000, 0.000000
514.159005, 68.746151, -1.000000, 0.000000
514.219578, 68.708685, -1.000000, 0.000000
514.280150, 68.671219, -1.000000, 0.000000
514.552665, 68.502799, -1.000000, 0.000000
514.613254, 68.465359, -1.000000, 0.000000
514.673842, 68.427920, -1.000000, 0.000000
514.734431, 68.390480, -1.000000, 0.000000
515.006957, 68.222078, -1.000000, 0.000000
515.067546, 68.184638, -1.000000, 0.000000
515.128135, 68.147199, -1.000000, 0.000000
515.188723, 68.109759, -1.000000, 0.000000
515.461250, 67.941357, -1.000000, 0.000000
515.521839, 67.903917, -1.000000, 0.000000
515.582427, 67.866478, -1.000000, 0.000000
515.854953, 67.698075, -1.000000, 0.000000
515.915542, 67.660636, -1.000000, 0.000000
515.976131, 67.623196, -1.000000, 0.000000
516.036720, 67.585757, -1.000000, 0.000000
516.309246, 67.417355, -1.000000, 0.000000
516.369834, 67.379915, -1.000000, 0.000000
516.430423, 67.342475, -1.000000, 0.000000
516.491012, 67.305036, -1.000000, 0.000000
516.763538, 67.136633, -1.000000, 0.000000
516.824127, 67.099194, -1.000000, 0.000000
516.884716, 67.061754, -1.000000, 0.000000
517.157184, 66.893388, -1.000000, 0.000000
517.217773, 66.855948, -1.000000, 0.000000
517.278361, 66.818509, -1.000000, 0.000000
517.338950, 66.781069, -1.000000, 0.000000
517.610864, 66.613046, -1.000000, 0.000000
517.671452, 66.575606, -1.000000, 0.000000
517.732041, 66.538166, -1.000000, 0.000000
517.792630, 66.500727, -1.000000, 0.000000
518.064149, 66.332947, -1.000000, 0.000000
518.124738, 66.295507, -1.000000, 0.000000
518.185327, 66.258068, -1.000000, 0.000000
518.456611, 66.090433, -1.000000, 0.000000
518.517200, 66.052993, -1.000000, 0.000000
518.577789, 66.015553, -1.000000, 0.000000
518.638377, 65.978114, -1.000000, 0.000000
518.909589, 65.810524, -1.000000, 0.000000
518.970178, 65.773084, -1.000000, 0.000000
519.030767, 65.735645, -1.000000, 0.000000
519.091355, 65.698205, -1.000000, 0.000000
519.362656, 65.530560, -1.000000, 0.000000
519.423244, 65.493121, -1.000000, 0.000000
519.483833, 65.455681, -1.000000, 0.000000
519.755382, 65.287883, -1.000000, 0.000000
519.815970, 65.250444, -1.000000, 0.000000
519.876559, 65.213004, -1.000000, 0.000000
519.937148, 65.175564, -1.000000, 0.000000
520.209062, 65.007540, -1.000000, 0.000000
520.269651, 64.970100, -1.000000, 0.000000
520.330240, 64.932661, -1.000000, 0.000000
520.390829, 64.895221, -1.000000, 0.000000
520.662744, 64.727197, -1.000000, 0.000000
520.723333, 64.689757, -1.000000, 0.000000
520.783921, 64.652317, -1.000000, 0.000000
521.055836, 64.484293, -1.000000, 0.000000
521.116425, 64.446854, -1.000000, 0.000000
521.177013, 64.409414, -1.000000, 0.000000
521.237602, 64.371974, -1.000000, 0.000000
521.509517, 64.203950, -1.000000, 0.000000
521.570105, 64.166511, -1.000000, 0.000000
521.630694, 64.129071, -1.000000, 0.000000
521.691283, 64.091631, -1.000000, 0.000000
521.963198, 63.923607, -1.000000, 0.000000
522.023787, 63.886167, -1.000000, 0.000000
522.084375, 63.848728, -1.000000, 0.000000
522.356290, 63.680703, -1.000000, 0.000000
522.416879, 63.643264, -1.000000, 0.000000
522.477468, 63.605824, -1.000000, 0.000000
522.538056, 63.568384, -1.000000, 0.000000
522.809971, 63.400360, -1.000000, 0.000000
522.870560, 63.362921, -1.000000, 0.000000
522.931148, 63.325481, -1.000000, 0.000000
522.991737, 63.288041, -1.000000, 0.000000
523.263652, 63.120017, -1.000000, 0.000000
523.324241, 63.082577, -1.000000, 0.000000
523.384830, 63.045138, -1.000000, 0.000000
523.656817, 62.877231, -1.000000, 0.000000
523.717425, 62.839823, -1.000000, 0.000000
523.778033, 62.802414, -1.000000, 0.000000
523.838640, 62.765005, -1.000000, 0.000000
524.111685, 62.598861, -1.000000, 0.000000
524.172548, 62.561869, -1.000000, 0.000000
524.233411, 62.524878, -1.000000, 0.000000
524.294274, 62.487886, -1.000000, 0.000000
524.570543, 62.327159, -1.000000, 0.000000
524.632106, 62.291343, -1.000000, 0.000000
524.693668, 62.255528, -1.000000, 0.000000
524.972530, 62.099359, -1.000000, 0.000000
525.034772, 62.064737, -1.000000, 0.000000
525.097013, 62.030114, -1.000000, 0.000000
525.159254, 61.995491, -1.000000, 0.000000
525.441297, 61.845137, -1.000000, 0.000000
525.504195, 61.811722, -1.000000, 0.000000
525.567093, 61.778307, -1.000000, 0.000000
525.629991, 61.744892, -1.000000, 0.000000
525.915097, 61.600420, -1.000000, 0.000000
525.978629, 61.568226, -1.000000, 0.000000
526.042161, 61.536033, -1.000000, 0.000000
526.329596, 61.396271, -1.000000, 0.000000
526.393738, 61.365310, -1.000000, 0.000000
526.457879, 61.334349, -1.000000, 0.000000
526.522021, 61.303388, -1.000000, 0.000000
526.812232, 61.169467, -1.000000, 0.000000
526.876943, 61.139715, -1.000000, 0.000000
526.941654, 61.109963, -1.000000, 0.000000
527.006365, 61.080210, -1.000000, 0.000000
527.298395, 60.950254, -1.000000, 0.000000
527.363466, 60.921296, -1.000000, 0.000000
527.428537, 60.892339, -1.000000, 0.000000
527.720566, 60.762382, -1.000000, 0.000000
527.785637, 60.733425, -1.000000, 0.000000
527.850708, 60.704468, -1.000000, 0.000000
527.915779, 60.675511, -1.000000, 0.000000
528.207808, 60.545554, -1.000000, 0.000000
528.272879, 60.516597, -1.000000, 0.000000
528.337950, 60.487640, -1.000000, 0.000000
528.403020, 60.458683, -1.000000, 0.000000
528.695051, 60.328726, -1.000000, 0.000000
528.760121, 60.299769, -1.000000, 0.000000
528.825192, 60.270811, -1.000000, 0.000000
529.117222, 60.140855, -1.000000, 0.000000
529.182293, 60.111898, -1.000000, 0.000000
529.247363, 60.082940, -1.000000, 0.000000
529.312434, 60.053983, -1.000000, 0.000000
529.604464, 59.924027, -1.000000, 0.000000
529.669535, 59.895069, -1.000000, 0.000000
529.734605, 59.866112, -1.000000, 0.000000
529.799676, 59.837155, -1.000000, 0.000000
530.091706, 59.707198, -1.000000, 0.000000
530.156777, 59.678241, -1.000000, 0.000000
530.221848, 59.649284, -1.000000, 0.000000
530.513878, 59.519327, -1.000000, 0.000000
530.578948, 59.490370, -1.000000, 0.000000
530.644019, 59.461413, -1.000000, 0.000000
530.709090, 59.432455, -1.000000, 0.000000
531.002602, 59.301839, -1.000000, 0.000000
531.067673, 59.272882, -1.000000, 0.000000
531.132743, 59.243925, -1.000000, 0.000000
531.197814, 59.214967, -1.000000, 0.000000
531.493147, 59.083541, -1.000000, 0.000000
531.558218, 59.054584, -1.000000, 0.000000
531.623289, 59.025626, -1.000000, 0.000000
531.920776, 58.893241, -1.000000, 0.000000
531.985846, 58.864284, -1.000000, 0.000000
532.050917, 58.835327, -1.000000, 0.000000
532.115988, 58.806370, -1.000000, 0.000000
532.415958, 58.672880, -1.000000, 0.000000
532.481029, 58.643922, -1.000000, 0.000000
532.546099, 58.614965, -1.000000, 0.000000
532.611170, 58.586008, -1.000000, 0.000000
532.913948, 58.451268, -1.000000, 0.000000
532.979019, 58.422311, -1.000000, 0.000000
533.044089, 58.393354, -1.000000, 0.000000
533.349993, 58.257223, -1.000000, 0.000000
533.415064, 58.228266, -1.000000, 0.000000
533.480134, 58.199309, -1.000000, 0.000000
533.545205, 58.170352, -1.000000, 0.000000
533.843701, 58.037517, -1.000000, 0.000000
533.908772, 58.008560, -1.000000, 0.000000
533.973843, 57.979603, -1.000000, 0.000000
534.038913, 57.950646, -1.000000, 0.000000
534.337410, 57.817811, -1.000000, 0.000000
534.402481, 57.788854, -1.000000, 0.000000
534.467552, 57.759897, -1.000000, 0.000000
534.532622, 57.730940, -1.000000, 0.000000
534.831118, 57.598105, -1.000000, 0.000000
534.896189, 57.569148, -1.000000, 0.000000
534.961260, 57.540191, -1.000000, 0.000000
535.259756, 57.407357, -1.000000, 0.000000
535.324827, 57.378400, -1.000000, 0.000000
535.389898, 57.349442, -1.000000, 0.000000
535.454968, 57.320485, -1.000000, 0.000000
535.753465, 57.187651, -1.000000, 0.000000
535.818536, 57.158693, -1.000000, 0.000000
535.883606, 57.129736, -1.000000, 0.000000
535.948677, 57.100779, -1.000000, 0.000000
536.247173, 56.967945, -1.000000, 0.000000
536.312244, 56.938988, -1.000000, 0.000000
536.377315, 56.910030, -1.000000, 0.000000
536.442386, 56.881073, -1.000000, 0.000000
536.740882, 56.748239, -1.000000, 0.000000
536.805952, 56.719282, -1.000000, 0.000000
536.871023, 56.690324, -1.000000, 0.000000
536.936094, 56.661367, -1.000000, 0.000000
537.234591, 56.528533, -1.000000, 0.000000
537.299661, 56.499576, -1.000000, 0.000000
537.364732, 56.470618, -1.000000, 0.000000
537.429803, 56.441661, -1.000000, 0.000000
537.728299, 56.308827, -1.000000, 0.000000
537.793370, 56.279870, -1.000000, 0.000000
537.858440, 56.250913, -1.000000, 0.000000
538.159015, 56.122969, -1.000000, 0.000000
538.224648, 56.095311, -1.000000, 0.000000
538.290281, 56.067653, -1.000000, 0.000000
538.355915, 56.039995, -1.000000, 0.000000
538.659868, 55.920306, -1.000000, 0.000000
538.726243, 55.894477, -1.000000, 0.000000
538.792618, 55.868649, -1.000000, 0.000000
538.858993, 55.842821, -1.000000, 0.000000
539.166232, 55.731818, -1.000000, 0.000000
539.233289, 55.707817, -1.000000, 0.000000
539.300347, 55.683816, -1.000000, 0.000000
539.367404, 55.659815, -1.000000, 0.000000
539.677640, 55.557463, -1.000000, 0.000000
539.745321, 55.535281, -1.000000, 0.000000
539.813002, 55.513099, -1.000000, 0.000000
539.880682, 55.490917, -1.000000, 0.000000
540.193629, 55.397153, -1.000000, 0.000000
540.261875, 55.376777, -1.000000, 0.000000
540.330121, 55.356401, -1.000000, 0.000000
540.398368, 55.336025, -1.000000, 0.000000
540.713742, 55.250760, -1.000000, 0.000000
540.782496, 55.232171, -1.000000, 0.000000
540.851251, 55.213582, -1.000000, 0.000000
541.168326, 55.134938, -1.000000, 0.000000
541.237534, 55.118114, -1.000000, 0.000000
541.306741, 55.101289, -1.000000, 0.000000
541.375948, 55.084465, -1.000000, 0.000000
541.693648, 55.008227, -1.000000, 0.000000
541.762914, 54.991642, -1.000000, 0.000000
541.832179, 54.975058, -1.000000, 0.000000
541.901444, 54.958473, -1.000000, 0.000000
542.219182, 54.882395, -1.000000, 0.000000
542.288447, 54.865811, -1.000000, 0.000000
542.357712, 54.849226, -1.000000, 0.000000
542.426978, 54.832642, -1.000000, 0.000000
542.744716, 54.756564, -1.000000, 0.000000
542.813981, 54.739979, -1.000000, 0.000000
542.883246, 54.723395, -1.000000, 0.000000
542.952511, 54.706810, -1.000000, 0.000000
543.270250, 54.630732, -1.000000, 0.000000
543.339515, 54.614148, -1.000000, 0.000000
543.408780, 54.597563, -1.000000, 0.000000
543.478046, 54.580979, -1.000000, 0.000000
543.795784, 54.504901, -1.000000, 0.000000
543.865049, 54.488316, -1.000000, 0.000000
543.934314, 54.471732, -1.000000, 0.000000
544.252052, 54.395654, -1.000000, 0.000000
544.321317, 54.379069, -1.000000, 0.000000
544.390583, 54.362485, -1.000000, 0.000000
544.459848, 54.345900, -1.000000, 0.000000
544.777586, 54.269822, -1.000000, 0.000000
544.846851, 54.253238, -1.000000, 0.000000
544.916117, 54.236653, -1.000000, 0.000000
544.985382, 54.220069, -1.000000, 0.000000
545.304153, 54.143744, -1.000000, 0.000000
545.373418, 54.127159, -1.000000, 0.000000
545.442683, 54.110575, -1.000000, 0.000000
545.511948, 54.093990, -1.000000, 0.000000
545.837613, 54.016014, -1.000000, 0.000000
545.906878, 53.999430, -1.000000, 0.000000
545.976143, 53.982845, -1.000000, 0.000000
546.045409, 53.966261, -1.000000, 0.000000
546.377981, 53.886631, -1.000000, 0.000000
546.447246, 53.870047, -1.000000, 0.000000
546.516512, 53.853462, -1.000000, 0.000000
546.585777, 53.836877, -1.000000, 0.000000
546.925269, 53.755591, -1.000000, 0.000000
546.994534, 53.739006, -1.000000, 0.000000
547.063799, 53.722422, -1.000000, 0.000000
547.398680, 53.642240, -1.000000, 0.000000
547.467945, 53.625655, -1.000000, 0.000000
547.537210, 53.609070, -1.000000, 0.000000
547.606475, 53.592486, -1.000000, 0.000000
547.948301, 53.510641, -1.000000, 0.000000
548.017566, 53.494056, -1.000000, 0.000000
548.086832, 53.477472, -1.000000, 0.000000
548.156097, 53.460887, -1.000000, 0.000000
548.504879, 53.377376, -1.000000, 0.000000
548.574144, 53.360792, -1.000000, 0.000000
548.643409, 53.344207, -1.000000, 0.000000
548.712674, 53.327623, -1.000000, 0.000000
549.055833, 53.245458, -1.000000, 0.000000
549.125099, 53.228874, -1.000000, 0.000000
549.194364, 53.212289, -1.000000, 0.000000
549.263629, 53.195705, -1.000000, 0.000000
549.332894, 53.179120, -1.000000, 0.000000
549.676054, 53.096955, -1.000000, 0.000000
549.745319, 53.080371, -1.000000, 0.000000
549.814584, 53.063786, -1.000000, 0.000000
549.883850, 53.047202, -1.000000, 0.000000
550.227008, 52.965037, -1.000000, 0.000000
550.296274, 52.948453, -1.000000, 0.000000
550.365539, 52.931868, -1.000000, 0.000000
550.434804, 52.915284, -1.000000, 0.000000
550.777963, 52.833119, -1.000000, 0.000000
550.847228, 52.816535, -1.000000, 0.000000
550.916494, 52.799950, -1.000000, 0.000000
550.985759, 52.783365, -1.000000, 0.000000
551.328919, 52.701201, -1.000000, 0.000000
551.398184, 52.684616, -1.000000, 0.000000
551.467449, 52.668032, -1.000000, 0.000000
551.536714, 52.651447, -1.000000, 0.000000
551.879873, 52.569283, -1.000000, 0.000000
551.949139, 52.552698, -1.000000, 0.000000
552.018404, 52.536114, -1.000000, 0.000000
552.087669, 52.519529, -1.000000, 0.000000
552.430828, 52.437365, -1.000000, 0.000000
552.500093, 52.420780, -1.000000, 0.000000
552.569358, 52.404195, -1.000000, 0.000000
552.638624, 52.387611, -1.000000, 0.000000
552.707889, 52.371026, -1.000000, 0.000000
