252.841423, -177.444794, 1.000000, 0.000000
252.812467, -177.560606, 1.000000, 0.000000
252.782723, -177.686568, 1.000000, 0.000000
252.753065, -177.817426, 1.000000, 0.000000
252.737875, -177.887011, 1.000000, 0.000000
252.708277, -178.023834, 1.000000, 0.000000
252.689015, -178.171419, 1.000000, 0.000000
252.657677, -178.319344, 1.000000, 0.000000
252.626339, -178.467268, 1.000000, 0.000000
252.583388, -178.612732, 1.000000, 0.000000
252.552050, -178.760656, 1.000000, 0.000000
252.537289, -178.830333, 1.000000, 0.000000
252.494338, -178.975797, 1.000000, 0.000000
252.463001, -179.123721, 1.000000, 0.000000
252.431663, -179.271646, 1.000000, 0.000000
252.400325, -179.419570, 1.000000, 0.000000
252.370344, -179.561089, 1.000000, 0.000000
252.328394, -179.701830, 1.000000, 0.000000
252.300135, -179.835218, 1.000000, 0.000000
252.285538, -179.961397, 1.000000, 0.000000
252.258879, -180.087239, 1.000000, 0.000000
252.245793, -180.206281, 1.000000, 0.000000
252.210701, -180.371929, 1.000000, 0.000000
252.197719, -180.490483, 1.000000, 0.000000
252.163291, -180.652992, 1.000000, 0.000000
252.138697, -180.769086, 1.000000, 0.000000
252.104269, -180.931596, 1.000000, 0.000000
252.079674, -181.047689, 1.000000, 0.000000
252.033634, -181.207738, 1.000000, 0.000000
251.997426, -181.321371, 1.000000, 0.000000
251.951386, -181.481421, 1.000000, 0.000000
251.915179, -181.595054, 1.000000, 0.000000
251.871440, -181.744390, 1.000000, 0.000000
251.849890, -181.849393, 1.000000, 0.000000
251.837859, -181.974718, 0.000000, 0.000000
251.811930, -182.052265, 0.000000, 0.000000
251.792057, -182.173792, 0.000000, 0.000000
251.777175, -182.277427, 0.000000, 0.000000
251.750220, -182.391344, 0.000000, 0.000000
251.739297, -182.485838, 0.000000, 0.000000
251.715717, -182.600051, 0.000000, 0.000000
251.706759, -182.699982, 0.000000, 0.000000
251.694641, -182.843984, 0.000000, 0.000000
251.673617, -182.953466, 0.000000, 0.000000
251.661137, -183.103422, 0.000000, 0.000000
251.640113, -183.212904, 0.000000, 0.000000
251.627633, -183.362859, 0.000000, 0.000000
251.618439, -183.473326, 0.000000, 0.000000
251.594129, -183.622297, 0.000000, 0.000000
251.584935, -183.732764, 0.000000, 0.000000
251.560625, -183.881735, 0.000000, 0.000000
251.539602, -183.991217, 1.000000, 0.000000
251.538951, -184.142157, 1.000000, 0.000000
251.529757, -184.252623, 1.000000, 0.000000
251.517277, -184.402579, 1.000000, 0.000000
251.508083, -184.513045, 1.000000, 0.000000
251.495603, -184.663001, 1.000000, 0.000000
251.486409, -184.773467, 1.000000, 0.000000
251.461587, -184.928591, 1.000000, 0.000000
251.451188, -185.053543, 1.000000, 0.000000
251.428980, -185.177252, 1.000000, 0.000000
251.417638, -185.313531, 1.000000, 0.000000
251.406316, -185.449573, 1.000000, 0.000000
251.400408, -185.520550, 1.000000, 0.000000
251.399950, -185.669178, 1.000000, 0.000000
251.375137, -185.824192, 1.000000, 0.000000
251.362154, -185.980191, 1.000000, 0.000000
251.349170, -186.136190, 1.000000, 0.000000
251.348017, -186.293174, 1.000000, 0.000000
251.335033, -186.449173, 1.000000, 0.000000
251.340956, -186.521135, 1.000000, 0.000000
251.327972, -186.677134, 1.000000, 0.000000
251.329013, -186.812203, 1.000000, 0.000000
251.321832, -186.913343, 1.000000, 0.000000
251.316837, -187.017041, 1.000000, 0.000000
251.325915, -187.125804, 1.000000, 0.000000
251.325337, -187.238784, 1.000000, 0.000000
251.326666, -187.309995, 1.000000, 0.000000
251.341428, -187.426473, 0.000000, 0.000000
251.358191, -187.546051, 0.000000, 0.000000
251.364874, -187.665992, 0.000000, 0.000000
251.374234, -187.798103, 0.000000, 0.000000
251.386697, -187.952130, 0.000000, 0.000000
251.411285, -188.107180, 0.000000, 0.000000
251.417089, -188.178166, 0.000000, 0.000000
251.429846, -188.334184, 0.000000, 0.000000
251.454435, -188.489234, 0.000000, 0.000000
251.467192, -188.645252, 0.000000, 0.000000
251.479949, -188.801270, 0.000000, 0.000000
251.492706, -188.957287, 0.000000, 0.000000
251.517294, -189.112337, 0.000000, 0.000000
251.523098, -189.183324, 0.000000, 0.000000
251.535871, -189.339526, 0.000000, 0.000000
251.560505, -189.495141, 0.000000, 0.000000
251.573344, -189.652158, 0.000000, 0.000000
251.586223, -189.809665, 0.000000, 0.000000
251.599146, -189.967718, 0.000000, 0.000000
251.623950, -190.125402, 0.000000, 0.000000
251.629754, -190.196388, 0.000000, 0.000000
251.642780, -190.355693, 0.000000, 0.000000
251.667662, -190.514342, 0.000000, 0.000000
251.680713, -190.673958, 0.000000, 0.000000
251.693765, -190.833573, 0.000000, 0.000000
251.706816, -190.993189, 0.000000, 0.000000
251.731698, -191.151838, 0.000000, 0.000000
251.737503, -191.222824, 0.000000, 0.000000
251.750554, -191.382440, 0.000000, 0.000000
251.775436, -191.541088, 0.000000, 0.000000
251.788488, -191.700704, 0.000000, 0.000000
251.801539, -191.860320, 0.000000, 0.000000
251.814590, -192.019936, 0.000000, 0.000000
251.839473, -192.178584, 0.000000, 0.000000
251.845277, -192.249570, 0.000000, 0.000000
251.858328, -192.409186, 0.000000, 0.000000
251.883211, -192.567835, 0.000000, 0.000000
251.897055, -192.739900, 0.000000, 0.000000
251.909979, -192.911039, 0.000000, 0.000000
251.922074, -193.081532, 0.000000, 0.000000
251.945294, -193.251522, 0.000000, 0.000000
251.949703, -193.322608, 0.000000, 0.000000
251.960071, -193.495884, 0.000000, 0.000000
251.981202, -193.663353, 0.000000, 0.000000
251.989909, -193.830832, 0.000000, 0.000000
251.998279, -194.002971, 0.000000, 0.000000
252.005637, -194.170047, 0.000000, 0.000000
252.024322, -194.334942, 0.000000, 0.000000
252.027099, -194.406111, 0.000000, 0.000000
252.033374, -194.568436, 0.000000, 0.000000
252.050957, -194.718353, 0.000000, 0.000000
252.056902, -194.874596, 0.000000, 0.000000
252.059610, -194.945768, 0.000000, 0.000000
252.065783, -195.108017, 0.000000, 0.000000
252.084051, -195.275936, 0.000000, 0.000000
252.090242, -195.438672, 0.000000, 0.000000
252.092950, -195.509843, 0.000000, 0.000000
252.111244, -195.678451, 0.000000, 0.000000
252.117920, -195.853922, 0.000000, 0.000000
252.120628, -195.925093, 0.000000, 0.000000
252.127457, -196.104579, 0.000000, 0.000000
252.146148, -196.283613, 0.000000, 0.000000
252.148856, -196.354785, 0.000000, 0.000000
252.155684, -196.534271, 0.000000, 0.000000
252.174375, -196.713305, 0.000000, 0.000000
252.177083, -196.784477, 0.000000, 0.000000
252.183912, -196.963962, 0.000000, 0.000000
252.190741, -197.143448, 0.000000, 0.000000
252.205310, -197.214168, 0.000000, 0.000000
252.212139, -197.393654, 0.000000, 0.000000
252.218968, -197.573140, 0.000000, 0.000000
252.233538, -197.643860, 0.000000, 0.000000
252.240367, -197.823346, 0.000000, 0.000000
252.247196, -198.002831, 0.000000, 0.000000
252.249903, -198.074003, 0.000000, 0.000000
252.268594, -198.253037, 0.000000, 0.000000
252.275423, -198.432523, 0.000000, 0.000000
252.278131, -198.503695, 0.000000, 0.000000
252.296822, -198.682729, 0.000000, 0.000000
252.303650, -198.862215, 0.000000, 0.000000
252.306358, -198.933386, 0.000000, 0.000000
252.325049, -199.112421, 0.000000, 0.000000
252.331878, -199.291906, 0.000000, 0.000000
252.334586, -199.363078, 0.000000, 0.000000
252.341415, -199.542563, 0.000000, 0.000000
252.360105, -199.721598, 0.000000, 0.000000
252.362813, -199.792770, 0.000000, 0.000000
252.369642, -199.972255, 0.000000, 0.000000
252.387520, -200.131907, 0.000000, 0.000000
252.390779, -200.203055, 0.000000, 0.000000
252.395542, -200.308088, 0.000000, 0.000000
252.374280, -200.219643, 0.000000, 0.000000
252.398931, -200.287510, 0.000000, 0.000000
252.375593, -200.213547, 0.000000, 0.000000
252.395640, -200.281890, 0.000000, 0.000000
252.362372, -200.163357, 0.000000, 0.000000
252.286491, -200.035589, 0.000000, 0.000000
252.322649, -200.096951, 0.000000, 0.000000
252.227163, -199.971538, 0.000000, 0.000000
252.280635, -200.020060, 0.000000, 0.000000
252.176344, -199.912636, 0.000000, 0.000000
252.146915, -199.897695, 0.000000, 0.000000
252.209779, -199.933217, 0.000000, 0.000000
252.353281, -200.049106, 0.000000, 0.000000
252.408905, -200.093589, 0.000000, 0.000000
252.568367, -200.221114, 0.000000, 0.000000
252.631405, -200.256327, 0.000000, 0.000000
252.791981, -200.384744, 0.000000, 0.000000
252.847605, -200.429227, 0.000000, 0.000000
253.015596, -200.548373, 0.000000, 0.000000
253.071219, -200.592856, 0.000000, 0.000000
253.231796, -200.721273, 0.000000, 0.000000
253.392373, -200.849689, 0.000000, 0.000000
253.455410, -200.884902, 0.000000, 0.000000
253.615987, -201.013318, 0.000000, 0.000000
253.671611, -201.057802, 0.000000, 0.000000
253.839601, -201.176948, 0.000000, 0.000000
253.895225, -201.221431, 0.000000, 0.000000
254.055802, -201.349847, 0.000000, 0.000000
254.111425, -201.394331, 0.000000, 0.000000
254.279416, -201.513477, 0.000000, 0.000000
254.335039, -201.557960, 0.000000, 0.000000
254.495616, -201.686377, 0.000000, 0.000000
254.663607, -201.805523, 0.000000, 0.000000
254.719230, -201.850006, 0.000000, 0.000000
254.879807, -201.978422, 0.000000, 0.000000
254.935431, -202.022905, 0.000000, 0.000000
255.103422, -202.142052, 0.000000, 0.000000
255.159045, -202.186535, 0.000000, 0.000000
255.319622, -202.314951, 0.000000, 0.000000
255.382659, -202.350164, 0.000000, 0.000000
255.543236, -202.478580, 0.000000, 0.000000
255.598859, -202.523064, 0.000000, 0.000000
255.759437, -202.651480, 0.000000, 0.000000
255.927427, -202.770626, 0.000000, 0.000000
255.983051, -202.815109, 0.000000, 0.000000
256.143627, -202.943526, 0.000000, 0.000000
256.206665, -202.978739, 0.000000, 0.000000
256.367242, -203.107155, 0.000000, 0.000000
256.422865, -203.151639, 0.000000, 0.000000
256.556540, -203.258238, 0.000000, 0.000000
256.620029, -203.292630, 0.000000, 0.000000
256.540908, -203.245229, 0.000000, 0.000000
256.601599, -203.282503, 0.000000, 0.000000
256.582343, -203.262505, 0.000000, 0.000000
256.577313, -203.268912, 0.000000, 0.000000
256.643255, -203.295825, 0.000000, 0.000000
256.701371, -203.322614, 0.000000, 0.000000
256.772513, -203.334959, 0.000000, 0.000000
256.861350, -203.366899, 0.000000, 0.000000
256.929334, -203.388131, 0.000000, 0.000000
257.017897, -203.403453, 0.000000, 0.000000
257.106348, -203.429122, 0.000000, 0.000000
257.175657, -203.445525, 0.000000, 0.000000
257.316148, -203.478699, 0.000000, 0.000000
257.388249, -203.482586, 0.000000, 0.000000
257.468680, -203.500584, 0.000000, 0.000000
257.648157, -203.533687, 0.000000, 0.000000
257.720355, -203.534783, 0.000000, 0.000000
257.910673, -203.569481, 0.000000, 0.000000
257.980741, -203.582255, 0.000000, 0.000000
258.171058, -203.616952, 0.000000, 0.000000
258.363505, -203.639972, 0.000000, 0.000000
258.433573, -203.652746, 0.000000, 0.000000
258.623891, -203.687444, 0.000000, 0.000000
258.696089, -203.688540, 0.000000, 0.000000
258.886406, -203.723237, 0.000000, 0.000000
259.076724, -203.757935, 0.000000, 0.000000
259.146792, -203.770709, 0.000000, 0.000000
259.339239, -203.793729, 0.000000, 0.000000
259.409307, -203.806503, 0.000000, 0.000000
259.599625, -203.841200, 0.000000, 0.000000
259.792072, -203.864220, 0.000000, 0.000000
259.862140, -203.876994, 0.000000, 0.000000
260.052458, -203.911692, 0.000000, 0.000000
260.122526, -203.924466, 0.000000, 0.000000
260.314973, -203.947485, 0.000000, 0.000000
260.505291, -203.982183, 0.000000, 0.000000
260.575359, -203.994957, 0.000000, 0.000000
260.767806, -204.017977, 0.000000, 0.000000
260.837874, -204.030751, 0.000000, 0.000000
261.028192, -204.065449, 0.000000, 0.000000
261.218510, -204.100146, 0.000000, 0.000000
261.290707, -204.101242, 0.000000, 0.000000
261.481025, -204.135940, 0.000000, 0.000000
261.551093, -204.148714, 0.000000, 0.000000
261.743540, -204.171734, 0.000000, 0.000000
261.933858, -204.206431, 0.000000, 0.000000
262.003926, -204.219205, 0.000000, 0.000000
262.194244, -204.253903, 0.000000, 0.000000
262.266441, -204.254999, 0.000000, 0.000000
262.456759, -204.289697, 0.000000, 0.000000
262.647077, -204.324394, 0.000000, 0.000000
262.719274, -204.325490, 0.000000, 0.000000
262.909592, -204.360188, 0.000000, 0.000000
262.979660, -204.372962, 0.000000, 0.000000
263.169978, -204.407660, 0.000000, 0.000000
263.363230, -204.430826, 0.000000, 0.000000
263.433298, -204.443600, 0.000000, 0.000000
263.634557, -204.480293, 0.000000, 0.000000
263.706754, -204.481389, 0.000000, 0.000000
263.920873, -204.520426, 0.000000, 0.000000
263.990941, -204.533200, 0.000000, 0.000000
264.061009, -204.545974, 0.000000, 0.000000
264.280518, -204.573927, 0.000000, 0.000000
264.350586, -204.586702, 0.000000, 0.000000
264.584494, -204.629346, 0.000000, 0.000000
264.656691, -204.630443, 0.000000, 0.000000
264.726759, -204.643217, 0.000000, 0.000000
264.978420, -204.689098, 0.000000, 0.000000
265.048488, -204.701872, 0.000000, 0.000000
265.120685, -204.702969, 0.000000, 0.000000
265.391053, -204.752260, 0.000000, 0.000000
265.461121, -204.765035, 0.000000, 0.000000
265.533318, -204.766131, 0.000000, 0.000000
265.810208, -204.816612, 0.000000, 0.000000
265.880276, -204.829386, 0.000000, 0.000000
265.950345, -204.842160, 0.000000, 0.000000
266.229364, -204.880963, 0.000000, 0.000000
266.299432, -204.893737, 0.000000, 0.000000
266.369500, -204.906512, 0.000000, 0.000000
266.648519, -204.945314, 0.000000, 0.000000
266.718587, -204.958089, 0.000000, 0.000000
266.788655, -204.970863, 0.000000, 0.000000
267.065247, -205.021288, 0.000000, 0.000000
267.137444, -205.022377, 0.000000, 0.000000
267.207513, -205.035144, 0.000000, 0.000000
267.481513, -205.085070, 0.000000, 0.000000
267.553711, -205.086088, 0.000000, 0.000000
267.623793, -205.098785, 0.000000, 0.000000
267.693875, -205.111483, 0.000000, 0.000000
267.966178, -205.148625, 0.000000, 0.000000
268.036289, -205.161161, 0.000000, 0.000000
268.106400, -205.173697, 0.000000, 0.000000
268.376407, -205.221868, 0.000000, 0.000000
268.448609, -205.222546, 0.000000, 0.000000
268.518750, -205.234913, 0.000000, 0.000000
268.788532, -205.282402, 0.000000, 0.000000
268.860736, -205.282899, 0.000000, 0.000000
268.930908, -205.295091, 0.000000, 0.000000
269.200448, -205.341870, 0.000000, 0.000000
269.270652, -205.353878, 0.000000, 0.000000
269.342857, -205.354186, 0.000000, 0.000000
269.612138, -205.400226, 0.000000, 0.000000
269.682374, -205.412043, 0.000000, 0.000000
269.754579, -205.412153, 0.000000, 0.000000
270.024268, -205.457537, 0.000000, 0.000000
270.094535, -205.469170, 0.000000, 0.000000
270.164801, -205.480802, 0.000000, 0.000000
270.237007, -205.480723, 0.000000, 0.000000
270.512285, -205.526248, 0.000000, 0.000000
270.582560, -205.537824, 0.000000, 0.000000
270.654766, -205.537688, 0.000000, 0.000000
270.932478, -205.583434, 0.000000, 0.000000
271.002753, -205.595010, 0.000000, 0.000000
271.073029, -205.606586, 0.000000, 0.000000
271.352670, -205.640620, 0.000000, 0.000000
271.422946, -205.652196, 0.000000, 0.000000
271.493222, -205.663773, 0.000000, 0.000000
271.772863, -205.697806, 0.000000, 0.000000
271.843139, -205.709383, 0.000000, 0.000000
271.913415, -205.720959, 0.000000, 0.000000
272.191126, -205.766705, 0.000000, 0.000000
272.263332, -205.766569, 0.000000, 0.000000
272.333608, -205.778145, 0.000000, 0.000000
272.611319, -205.823891, 0.000000, 0.000000
272.683524, -205.823755, 0.000000, 0.000000
272.753800, -205.835331, 0.000000, 0.000000
272.824076, -205.846908, 0.000000, 0.000000
273.101788, -205.892654, 0.000000, 0.000000
273.173993, -205.892517, 0.000000, 0.000000
273.244269, -205.904094, 0.000000, 0.000000
273.521981, -205.949840, 0.000000, 0.000000
273.594186, -205.949704, 0.000000, 0.000000
273.664462, -205.961280, 0.000000, 0.000000
273.942173, -206.007026, 0.000000, 0.000000
274.012449, -206.018602, 0.000000, 0.000000
274.084655, -206.018466, 0.000000, 0.000000
274.362366, -206.064212, 0.000000, 0.000000
274.432642, -206.075789, 0.000000, 0.000000
274.504847, -206.075652, 0.000000, 0.000000
274.782559, -206.121399, 0.000000, 0.000000
274.852835, -206.132975, 0.000000, 0.000000
274.923111, -206.144551, 0.000000, 0.000000
275.202752, -206.178585, 0.000000, 0.000000
275.273028, -206.190161, 0.000000, 0.000000
275.343303, -206.201737, 0.000000, 0.000000
275.415509, -206.201601, 0.000000, 0.000000
275.692461, -206.247222, 0.000000, 0.000000
275.762737, -206.258799, 0.000000, 0.000000
275.833013, -206.270375, 0.000000, 0.000000
276.117773, -206.305252, 0.000000, 0.000000
276.188049, -206.316828, 0.000000, 0.000000
276.258324, -206.328404, 0.000000, 0.000000
276.537250, -206.362320, 0.000000, 0.000000
276.607526, -206.373896, 0.000000, 0.000000
276.677802, -206.385473, 0.000000, 0.000000
276.948967, -206.430140, 0.000000, 0.000000
277.021172, -206.430004, 0.000000, 0.000000
277.091448, -206.441580, 0.000000, 0.000000
277.356784, -206.485288, 0.000000, 0.000000
277.428990, -206.485152, 0.000000, 0.000000
277.700212, -206.529829, 0.000000, 0.000000
277.766629, -206.564831, 1.000000, 0.000000
277.834976, -206.588120, 1.000000, 0.000000
278.100375, -206.631838, 1.000000, 0.000000
278.168721, -206.655127, 1.000000, 0.000000
278.235139, -206.690128, 1.000000, 0.000000
278.493544, -206.744725, 1.000000, 0.000000
278.561890, -206.768014, 1.000000, 0.000000
278.630237, -206.791303, 1.000000, 0.000000
278.885356, -206.845321, 1.000000, 0.000000
278.953728, -206.868537, 1.000000, 0.000000
279.024016, -206.880038, 1.000000, 0.000000
279.269050, -206.931977, 1.000000, 0.000000
279.337524, -206.954891, 1.000000, 0.000000
279.405997, -206.977804, 1.000000, 0.000000
279.646685, -207.027810, 1.000000, 0.000000
279.715295, -207.050313, 1.000000, 0.000000
279.956903, -207.099328, 1.000000, 0.000000
280.025642, -207.121431, 1.000000, 0.000000
280.094381, -207.143534, 1.000000, 0.000000
280.336996, -207.191178, 1.000000, 0.000000
280.405859, -207.212894, 1.000000, 0.000000
280.474722, -207.234609, 1.000000, 0.000000
280.718298, -207.280915, 1.000000, 0.000000
280.787279, -207.302253, 1.000000, 0.000000
280.856260, -207.323590, 1.000000, 0.000000
281.100752, -207.368590, 1.000000, 0.000000
281.168311, -207.401331, 1.000000, 0.000000
281.237404, -207.422302, 1.000000, 0.000000
281.483025, -207.466061, 1.000000, 0.000000
281.552224, -207.486680, 1.000000, 0.000000
281.622896, -207.495520, 1.000000, 0.000000
281.877337, -207.539190, 1.000000, 0.000000
281.946578, -207.559665, 1.000000, 0.000000
282.205551, -207.615429, 1.000000, 0.000000
282.273344, -207.647685, 1.000000, 0.000000
282.341137, -207.679941, 1.000000, 0.000000
282.601559, -207.723923, 1.000000, 0.000000
282.670801, -207.744397, 1.000000, 0.000000
282.738594, -207.776653, 1.000000, 0.000000
282.999016, -207.820635, 1.000000, 0.000000
283.066809, -207.852891, 1.000000, 0.000000
283.136051, -207.873365, 1.000000, 0.000000
283.395024, -207.929129, 1.000000, 0.000000
283.464266, -207.949603, 1.000000, 0.000000
283.533508, -207.970078, 1.000000, 0.000000
283.793929, -208.014060, 1.000000, 0.000000
283.863171, -208.034534, 1.000000, 0.000000
283.932413, -208.055008, 1.000000, 0.000000
284.192835, -208.098991, 1.000000, 0.000000
284.262077, -208.119465, 1.000000, 0.000000
284.523947, -208.151665, 1.000000, 0.000000
284.594637, -208.160358, 1.000000, 0.000000
284.665328, -208.169050, 1.000000, 0.000000
284.927198, -208.201251, 1.000000, 0.000000
284.997889, -208.209943, 1.000000, 0.000000
285.068580, -208.218635, 1.000000, 0.000000
285.330450, -208.250836, 1.000000, 0.000000
285.401141, -208.259528, 1.000000, 0.000000
285.471831, -208.268221, 1.000000, 0.000000
285.733702, -208.300421, 1.000000, 0.000000
285.805841, -208.297332, 1.000000, 0.000000
285.877980, -208.294242, 1.000000, 0.000000
286.139851, -208.326443, 1.000000, 0.000000
286.210541, -208.335135, 1.000000, 0.000000
286.281232, -208.343828, 1.000000, 0.000000
286.543102, -208.376028, 1.000000, 0.000000
286.610896, -208.408284, 1.000000, 0.000000
286.872766, -208.440485, 1.000000, 0.000000
286.943456, -208.449177, 1.000000, 0.000000
287.014147, -208.457869, 1.000000, 0.000000
287.277023, -208.502154, 1.000000, 0.000000
287.347714, -208.510846, 1.000000, 0.000000
287.418404, -208.519538, 1.000000, 0.000000
287.686766, -208.552537, 1.000000, 0.000000
287.756008, -208.573011, 1.000000, 0.000000
287.826699, -208.581704, 1.000000, 0.000000
288.099110, -208.615200, 1.000000, 0.000000
288.169801, -208.623893, 1.000000, 0.000000
288.240492, -208.632585, 1.000000, 0.000000
288.515520, -208.678364, 1.000000, 0.000000
288.586211, -208.687056, 1.000000, 0.000000
288.656901, -208.695748, 1.000000, 0.000000
288.924227, -208.740580, 1.000000, 0.000000
288.994918, -208.749272, 1.000000, 0.000000
289.065608, -208.757964, 1.000000, 0.000000
289.337026, -208.803299, 1.000000, 0.000000
289.407716, -208.811991, 1.000000, 0.000000
289.478407, -208.820683, 1.000000, 0.000000
289.753930, -208.866523, 1.000000, 0.000000
289.824620, -208.875215, 1.000000, 0.000000
289.895311, -208.883907, 1.000000, 0.000000
290.172438, -208.929944, 1.000000, 0.000000
290.244578, -208.926855, 1.000000, 0.000000
290.316717, -208.923765, 1.000000, 0.000000
290.595293, -208.958020, 1.000000, 0.000000
290.665983, -208.966712, 1.000000, 0.000000
290.736674, -208.975405, 1.000000, 0.000000
291.015250, -209.009659, 1.000000, 0.000000
291.084492, -209.030134, 1.000000, 0.000000
291.155182, -209.038826, 1.000000, 0.000000
291.445102, -209.074722, 1.000000, 0.000000
291.514249, -209.095514, 1.000000, 0.000000
291.584899, -209.104531, 1.000000, 0.000000
291.890847, -209.144275, 1.000000, 0.000000
291.961392, -209.154085, 1.000000, 0.000000
292.031936, -209.163895, 1.000000, 0.000000
292.339199, -209.207374, 1.000000, 0.000000
292.409621, -209.218026, 1.000000, 0.000000
292.480043, -209.228678, 1.000000, 0.000000
292.788922, -209.264157, 1.000000, 0.000000
292.859210, -209.275657, 1.000000, 0.000000
292.929499, -209.287157, 1.000000, 0.000000
293.236239, -209.338115, 1.000000, 0.000000
293.306383, -209.350468, 1.000000, 0.000000
293.378585, -209.351130, 1.000000, 0.000000
293.685046, -209.405881, 1.000000, 0.000000
293.755034, -209.419091, 1.000000, 0.000000
293.825021, -209.432301, 1.000000, 0.000000
294.130997, -209.490844, 1.000000, 0.000000
294.200816, -209.504915, 1.000000, 0.000000
294.270635, -209.518986, 1.000000, 0.000000
294.563615, -209.578455, 1.000000, 0.000000
294.633329, -209.593036, 1.000000, 0.000000
294.703044, -209.607617, 1.000000, 0.000000
294.978264, -209.665188, 1.000000, 0.000000
295.047976, -209.679783, 1.000000, 0.000000
295.117688, -209.694378, 1.000000, 0.000000
295.392407, -209.751892, 1.000000, 0.000000
295.464551, -209.754868, 1.000000, 0.000000
295.534262, -209.769463, 1.000000, 0.000000
295.808981, -209.826977, 1.000000, 0.000000
295.878692, -209.841572, 1.000000, 0.000000
295.943539, -209.879404, 1.000000, 0.000000
296.218258, -209.936918, 1.000000, 0.000000
296.285537, -209.963131, 1.000000, 0.000000
296.355248, -209.977726, 1.000000, 0.000000
296.627535, -210.046859, 1.000000, 0.000000
296.697247, -210.061454, 1.000000, 0.000000
296.766958, -210.076049, 1.000000, 0.000000
297.041677, -210.133563, 1.000000, 0.000000
297.111388, -210.148158, 1.000000, 0.000000
297.181100, -210.162752, 1.000000, 0.000000
297.455818, -210.220267, 1.000000, 0.000000
297.525530, -210.234861, 1.000000, 0.000000
297.592809, -210.261075, 1.000000, 0.000000
297.867528, -210.318589, 1.000000, 0.000000
297.937240, -210.333184, 1.000000, 0.000000
298.006951, -210.347779, 1.000000, 0.000000
298.281670, -210.405293, 1.000000, 0.000000
298.351381, -210.419888, 1.000000, 0.000000
298.421093, -210.434482, 1.000000, 0.000000
298.698244, -210.480378, 1.000000, 0.000000
298.767956, -210.494973, 1.000000, 0.000000
298.837667, -210.509567, 1.000000, 0.000000
299.112386, -210.567082, 1.000000, 0.000000
299.182098, -210.581677, 1.000000, 0.000000
299.251809, -210.596271, 1.000000, 0.000000
299.528960, -210.642167, 1.000000, 0.000000
299.598672, -210.656762, 1.000000, 0.000000
299.668384, -210.671356, 1.000000, 0.000000
299.942571, -210.728760, 1.000000, 0.000000
300.012282, -210.743354, 1.000000, 0.000000
300.081994, -210.757949, 1.000000, 0.000000
300.354987, -210.815102, 1.000000, 0.000000
300.424698, -210.829697, 1.000000, 0.000000
300.494410, -210.844291, 1.000000, 0.000000
300.766266, -210.901206, 1.000000, 0.000000
300.835978, -210.915801, 1.000000, 0.000000
300.905689, -210.930396, 1.000000, 0.000000
301.176468, -210.987085, 1.000000, 0.000000
301.246179, -211.001680, 1.000000, 0.000000
301.313458, -211.027893, 1.000000, 0.000000
301.583219, -211.084370, 1.000000, 0.000000
301.652930, -211.098964, 1.000000, 0.000000
301.722642, -211.113559, 1.000000, 0.000000
301.991442, -211.169834, 0.000000, 0.000000
302.061154, -211.184429, 0.000000, 0.000000
302.130866, -211.199024, 0.000000, 0.000000
302.398767, -211.255111, 0.000000, 0.000000
302.468479, -211.269706, 0.000000, 0.000000
302.538191, -211.284300, 0.000000, 0.000000
302.805607, -211.340286, 0.000000, 0.000000
302.875319, -211.354881, 0.000000, 0.000000
302.945030, -211.369475, 0.000000, 0.000000
303.212446, -211.425461, 0.000000, 0.000000
303.282158, -211.440056, 0.000000, 0.000000
303.351870, -211.454650, 0.000000, 0.000000
303.613707, -211.509362, 0.000000, 0.000000
303.683453, -211.523795, 0.000000, 0.000000
303.753198, -211.538229, 0.000000, 0.000000
303.988690, -211.586540, 0.000000, 0.000000
304.058621, -211.600045, 0.000000, 0.000000
304.128552, -211.613550, 0.000000, 0.000000
304.336041, -211.653198, 0.000000, 0.000000
304.406289, -211.664945, 0.000000, 0.000000
304.476537, -211.676692, 0.000000, 0.000000
304.685932, -211.711281, 0.000000, 0.000000
304.756448, -211.721290, 1.000000, 0.000000
304.826964, -211.731299, 1.000000, 0.000000
305.038219, -211.760855, 1.000000, 0.000000
305.108957, -211.769152, 1.000000, 0.000000
305.178312, -211.789238, 1.000000, 0.000000
305.391653, -211.813823, 1.000000, 0.000000
305.462568, -211.820435, 1.000000, 0.000000
305.533484, -211.827047, 1.000000, 0.000000
305.748567, -211.846660, 1.000000, 0.000000
305.818791, -211.863461, 1.000000, 0.000000
305.889841, -211.868420, 1.000000, 0.000000
306.108610, -211.895132, 1.000000, 0.000000
306.179752, -211.898541, 1.000000, 0.000000
306.250893, -211.901949, 1.000000, 0.000000
306.491412, -211.924940, 1.000000, 0.000000
306.562592, -211.927411, 1.000000, 0.000000
306.633772, -211.929883, 1.000000, 0.000000
306.906409, -211.951229, 1.000000, 0.000000
306.977589, -211.953700, 1.000000, 0.000000
307.048357, -211.968036, 1.000000, 0.000000
307.321406, -211.977518, 1.000000, 0.000000
307.392174, -211.991853, 1.000000, 0.000000
307.463354, -211.994325, 1.000000, 0.000000
307.736403, -212.003807, 1.000000, 0.000000
307.807583, -212.006278, 1.000000, 0.000000
307.878351, -212.020614, 1.000000, 0.000000
308.151399, -212.030095, 1.000000, 0.000000
308.222580, -212.032567, 1.000000, 0.000000
308.293760, -212.035039, 1.000000, 0.000000
308.566397, -212.056384, 1.000000, 0.000000
308.637577, -212.058856, 1.000000, 0.000000
308.708757, -212.061328, 1.000000, 0.000000
308.981805, -212.070810, 1.000000, 0.000000
309.052985, -212.073282, 1.000000, 0.000000
309.124166, -212.075754, 1.000000, 0.000000
309.396802, -212.097099, 1.000000, 0.000000
309.467982, -212.099571, 1.000000, 0.000000
309.539162, -212.102043, 1.000000, 0.000000
309.812211, -212.111525, 1.000000, 0.000000
309.883391, -212.113997, 1.000000, 0.000000
309.954572, -212.116468, 1.000000, 0.000000
310.227620, -212.125950, 1.000000, 0.000000
310.298800, -212.128422, 1.000000, 0.000000
310.369980, -212.130894, 1.000000, 0.000000
310.643029, -212.140376, 1.000000, 0.000000
310.714209, -212.142848, 1.000000, 0.000000
310.785389, -212.145320, 1.000000, 0.000000
311.058026, -212.166665, 1.000000, 0.000000
311.129618, -212.157273, 1.000000, 0.000000
311.200798, -212.159745, 1.000000, 0.000000
311.473847, -212.169227, 1.000000, 0.000000
311.545027, -212.171699, 1.000000, 0.000000
311.616207, -212.174171, 1.000000, 0.000000
311.889939, -212.183677, 1.000000, 0.000000
311.961119, -212.186148, 1.000000, 0.000000
312.032299, -212.188620, 1.000000, 0.000000
312.308061, -212.198196, 1.000000, 0.000000
312.379241, -212.200668, 1.000000, 0.000000
312.450422, -212.203140, 1.000000, 0.000000
312.728479, -212.212796, 1.000000, 0.000000
312.799659, -212.215268, 1.000000, 0.000000
312.870839, -212.217740, 1.000000, 0.000000
313.151453, -212.227484, 1.000000, 0.000000
313.222633, -212.229956, 1.000000, 0.000000
313.293813, -212.232428, 1.000000, 0.000000
313.577240, -212.242270, 1.000000, 0.000000
313.648420, -212.244742, 1.000000, 0.000000
313.719600, -212.247214, 1.000000, 0.000000
314.006090, -212.257163, 1.000000, 0.000000
314.077270, -212.259634, 1.000000, 0.000000
314.148450, -212.262106, 1.000000, 0.000000
314.438249, -212.272170, 1.000000, 0.000000
314.509841, -212.262778, 1.000000, 0.000000
314.581021, -212.265250, 1.000000, 0.000000
314.861166, -212.274979, 1.000000, 0.000000
314.932346, -212.277451, 1.000000, 0.000000
315.003526, -212.279922, 1.000000, 0.000000
315.283671, -212.289651, 1.000000, 0.000000
315.354851, -212.292123, 1.000000, 0.000000
315.426031, -212.294594, 1.000000, 0.000000
315.706175, -212.304323, 1.000000, 0.000000
315.777355, -212.306795, 1.000000, 0.000000
315.848948, -212.297403, 1.000000, 0.000000
316.116155, -212.306717, 1.000000, 0.000000
316.187347, -212.308801, 1.000000, 0.000000
316.258540, -212.310885, 1.000000, 0.000000
316.329732, -212.312969, 1.000000, 0.000000
316.576252, -212.319580, 1.000000, 0.000000
316.647467, -212.320654, 1.000000, 0.000000
316.718682, -212.321727, 1.000000, 0.000000
316.962819, -212.324958, 1.000000, 0.000000
317.034042, -212.324947, 1.000000, 0.000000
317.105265, -212.324936, 1.000000, 0.000000
317.350345, -212.324632, 1.000000, 0.000000
317.421560, -212.323564, 1.000000, 0.000000
317.492775, -212.322497, 1.000000, 0.000000
317.738738, -212.318715, 1.000000, 0.000000
317.809931, -212.316619, 1.000000, 0.000000
317.881123, -212.314522, 1.000000, 0.000000
318.127914, -212.307323, 1.000000, 0.000000
318.199070, -212.304225, 1.000000, 0.000000
318.270226, -212.301127, 1.000000, 0.000000
249.226228, -176.537373, 1.000000, -1.#QNAN0
249.184953, -176.703753, 1.000000, -1.#QNAN0
249.147187, -176.864419, 1.000000, -1.#QNAN0
249.111488, -177.022464, 1.000000, -1.#QNAN0
249.096298, -177.092048, 1.000000, -1.#QNAN0
249.062831, -177.246805, 1.000000, -1.#QNAN0
249.030993, -177.396464, 1.000000, -1.#QNAN0
248.999655, -177.544388, 1.000000, -1.#QNAN0
248.968317, -177.692312, 1.000000, -1.#QNAN0
248.936979, -177.840237, 1.000000, -1.#QNAN0
248.905641, -177.988161, 1.000000, -1.#QNAN0
248.902493, -178.060298, 1.000000, -1.#QNAN0
248.882767, -178.210682, 1.000000, -1.#QNAN0
248.851430, -178.358607, 1.000000, -1.#QNAN0
248.820092, -178.506531, 1.000000, -1.#QNAN0
248.788754, -178.654455, 1.000000, -1.#QNAN0
248.758773, -178.795974, 1.000000, -1.#QNAN0
248.705210, -178.934255, 1.000000, -1.#QNAN0
248.676952, -179.067643, 1.000000, -1.#QNAN0
248.650742, -179.191362, 1.000000, -1.#QNAN0
248.612469, -179.314744, 1.000000, -1.#QNAN0
248.576158, -179.428866, 1.000000, -1.#QNAN0
248.541066, -179.594514, 1.000000, -1.#QNAN0
248.504858, -179.708147, 1.000000, -1.#QNAN0
248.470431, -179.870657, 1.000000, -1.#QNAN0
248.445836, -179.986750, 1.000000, -1.#QNAN0
248.411408, -180.149260, 1.000000, -1.#QNAN0
248.386814, -180.265353, 1.000000, -1.#QNAN0
248.352386, -180.427863, 1.000000, -1.#QNAN0
248.339404, -180.546416, 1.000000, -1.#QNAN0
248.316589, -180.711386, 1.000000, -1.#QNAN0
248.291995, -180.827479, 1.000000, -1.#QNAN0
248.267780, -180.999421, 1.000000, -1.#QNAN0
248.230810, -181.120623, 1.000000, -1.#QNAN0
248.194427, -181.309866, 1.000000, -1.#QNAN0
248.169491, -181.451028, 1.000000, -1.#QNAN0
248.138717, -181.642801, 1.000000, -1.#QNAN0
248.144098, -181.772586, 1.000000, -1.#QNAN0
248.119308, -181.962792, 1.000000, -1.#QNAN0
248.104726, -182.089519, 1.000000, -1.#QNAN0
248.086532, -182.269092, 1.000000, -1.#QNAN0
248.075913, -182.387776, 1.000000, -1.#QNAN0
248.051123, -182.540745, 1.000000, -1.#QNAN0
248.041929, -182.651211, 1.000000, -1.#QNAN0
248.029448, -182.801167, 1.000000, -1.#QNAN0
247.984766, -182.908680, 1.000000, -1.#QNAN0
247.972285, -183.058635, 1.000000, -1.#QNAN0
247.963092, -183.169102, 1.000000, -1.#QNAN0
247.962441, -183.320042, 1.000000, -1.#QNAN0
247.953247, -183.430508, 1.000000, -1.#QNAN0
247.952596, -183.581449, 1.000000, -1.#QNAN0
247.955232, -183.692900, 1.000000, -1.#QNAN0
247.954581, -183.843840, 1.000000, -1.#QNAN0
247.945387, -183.954306, 1.000000, -1.#QNAN0
247.932907, -184.104262, 1.000000, -1.#QNAN0
247.923713, -184.214728, 1.000000, -1.#QNAN0
247.911233, -184.364684, 1.000000, -1.#QNAN0
247.913869, -184.476135, 1.000000, -1.#QNAN0
247.912706, -184.633228, 1.000000, -1.#QNAN0
247.914136, -184.759164, 1.000000, -1.#QNAN0
247.915588, -184.884843, 1.000000, -1.#QNAN0
249.288309, -185.136313, -1.000000, -1.#QNAN0
249.276987, -185.272355, -1.000000, -1.#QNAN0
249.271080, -185.343332, -1.000000, -1.#QNAN0
249.258792, -185.490975, -1.000000, -1.#QNAN0
249.245808, -185.646974, -1.000000, -1.#QNAN0
249.232825, -185.802973, -1.000000, -1.#QNAN0
249.219842, -185.958972, -1.000000, -1.#QNAN0
249.206858, -186.114971, -1.000000, -1.#QNAN0
249.193875, -186.270970, -1.000000, -1.#QNAN0
249.187968, -186.341948, -1.000000, -1.#QNAN0
249.174984, -186.497947, -1.000000, -1.#QNAN0
249.162481, -186.653983, -1.000000, -1.#QNAN0
249.151982, -186.810159, -1.000000, -1.#QNAN0
249.145122, -186.966535, -1.000000, -1.#QNAN0
249.141744, -187.123026, -1.000000, -1.#QNAN0
249.141545, -187.279554, -1.000000, -1.#QNAN0
249.142874, -187.350765, -1.000000, -1.#QNAN0
249.146871, -187.507235, -1.000000, -1.#QNAN0
249.153410, -187.663623, -1.000000, -1.#QNAN0
249.162331, -187.819899, -1.000000, -1.#QNAN0
249.173501, -187.976037, -1.000000, -1.#QNAN0
249.186127, -188.132064, -1.000000, -1.#QNAN0
249.198884, -188.288082, -1.000000, -1.#QNAN0
249.204689, -188.359068, -1.000000, -1.#QNAN0
249.217446, -188.515085, -1.000000, -1.#QNAN0
249.230203, -188.671103, -1.000000, -1.#QNAN0
249.242960, -188.827121, -1.000000, -1.#QNAN0
249.255717, -188.983138, -1.000000, -1.#QNAN0
249.268474, -189.139156, -1.000000, -1.#QNAN0
249.281231, -189.295174, -1.000000, -1.#QNAN0
249.287036, -189.366160, -1.000000, -1.#QNAN0
249.299808, -189.522362, -1.000000, -1.#QNAN0
249.312611, -189.678944, -1.000000, -1.#QNAN0
249.325450, -189.835961, -1.000000, -1.#QNAN0
249.338329, -189.993469, -1.000000, -1.#QNAN0
249.351252, -190.151522, -1.000000, -1.#QNAN0
247.968165, -190.424325, 1.000000, -1.#QNAN0
247.962138, -190.496279, 1.000000, -1.#QNAN0
247.975164, -190.655583, 1.000000, -1.#QNAN0
247.988215, -190.815199, 1.000000, -1.#QNAN0
247.989435, -190.975782, 1.000000, -1.#QNAN0
247.990656, -191.136366, 1.000000, -1.#QNAN0
247.991876, -191.296949, 1.000000, -1.#QNAN0
248.004927, -191.456565, 1.000000, -1.#QNAN0
247.998901, -191.528518, 1.000000, -1.#QNAN0
248.000121, -191.689101, 1.000000, -1.#QNAN0
248.001341, -191.849685, 1.000000, -1.#QNAN0
248.002561, -192.010268, 1.000000, -1.#QNAN0
248.003782, -192.170851, 1.000000, -1.#QNAN0
248.005002, -192.331435, 1.000000, -1.#QNAN0
247.994391, -192.492985, 1.000000, -1.#QNAN0
247.976534, -192.565906, 1.000000, -1.#QNAN0
247.954092, -192.728424, 1.000000, -1.#QNAN0
247.931650, -192.890942, 1.000000, -1.#QNAN0
247.896475, -193.045434, 1.000000, -1.#QNAN0
247.884260, -193.198523, 1.000000, -1.#QNAN0
247.859534, -193.352743, 1.000000, -1.#QNAN0
247.834131, -193.506541, 1.000000, -1.#QNAN0
247.814845, -193.579097, 0.000000, -1.#QNAN0
247.823807, -193.728608, 0.000000, -1.#QNAN0
247.820439, -193.882819, 0.000000, -1.#QNAN0
247.816606, -194.037505, 0.000000, -1.#QNAN0
247.823960, -194.187989, 0.000000, -1.#QNAN0
247.818919, -194.342964, 0.000000, -1.#QNAN0
247.825359, -194.498790, 0.000000, -1.#QNAN0
247.816275, -194.570422, 0.000000, -1.#QNAN0
247.810531, -194.729102, 0.000000, -1.#QNAN0
247.816251, -194.879469, 0.000000, -1.#QNAN0
247.810334, -195.036164, 0.000000, -1.#QNAN0
247.801180, -195.107787, 0.000000, -1.#QNAN0
247.807353, -195.270036, 0.000000, -1.#QNAN0
247.801897, -195.438858, 0.000000, -1.#QNAN0
247.796227, -195.602045, 0.000000, -1.#QNAN0
247.798935, -195.673216, 0.000000, -1.#QNAN0
247.793505, -195.842727, 0.000000, -1.#QNAN0
247.788319, -196.018649, 0.000000, -1.#QNAN0
247.791027, -196.089820, 0.000000, -1.#QNAN0
247.785994, -196.269757, 0.000000, -1.#QNAN0
247.780961, -196.449694, 0.000000, -1.#QNAN0
247.783668, -196.520866, 0.000000, -1.#QNAN0
247.778635, -196.700803, 0.000000, -1.#QNAN0
247.773602, -196.880740, 0.000000, -1.#QNAN0
247.776310, -196.951911, 0.000000, -1.#QNAN0
247.771277, -197.131848, 0.000000, -1.#QNAN0
247.766244, -197.311786, 0.000000, -1.#QNAN0
247.768952, -197.382957, 0.000000, -1.#QNAN0
247.763919, -197.562894, 0.000000, -1.#QNAN0
247.758886, -197.742831, 0.000000, -1.#QNAN0
247.761594, -197.814003, 0.000000, -1.#QNAN0
247.756560, -197.993940, 0.000000, -1.#QNAN0
247.751527, -198.173877, 0.000000, -1.#QNAN0
247.754235, -198.245048, 0.000000, -1.#QNAN0
247.749202, -198.424985, 0.000000, -1.#QNAN0
247.744169, -198.604922, 0.000000, -1.#QNAN0
247.746877, -198.676094, 0.000000, -1.#QNAN0
247.741844, -198.856031, 0.000000, -1.#QNAN0
247.736811, -199.035968, 0.000000, -1.#QNAN0
247.739519, -199.107139, 0.000000, -1.#QNAN0
247.734485, -199.287077, 0.000000, -1.#QNAN0
247.729452, -199.467013, 0.000000, -1.#QNAN0
247.732160, -199.538185, 0.000000, -1.#QNAN0
247.727127, -199.718122, 0.000000, -1.#QNAN0
247.733956, -199.897608, 0.000000, -1.#QNAN0
247.724802, -199.969231, 0.000000, -1.#QNAN0
247.719769, -200.149168, 0.000000, -1.#QNAN0
247.727299, -200.345372, 0.000000, -1.#QNAN0
247.718700, -200.417064, 0.000000, -1.#QNAN0
247.720050, -200.661743, 0.000000, -1.#QNAN0
247.763952, -201.074153, 0.000000, -1.#QNAN0
247.765260, -201.146346, 0.000000, -1.#QNAN0
247.842152, -201.543374, 0.000000, -1.#QNAN0
247.862199, -201.611717, 0.000000, -1.#QNAN0
247.993882, -202.023925, 0.000000, -1.#QNAN0
248.185451, -202.452147, 0.000000, -1.#QNAN0
248.221609, -202.513510, 0.000000, -1.#QNAN0
248.483069, -202.930117, 0.000000, -1.#QNAN0
248.517913, -202.993359, 0.000000, -1.#QNAN0
248.849256, -203.366484, 0.000000, -1.#QNAN0
249.125867, -203.637460, 0.000000, -1.#QNAN0
249.173812, -203.691450, 0.000000, -1.#QNAN0
249.335839, -203.822228, 0.000000, -1.#QNAN0
249.384048, -203.875982, 0.000000, -1.#QNAN0
249.536097, -204.012778, 0.000000, -1.#QNAN0
249.591721, -204.057261, 0.000000, -1.#QNAN0
249.744884, -204.194948, 0.000000, -1.#QNAN0
249.793093, -204.248702, 0.000000, -1.#QNAN0
249.953670, -204.377119, 0.000000, -1.#QNAN0
250.001880, -204.430872, 0.000000, -1.#QNAN0
250.155043, -204.568560, 0.000000, -1.#QNAN0
250.315620, -204.696976, 0.000000, -1.#QNAN0
250.363829, -204.750730, 0.000000, -1.#QNAN0
250.516992, -204.888417, 0.000000, -1.#QNAN0
250.572616, -204.932900, 0.000000, -1.#QNAN0
250.725779, -205.070588, 0.000000, -1.#QNAN0
250.773988, -205.124341, 0.000000, -1.#QNAN0
250.934565, -205.252758, 0.000000, -1.#QNAN0
250.982775, -205.306512, 0.000000, -1.#QNAN0
251.143352, -205.434928, 0.000000, -1.#QNAN0
251.191561, -205.488682, 0.000000, -1.#QNAN0
251.344724, -205.626369, 0.000000, -1.#QNAN0
251.505301, -205.754786, 0.000000, -1.#QNAN0
251.553511, -205.808540, 0.000000, -1.#QNAN0
251.706674, -205.946227, 0.000000, -1.#QNAN0
251.762297, -205.990710, 0.000000, -1.#QNAN0
251.915460, -206.128397, 0.000000, -1.#QNAN0
251.963670, -206.182151, 0.000000, -1.#QNAN0
252.124247, -206.310567, 0.000000, -1.#QNAN0
252.172456, -206.364321, 0.000000, -1.#QNAN0
252.325619, -206.502008, 0.000000, -1.#QNAN0
252.381243, -206.546491, 0.000000, -1.#QNAN0
252.534406, -206.684179, 0.000000, -1.#QNAN0
252.687569, -206.821866, 0.000000, -1.#QNAN0
252.743192, -206.866349, 0.000000, -1.#QNAN0
252.896355, -207.004036, 0.000000, -1.#QNAN0
252.944565, -207.057790, 0.000000, -1.#QNAN0
253.105142, -207.186206, 0.000000, -1.#QNAN0
253.153351, -207.239960, 0.000000, -1.#QNAN0
253.333021, -207.397977, 0.000000, -1.#QNAN0
253.389217, -207.441735, 0.000000, -1.#QNAN0
253.782673, -207.736370, 0.000000, -1.#QNAN0
253.837152, -207.783759, 0.000000, -1.#QNAN0
254.210710, -207.995832, 0.000000, -1.#QNAN0
254.572249, -208.181607, 0.000000, -1.#QNAN0
254.633705, -208.219511, 0.000000, -1.#QNAN0
254.943172, -208.341549, 0.000000, -1.#QNAN0
255.006465, -208.376300, 0.000000, -1.#QNAN0
255.265405, -208.477082, 0.000000, -1.#QNAN0
255.333390, -208.498314, 0.000000, -1.#QNAN0
255.604925, -208.591832, 0.000000, -1.#QNAN0
255.865167, -208.673456, 0.000000, -1.#QNAN0
255.934475, -208.689859, 0.000000, -1.#QNAN0
256.142711, -208.750767, 0.000000, -1.#QNAN0
256.209654, -208.777828, 0.000000, -1.#QNAN0
256.484874, -208.835450, 0.000000, -1.#QNAN0
256.673050, -208.882216, 0.000000, -1.#QNAN0
256.743118, -208.894991, 0.000000, -1.#QNAN0
256.931307, -208.941366, 0.000000, -1.#QNAN0
256.999246, -208.965819, 0.000000, -1.#QNAN0
257.189564, -209.000516, 0.000000, -1.#QNAN0
257.377752, -209.046892, 0.000000, -1.#QNAN0
257.445691, -209.071344, 0.000000, -1.#QNAN0
257.636009, -209.106041, 0.000000, -1.#QNAN0
257.703948, -209.130494, 0.000000, -1.#QNAN0
257.892137, -209.176869, 0.000000, -1.#QNAN0
258.082455, -209.211567, 0.000000, -1.#QNAN0
258.150394, -209.236019, 0.000000, -1.#QNAN0
258.338583, -209.282395, 0.000000, -1.#QNAN0
258.408651, -209.295169, 0.000000, -1.#QNAN0
258.596840, -209.341544, 0.000000, -1.#QNAN0
258.785029, -209.387920, 0.000000, -1.#QNAN0
258.855097, -209.400694, 0.000000, -1.#QNAN0
259.043286, -209.447070, 0.000000, -1.#QNAN0
259.111225, -209.471522, 0.000000, -1.#QNAN0
259.301543, -209.506219, 0.000000, -1.#QNAN0
259.489731, -209.552595, 0.000000, -1.#QNAN0
259.557670, -209.577047, 0.000000, -1.#QNAN0
259.747988, -209.611745, 0.000000, -1.#QNAN0
259.815927, -209.636197, 0.000000, -1.#QNAN0
260.004116, -209.682573, 0.000000, -1.#QNAN0
260.194434, -209.717270, 0.000000, -1.#QNAN0
260.262373, -209.741722, 0.000000, -1.#QNAN0
260.450562, -209.788098, 0.000000, -1.#QNAN0
260.520630, -209.800872, 0.000000, -1.#QNAN0
261.234696, -206.962779, -1.000000, -1.#QNAN0
260.897008, -209.893623, 1.000000, -1.#QNAN0
260.962818, -209.929754, 1.000000, -1.#QNAN0
261.148878, -209.987807, 1.000000, -1.#QNAN0
261.216817, -210.012259, 1.000000, -1.#QNAN0
261.407134, -210.046957, 1.000000, -1.#QNAN0
261.597452, -210.081654, 1.000000, -1.#QNAN0
261.667520, -210.094429, 1.000000, -1.#QNAN0
261.857838, -210.129126, 1.000000, -1.#QNAN0
262.466558, -207.187363, -1.000000, -1.#QNAN0
262.118224, -210.176598, 0.000000, -1.#QNAN0
262.311476, -210.199764, 0.000000, -1.#QNAN0
262.383673, -210.200860, 0.000000, -1.#QNAN0
262.587062, -210.225875, 0.000000, -1.#QNAN0
262.659259, -210.226971, 0.000000, -1.#QNAN0
262.875507, -210.254330, 0.000000, -1.#QNAN0
262.947704, -210.255426, 0.000000, -1.#QNAN0
263.019901, -210.256522, 0.000000, -1.#QNAN0
263.239409, -210.284475, 0.000000, -1.#QNAN0
263.311607, -210.285572, 0.000000, -1.#QNAN0
263.547644, -210.316538, 0.000000, -1.#QNAN0
263.619841, -210.317635, 0.000000, -1.#QNAN0
263.692038, -210.318731, 0.000000, -1.#QNAN0
263.945828, -210.352934, 0.000000, -1.#QNAN0
264.018025, -210.354030, 0.000000, -1.#QNAN0
264.090222, -210.355127, 0.000000, -1.#QNAN0
264.362719, -210.392740, 0.000000, -1.#QNAN0
264.432787, -210.405515, 0.000000, -1.#QNAN0
264.504984, -210.406611, 0.000000, -1.#QNAN0
264.784003, -210.445414, 0.000000, -1.#QNAN0
264.856200, -210.446510, 0.000000, -1.#QNAN0
264.928398, -210.447606, 0.000000, -1.#QNAN0
265.207417, -210.486409, 0.000000, -1.#QNAN0
265.279614, -210.487505, 0.000000, -1.#QNAN0
265.351811, -210.488602, 0.000000, -1.#QNAN0
265.630830, -210.527404, 0.000000, -1.#QNAN0
265.703027, -210.528501, 0.000000, -1.#QNAN0
265.775224, -210.529597, 0.000000, -1.#QNAN0
266.054515, -210.568448, 0.000000, -1.#QNAN0
266.126712, -210.569537, 0.000000, -1.#QNAN0
266.198910, -210.570626, 0.000000, -1.#QNAN0
266.480516, -210.609869, 0.000000, -1.#QNAN0
266.552714, -210.610886, 0.000000, -1.#QNAN0
266.624912, -210.611904, 0.000000, -1.#QNAN0
266.697111, -210.612921, 0.000000, -1.#QNAN0
266.982090, -210.652345, 0.000000, -1.#QNAN0
267.054291, -210.653196, 0.000000, -1.#QNAN0
267.126491, -210.654047, 0.000000, -1.#QNAN0
267.411723, -210.692865, 0.000000, -1.#QNAN0
267.483926, -210.693543, 0.000000, -1.#QNAN0
267.556128, -210.694220, 0.000000, -1.#QNAN0
267.841622, -210.732408, 0.000000, -1.#QNAN0
267.913825, -210.732905, 0.000000, -1.#QNAN0
267.983997, -210.745097, 0.000000, -1.#QNAN0
268.269793, -210.782632, 0.000000, -1.#QNAN0
268.341997, -210.782940, 0.000000, -1.#QNAN0
268.414202, -210.783248, 0.000000, -1.#QNAN0
268.700281, -210.820097, 0.000000, -1.#QNAN0
268.772486, -210.820208, 0.000000, -1.#QNAN0
268.844692, -210.820319, 0.000000, -1.#QNAN0
269.130511, -210.856360, 0.000000, -1.#QNAN0
269.202717, -210.856282, 0.000000, -1.#QNAN0
269.274922, -210.856203, 0.000000, -1.#QNAN0
269.347127, -210.856124, 0.000000, -1.#QNAN0
269.628629, -210.890645, 0.000000, -1.#QNAN0
269.700834, -210.890509, 0.000000, -1.#QNAN0
269.773039, -210.890372, 0.000000, -1.#QNAN0
270.052681, -210.924406, 0.000000, -1.#QNAN0
270.124886, -210.924269, 0.000000, -1.#QNAN0
270.197091, -210.924133, 0.000000, -1.#QNAN0
270.476732, -210.958167, 0.000000, -1.#QNAN0
270.548937, -210.958030, 0.000000, -1.#QNAN0
270.621143, -210.957894, 0.000000, -1.#QNAN0
270.900783, -210.991928, 0.000000, -1.#QNAN0
270.972989, -210.991791, 0.000000, -1.#QNAN0
271.045194, -210.991655, 0.000000, -1.#QNAN0
271.324835, -211.025688, 0.000000, -1.#QNAN0
271.397040, -211.025552, 0.000000, -1.#QNAN0
271.469246, -211.025416, 0.000000, -1.#QNAN0
271.746957, -211.071162, 0.000000, -1.#QNAN0
271.819162, -211.071026, 0.000000, -1.#QNAN0
271.891368, -211.070889, 0.000000, -1.#QNAN0
271.963573, -211.070753, 0.000000, -1.#QNAN0
272.243214, -211.104786, 0.000000, -1.#QNAN0
272.315419, -211.104650, 0.000000, -1.#QNAN0
272.387624, -211.104514, 0.000000, -1.#QNAN0
272.667266, -211.138547, 0.000000, -1.#QNAN0
272.739471, -211.138411, 0.000000, -1.#QNAN0
272.811676, -211.138275, 0.000000, -1.#QNAN0
273.091317, -211.172308, 0.000000, -1.#QNAN0
273.163522, -211.172172, 0.000000, -1.#QNAN0
273.235728, -211.172036, 0.000000, -1.#QNAN0
273.515368, -211.206069, 0.000000, -1.#QNAN0
273.587574, -211.205933, 0.000000, -1.#QNAN0
273.659779, -211.205796, 0.000000, -1.#QNAN0
273.939420, -211.239830, 0.000000, -1.#QNAN0
274.011625, -211.239694, 0.000000, -1.#QNAN0
274.083831, -211.239557, 0.000000, -1.#QNAN0
274.363471, -211.273591, 0.000000, -1.#QNAN0
274.435677, -211.273455, 0.000000, -1.#QNAN0
274.507882, -211.273318, 0.000000, -1.#QNAN0
274.580087, -211.273182, 0.000000, -1.#QNAN0
274.858969, -211.307090, 0.000000, -1.#QNAN0
274.931175, -211.306954, 0.000000, -1.#QNAN0
275.003380, -211.306818, 0.000000, -1.#QNAN0
275.286210, -211.353407, 0.000000, -1.#QNAN0
275.358415, -211.353271, 0.000000, -1.#QNAN0
275.430621, -211.353134, 0.000000, -1.#QNAN0
275.709546, -211.387050, 0.000000, -1.#QNAN0
275.781751, -211.386914, 0.000000, -1.#QNAN0
275.853957, -211.386777, 0.000000, -1.#QNAN0
276.127051, -211.419733, 0.000000, -1.#QNAN0
276.199256, -211.419596, 0.000000, -1.#QNAN0
276.271462, -211.419460, 0.000000, -1.#QNAN0
276.538728, -211.451455, 0.000000, -1.#QNAN0
276.610933, -211.451319, 0.000000, -1.#QNAN0
276.884085, -211.484283, 0.000000, -1.#QNAN0
276.956290, -211.484147, 0.000000, -1.#QNAN0
277.028495, -211.484011, 0.000000, -1.#QNAN0
277.295824, -211.516016, 0.000000, -1.#QNAN0
277.368029, -211.515880, 0.000000, -1.#QNAN0
277.440234, -211.515743, 0.000000, -1.#QNAN0
277.702498, -211.546915, 0.000000, -1.#QNAN0
277.774704, -211.546778, 0.000000, -1.#QNAN0
277.846909, -211.546642, 0.000000, -1.#QNAN0
278.110963, -211.578068, 0.000000, -1.#QNAN0
278.183168, -211.577854, 0.000000, -1.#QNAN0
278.255373, -211.577640, 0.000000, -1.#QNAN0
278.524900, -211.609484, 0.000000, -1.#QNAN0
278.597104, -211.608952, 0.000000, -1.#QNAN0
278.669307, -211.608419, 0.000000, -1.#QNAN0
278.941352, -211.639289, 1.000000, -1.#QNAN0
279.011757, -211.650058, 1.000000, -1.#QNAN0
279.280121, -211.703085, 1.000000, -1.#QNAN0
279.348860, -211.725189, 1.000000, -1.#QNAN0
279.419326, -211.735547, 1.000000, -1.#QNAN0
279.691179, -211.763420, 1.000000, -1.#QNAN0
279.761702, -211.773381, 1.000000, -1.#QNAN0
279.833885, -211.771588, 1.000000, -1.#QNAN0
280.103907, -211.809572, 1.000000, -1.#QNAN0
280.172888, -211.830910, 1.000000, -1.#QNAN0
280.243464, -211.840485, 1.000000, -1.#QNAN0
280.513504, -211.876906, 1.000000, -1.#QNAN0
280.585663, -211.874335, 1.000000, -1.#QNAN0
280.657823, -211.871764, 1.000000, -1.#QNAN0
280.927579, -211.906637, 1.000000, -1.#QNAN0
280.999725, -211.903698, 1.000000, -1.#QNAN0
281.076290, -211.865423, 1.000000, -1.#QNAN0
281.342755, -211.886663, 1.000000, -1.#QNAN0
281.414895, -211.883573, 1.000000, -1.#QNAN0
281.678214, -211.903992, 1.000000, -1.#QNAN0
281.748904, -211.912684, 1.000000, -1.#QNAN0
281.819595, -211.921377, 1.000000, -1.#QNAN0
282.081465, -211.953577, 1.000000, -1.#QNAN0
282.152156, -211.962270, 1.000000, -1.#QNAN0
282.225744, -211.947398, 1.000000, -1.#QNAN0
282.489063, -211.967817, 1.000000, -1.#QNAN0
282.561202, -211.964728, 1.000000, -1.#QNAN0
282.633342, -211.961639, 1.000000, -1.#QNAN0
282.896661, -211.982057, 1.000000, -1.#QNAN0
282.967351, -211.990750, 1.000000, -1.#QNAN0
283.038042, -211.999442, 1.000000, -1.#QNAN0
283.301361, -212.019861, 1.000000, -1.#QNAN0
283.372052, -212.028553, 1.000000, -1.#QNAN0
283.444191, -212.025464, 1.000000, -1.#QNAN0
283.706062, -212.057664, 1.000000, -1.#QNAN0
283.776752, -212.066357, 1.000000, -1.#QNAN0
284.040071, -212.086776, 1.000000, -1.#QNAN0
284.112211, -212.083686, 1.000000, -1.#QNAN0
284.184350, -212.080597, 1.000000, -1.#QNAN0
284.447669, -212.101015, 1.000000, -1.#QNAN0
284.516911, -212.121490, 1.000000, -1.#QNAN0
284.586153, -212.141964, 1.000000, -1.#QNAN0
284.846575, -212.185946, 1.000000, -1.#QNAN0
284.917265, -212.194639, 1.000000, -1.#QNAN0
284.987956, -212.203331, 1.000000, -1.#QNAN0
285.248377, -212.247313, 1.000000, -1.#QNAN0
285.319068, -212.256006, 1.000000, -1.#QNAN0
285.389758, -212.264698, 1.000000, -1.#QNAN0
285.650180, -212.308680, 1.000000, -1.#QNAN0
285.720871, -212.317373, 1.000000, -1.#QNAN0
285.791561, -212.326065, 1.000000, -1.#QNAN0
286.054881, -212.346484, 1.000000, -1.#QNAN0
286.125571, -212.355176, 1.000000, -1.#QNAN0
286.388890, -212.375595, 1.000000, -1.#QNAN0
286.459581, -212.384287, 1.000000, -1.#QNAN0
286.528823, -212.404761, 1.000000, -1.#QNAN0
286.791699, -212.449046, 1.000000, -1.#QNAN0
286.862389, -212.457738, 1.000000, -1.#QNAN0
286.933080, -212.466430, 1.000000, -1.#QNAN0
287.199993, -212.511211, 1.000000, -1.#QNAN0
287.270684, -212.519903, 1.000000, -1.#QNAN0
287.341374, -212.528596, 1.000000, -1.#QNAN0
287.613786, -212.562092, 1.000000, -1.#QNAN0
287.683028, -212.582567, 1.000000, -1.#QNAN0
287.753719, -212.591259, 1.000000, -1.#QNAN0
288.030196, -212.625256, 1.000000, -1.#QNAN0
288.100886, -212.633948, 1.000000, -1.#QNAN0
288.173026, -212.630859, 1.000000, -1.#QNAN0
288.441800, -212.663908, 1.000000, -1.#QNAN0
288.512491, -212.672600, 1.000000, -1.#QNAN0
288.583181, -212.681293, 1.000000, -1.#QNAN0
288.856047, -212.714845, 1.000000, -1.#QNAN0
288.926738, -212.723538, 1.000000, -1.#QNAN0
288.997429, -212.732230, 1.000000, -1.#QNAN0
289.274400, -212.766288, 1.000000, -1.#QNAN0
289.346539, -212.763198, 1.000000, -1.#QNAN0
289.415781, -212.783672, 1.000000, -1.#QNAN0
289.694358, -212.817927, 1.000000, -1.#QNAN0
289.765048, -212.826620, 1.000000, -1.#QNAN0
289.837188, -212.823530, 1.000000, -1.#QNAN0
290.115763, -212.857785, 1.000000, -1.#QNAN0
290.186454, -212.866477, 1.000000, -1.#QNAN0
290.257145, -212.875170, 1.000000, -1.#QNAN0
290.535720, -212.909424, 1.000000, -1.#QNAN0
290.606411, -212.918117, 1.000000, -1.#QNAN0
290.677102, -212.926809, 1.000000, -1.#QNAN0
290.949154, -212.960466, 1.000000, -1.#QNAN0
291.019803, -212.969484, 1.000000, -1.#QNAN0
291.090453, -212.978501, 1.000000, -1.#QNAN0
291.352949, -213.012451, 1.000000, -1.#QNAN0
291.421858, -213.034018, 1.000000, -1.#QNAN0
291.490767, -213.055585, 1.000000, -1.#QNAN0
291.751551, -213.092317, 1.000000, -1.#QNAN0
291.820197, -213.114706, 1.000000, -1.#QNAN0
291.890619, -213.125359, 1.000000, -1.#QNAN0
292.150663, -213.165165, 1.000000, -1.#QNAN0
292.222868, -213.164951, 1.000000, -1.#QNAN0
292.293157, -213.176451, 1.000000, -1.#QNAN0
292.550650, -213.231084, 1.000000, -1.#QNAN0
292.620793, -213.243437, 1.000000, -1.#QNAN0
292.688878, -213.267480, 1.000000, -1.#QNAN0
292.947476, -213.313500, 1.000000, -1.#QNAN0
293.015261, -213.338375, 1.000000, -1.#QNAN0
293.085249, -213.351585, 1.000000, -1.#QNAN0
293.342998, -213.400716, 1.000000, -1.#QNAN0
293.412817, -213.414788, 1.000000, -1.#QNAN0
293.480291, -213.440496, 1.000000, -1.#QNAN0
293.742238, -213.505710, 1.000000, -1.#QNAN0
293.811952, -213.520291, 1.000000, -1.#QNAN0
293.881667, -213.534872, 1.000000, -1.#QNAN0
294.156098, -213.592278, 1.000000, -1.#QNAN0
294.225810, -213.606873, 1.000000, -1.#QNAN0
294.295521, -213.621467, 1.000000, -1.#QNAN0
294.567808, -213.690600, 1.000000, -1.#QNAN0
294.635087, -213.716814, 1.000000, -1.#QNAN0
294.704799, -213.731408, 1.000000, -1.#QNAN0
294.977085, -213.800541, 1.000000, -1.#QNAN0
295.044364, -213.826755, 1.000000, -1.#QNAN0
295.114076, -213.841349, 1.000000, -1.#QNAN0
295.388794, -213.898864, 1.000000, -1.#QNAN0
295.456073, -213.925077, 1.000000, -1.#QNAN0
295.525785, -213.939672, 1.000000, -1.#QNAN0
295.800504, -213.997186, 1.000000, -1.#QNAN0
295.870215, -214.011781, 1.000000, -1.#QNAN0
295.937495, -214.037994, 1.000000, -1.#QNAN0
296.209781, -214.107127, 1.000000, -1.#QNAN0
296.277060, -214.133340, 1.000000, -1.#QNAN0
296.344339, -214.159554, 1.000000, -1.#QNAN0
296.619057, -214.217068, 1.000000, -1.#QNAN0
296.688769, -214.231663, 1.000000, -1.#QNAN0
296.758481, -214.246257, 1.000000, -1.#QNAN0
297.030767, -214.315391, 1.000000, -1.#QNAN0
297.100479, -214.329985, 1.000000, -1.#QNAN0
297.167758, -214.356199, 1.000000, -1.#QNAN0
297.442476, -214.413713, 1.000000, -1.#QNAN0
297.512188, -214.428308, 1.000000, -1.#QNAN0
297.581900, -214.442902, 1.000000, -1.#QNAN0
297.856618, -214.500417, 1.000000, -1.#QNAN0
297.923897, -214.526630, 1.000000, -1.#QNAN0
297.991177, -214.552843, 1.000000, -1.#QNAN0
298.265895, -214.610358, 1.000000, -1.#QNAN0
298.333175, -214.636571, 1.000000, -1.#QNAN0
298.402886, -214.651166, 1.000000, -1.#QNAN0
298.677605, -214.708680, 1.000000, -1.#QNAN0
298.747316, -214.723275, 1.000000, -1.#QNAN0
298.814595, -214.749488, 1.000000, -1.#QNAN0
299.086350, -214.818510, 1.000000, -1.#QNAN0
299.151197, -214.856342, 1.000000, -1.#QNAN0
299.218476, -214.882555, 1.000000, -1.#QNAN0
299.489036, -214.951327, 1.000000, -1.#QNAN0
299.556316, -214.977540, 1.000000, -1.#QNAN0
299.626027, -214.992135, 1.000000, -1.#QNAN0
299.895451, -215.060668, 1.000000, -1.#QNAN0
299.965162, -215.075263, 1.000000, -1.#QNAN0
300.034874, -215.089858, 1.000000, -1.#QNAN0
300.303220, -215.158166, 1.000000, -1.#QNAN0
300.372932, -215.172760, 1.000000, -1.#QNAN0
300.442643, -215.187355, 1.000000, -1.#QNAN0
300.712403, -215.243832, 1.000000, -1.#QNAN0
300.779683, -215.270045, 1.000000, -1.#QNAN0
300.849394, -215.284639, 1.000000, -1.#QNAN0
301.118195, -215.340915, 1.000000, -1.#QNAN0
301.185474, -215.367128, 1.000000, -1.#QNAN0
301.255186, -215.381723, 1.000000, -1.#QNAN0
301.523087, -215.437810, 1.000000, -1.#QNAN0
301.592799, -215.452405, 1.000000, -1.#QNAN0
301.660078, -215.478618, 1.000000, -1.#QNAN0
301.927494, -215.534604, 1.000000, -1.#QNAN0
301.994774, -215.560817, 1.000000, -1.#QNAN0
302.064485, -215.575412, 1.000000, -1.#QNAN0
302.331901, -215.631397, 1.000000, -1.#QNAN0
302.401613, -215.645992, 1.000000, -1.#QNAN0
302.471325, -215.660587, 1.000000, -1.#QNAN0
302.742910, -215.717328, 1.000000, -1.#QNAN0
302.812655, -215.731761, 1.000000, -1.#QNAN0
302.882400, -215.746194, 1.000000, -1.#QNAN0
303.171637, -215.817360, 1.000000, -1.#QNAN0
303.241567, -215.830865, 1.000000, -1.#QNAN0
303.311498, -215.844370, 1.000000, -1.#QNAN0
303.625365, -215.903181, 1.000000, -1.#QNAN0
303.693655, -215.926636, 1.000000, -1.#QNAN0
303.763903, -215.938383, 1.000000, -1.#QNAN0
304.078705, -215.989263, 1.000000, -1.#QNAN0
304.145884, -216.022778, 1.000000, -1.#QNAN0
304.216401, -216.032787, 1.000000, -1.#QNAN0
304.532130, -216.075883, 1.000000, -1.#QNAN0
304.601486, -216.095969, 1.000000, -1.#QNAN0
304.672224, -216.104266, 1.000000, -1.#QNAN0
304.987209, -216.151483, 1.000000, -1.#QNAN0
305.058124, -216.158095, 1.000000, -1.#QNAN0
305.127937, -216.176527, 1.000000, -1.#QNAN0
305.444393, -216.204402, 1.000000, -1.#QNAN0
305.514616, -216.221204, 1.000000, -1.#QNAN0
305.585666, -216.226163, 1.000000, -1.#QNAN0
305.900146, -216.246617, 1.000000, -1.#QNAN0
305.971287, -216.250025, 1.000000, -1.#QNAN0
306.042429, -216.253433, 1.000000, -1.#QNAN0
306.340631, -216.266927, 1.000000, -1.#QNAN0
306.411811, -216.269398, 1.000000, -1.#QNAN0
306.482991, -216.271870, 1.000000, -1.#QNAN0
306.756039, -216.281352, 1.000000, -1.#QNAN0
306.827220, -216.283824, 1.000000, -1.#QNAN0
306.898400, -216.286296, 1.000000, -1.#QNAN0
307.171449, -216.295778, 1.000000, -1.#QNAN0
307.242629, -216.298250, 1.000000, -1.#QNAN0
307.313809, -216.300722, 1.000000, -1.#QNAN0
307.586857, -216.310204, 1.000000, -1.#QNAN0
307.658037, -216.312675, 1.000000, -1.#QNAN0
307.729218, -216.315147, 1.000000, -1.#QNAN0
308.002266, -216.324629, 1.000000, -1.#QNAN0
308.073446, -216.327101, 1.000000, -1.#QNAN0
308.144214, -216.341436, 1.000000, -1.#QNAN0
308.417263, -216.350918, 1.000000, -1.#QNAN0
308.488031, -216.365253, 1.000000, -1.#QNAN0
308.559212, -216.367725, 1.000000, -1.#QNAN0
308.832672, -216.365344, 1.000000, -1.#QNAN0
308.903852, -216.367816, 1.000000, -1.#QNAN0
308.975032, -216.370287, 1.000000, -1.#QNAN0
309.248081, -216.379769, 1.000000, -1.#QNAN0
309.319261, -216.382241, 1.000000, -1.#QNAN0
309.390441, -216.384713, 1.000000, -1.#QNAN0
309.663490, -216.394195, 1.000000, -1.#QNAN0
309.734670, -216.396667, 1.000000, -1.#QNAN0
309.805850, -216.399139, 1.000000, -1.#QNAN0
310.078899, -216.408621, 1.000000, -1.#QNAN0
310.150079, -216.411092, 1.000000, -1.#QNAN0
310.221259, -216.413564, 1.000000, -1.#QNAN0
310.493895, -216.434910, 1.000000, -1.#QNAN0
310.565076, -216.437381, 1.000000, -1.#QNAN0
310.636256, -216.439853, 1.000000, -1.#QNAN0
310.909305, -216.449335, 1.000000, -1.#QNAN0
310.980485, -216.451807, 1.000000, -1.#QNAN0
311.051665, -216.454279, 1.000000, -1.#QNAN0
311.324713, -216.463761, 1.000000, -1.#QNAN0
311.395482, -216.478096, 1.000000, -1.#QNAN0
311.466662, -216.480568, 1.000000, -1.#QNAN0
311.740393, -216.490074, 1.000000, -1.#QNAN0
311.811162, -216.504409, 1.000000, -1.#QNAN0
311.882342, -216.506881, 1.000000, -1.#QNAN0
312.158104, -216.516457, 1.000000, -1.#QNAN0
312.229696, -216.507065, 1.000000, -1.#QNAN0
312.300876, -216.509537, 1.000000, -1.#QNAN0
312.578934, -216.519193, 1.000000, -1.#QNAN0
312.650114, -216.521665, 1.000000, -1.#QNAN0
312.721294, -216.524137, 1.000000, -1.#QNAN0
313.001907, -216.533881, 1.000000, -1.#QNAN0
313.073088, -216.536353, 1.000000, -1.#QNAN0
313.144268, -216.538825, 1.000000, -1.#QNAN0
313.427694, -216.548667, 1.000000, -1.#QNAN0
313.499286, -216.539276, 1.000000, -1.#QNAN0
313.570466, -216.541748, 1.000000, -1.#QNAN0
313.856956, -216.551696, 1.000000, -1.#QNAN0
313.928136, -216.554168, 1.000000, -1.#QNAN0
313.999728, -216.544777, 1.000000, -1.#QNAN0
314.289528, -216.554840, 1.000000, -1.#QNAN0
314.360708, -216.557312, 1.000000, -1.#QNAN0
314.431888, -216.559784, 1.000000, -1.#QNAN0
314.712033, -216.569512, 1.000000, -1.#QNAN0
314.782801, -216.583848, 1.000000, -1.#QNAN0
314.853981, -216.586319, 1.000000, -1.#QNAN0
315.134125, -216.596048, 1.000000, -1.#QNAN0
315.205305, -216.598520, 1.000000, -1.#QNAN0
315.276486, -216.600991, 1.000000, -1.#QNAN0
315.556630, -216.610720, 1.000000, -1.#QNAN0
315.627810, -216.613192, 1.000000, -1.#QNAN0
315.698990, -216.615663, 1.000000, -1.#QNAN0
315.989744, -216.625731, 1.000000, -1.#QNAN0
316.060937, -216.627815, 1.000000, -1.#QNAN0
316.132129, -216.629899, 1.000000, -1.#QNAN0
316.203322, -216.631982, 1.000000, -1.#QNAN0
316.511144, -216.639953, 1.000000, -1.#QNAN0
316.582358, -216.641026, 1.000000, -1.#QNAN0
316.653573, -216.642100, 1.000000, -1.#QNAN0
316.963480, -216.645821, 1.000000, -1.#QNAN0
317.034703, -216.645811, 1.000000, -1.#QNAN0
317.105926, -216.645800, 1.000000, -1.#QNAN0
317.415281, -216.656879, 1.000000, -1.#QNAN0
317.486318, -216.643942, 1.000000, -1.#QNAN0
317.557533, -216.642875, 1.000000, -1.#QNAN0
317.865572, -216.625841, 1.000000, -1.#QNAN0
317.936764, -216.623744, 1.000000, -1.#QNAN0
318.007956, -216.621648, 1.000000, -1.#QNAN0
318.315855, -216.624097, 1.000000, -1.#QNAN0
318.387011, -216.620999, 1.000000, -1.#QNAN0
318.458167, -216.617901, 1.000000, -1.#QNAN0
