369.535922, 148.284008, 1.000000, -1.#QNAN0
369.606385, 148.268243, 1.000000, -1.#QNAN0
369.808240, 148.186387, 1.000000, -1.#QNAN0
369.878704, 148.170623, 1.000000, -1.#QNAN0
370.080559, 148.088767, 1.000000, -1.#QNAN0
370.146562, 148.062002, 1.000000, -1.#QNAN0
370.352878, 147.991147, 1.000000, -1.#QNAN0
370.418880, 147.964382, 1.000000, -1.#QNAN0
370.620735, 147.882526, 1.000000, -1.#QNAN0
370.686738, 147.855761, 1.000000, -1.#QNAN0
370.888593, 147.773905, 1.000000, -1.#QNAN0
370.954596, 147.747140, 1.000000, -1.#QNAN0
371.156451, 147.665284, 1.000000, -1.#QNAN0
371.222454, 147.638519, 1.000000, -1.#QNAN0
371.424309, 147.556664, 1.000000, -1.#QNAN0
371.490311, 147.529898, 1.000000, -1.#QNAN0
371.696627, 147.459043, 1.000000, -1.#QNAN0
371.762630, 147.432278, 1.000000, -1.#QNAN0
371.968946, 147.361423, 1.000000, -1.#QNAN0
372.039409, 147.345658, 1.000000, -1.#QNAN0
372.245725, 147.274803, 1.000000, -1.#QNAN0
372.311728, 147.248038, 1.000000, -1.#QNAN0
372.518044, 147.177183, 1.000000, -1.#QNAN0
372.584046, 147.150418, 1.000000, -1.#QNAN0
372.790363, 147.079562, 1.000000, -1.#QNAN0
372.856365, 147.052797, 1.000000, -1.#QNAN0
373.058056, 146.971023, 1.000000, -1.#QNAN0
373.124061, 146.944263, 1.000000, -1.#QNAN0
373.315500, 146.867588, 1.000000, -1.#QNAN0
373.381636, 146.841154, 1.000000, -1.#QNAN0
373.553513, 146.775005, 1.000000, -1.#QNAN0
373.620021, 146.749521, 1.000000, -1.#QNAN0
373.793891, 146.685352, 1.000000, -1.#QNAN0
373.856651, 146.649647, 1.000000, -1.#QNAN0
374.024766, 146.590151, 1.000000, -1.#QNAN0
374.088001, 146.555294, 1.000000, -1.#QNAN0
374.261472, 146.496299, 1.000000, -1.#QNAN0
374.328955, 146.473523, 1.000000, -1.#QNAN0
374.507616, 146.415166, 1.000000, -1.#QNAN0
374.575386, 146.393257, 1.000000, -1.#QNAN0
374.643155, 146.371349, 1.000000, -1.#QNAN0
374.830197, 146.313330, 1.000000, -1.#QNAN0
374.898207, 146.292178, 1.000000, -1.#QNAN0
375.106810, 146.240790, 1.000000, -1.#QNAN0
375.174922, 146.219968, 1.000000, -1.#QNAN0
375.394661, 146.152794, 1.000000, -1.#QNAN0
375.466242, 146.143324, 1.000000, -1.#QNAN0
375.678449, 146.078453, 1.000000, -1.#QNAN0
375.746560, 146.057631, 1.000000, -1.#QNAN0
375.962352, 146.004077, 1.000000, -1.#QNAN0
376.033934, 145.994607, 1.000000, -1.#QNAN0
376.105515, 145.985137, 1.000000, -1.#QNAN0
376.321307, 145.931583, 1.000000, -1.#QNAN0
376.392888, 145.922113, 1.000000, -1.#QNAN0
376.605209, 145.857207, 1.000000, -1.#QNAN0
376.676791, 145.847737, 1.000000, -1.#QNAN0
376.889113, 145.782831, 1.000000, -1.#QNAN0
376.957224, 145.762009, 1.000000, -1.#QNAN0
377.025336, 145.741187, 1.000000, -1.#QNAN0
377.237657, 145.676281, 1.000000, -1.#QNAN0
377.305768, 145.655459, 1.000000, -1.#QNAN0
377.518089, 145.590553, 1.000000, -1.#QNAN0
377.586201, 145.569731, 1.000000, -1.#QNAN0
377.798522, 145.504825, 1.000000, -1.#QNAN0
377.866633, 145.484003, 1.000000, -1.#QNAN0
377.934745, 145.463182, 1.000000, -1.#QNAN0
378.147066, 145.398275, 1.000000, -1.#QNAN0
378.218648, 145.388806, 1.000000, -1.#QNAN0
378.430969, 145.323899, 1.000000, -1.#QNAN0
378.499080, 145.303078, 1.000000, -1.#QNAN0
378.711401, 145.238171, 1.000000, -1.#QNAN0
378.779513, 145.217349, 1.000000, -1.#QNAN0
378.847624, 145.196528, 1.000000, -1.#QNAN0
379.059945, 145.131621, 1.000000, -1.#QNAN0
379.128057, 145.110800, 1.000000, -1.#QNAN0
379.340378, 145.045893, 1.000000, -1.#QNAN0
379.408490, 145.025072, 1.000000, -1.#QNAN0
379.620811, 144.960165, 1.000000, -1.#QNAN0
379.692393, 144.950696, 1.000000, -1.#QNAN0
379.760504, 144.929874, 1.000000, -1.#QNAN0
379.972825, 144.864968, 1.000000, -1.#QNAN0
380.044407, 144.855498, 1.000000, -1.#QNAN0
380.256728, 144.790592, 1.000000, -1.#QNAN0
380.328310, 144.781122, 1.000000, -1.#QNAN0
380.544101, 144.727567, 1.000000, -1.#QNAN0
380.612213, 144.706746, 1.000000, -1.#QNAN0
380.683794, 144.697276, 1.000000, -1.#QNAN0
380.896116, 144.632370, 1.000000, -1.#QNAN0
380.967697, 144.622900, 1.000000, -1.#QNAN0
381.180018, 144.557993, 1.000000, -1.#QNAN0
381.248130, 144.537172, 1.000000, -1.#QNAN0
381.461891, 144.484383, 1.000000, -1.#QNAN0
381.526560, 144.452265, 1.000000, -1.#QNAN0
381.594690, 144.431502, 1.000000, -1.#QNAN0
381.802686, 144.368521, 1.000000, -1.#QNAN0
381.870854, 144.347886, 1.000000, -1.#QNAN0
382.082486, 144.296577, 1.000000, -1.#QNAN0
382.150692, 144.276066, 1.000000, -1.#QNAN0
382.359157, 144.213671, 1.000000, -1.#QNAN0
382.427399, 144.193281, 1.000000, -1.#QNAN0
382.495640, 144.172890, 1.000000, -1.#QNAN0
382.704398, 144.110879, 1.000000, -1.#QNAN0
382.772674, 144.090603, 1.000000, -1.#QNAN0
382.987674, 144.027080, 1.000000, -1.#QNAN0
383.059343, 144.018301, 1.000000, -1.#QNAN0
383.280515, 143.953301, 1.000000, -1.#QNAN0
383.348856, 143.933246, 1.000000, -1.#QNAN0
383.417197, 143.913191, 1.000000, -1.#QNAN0
383.644097, 143.834321, 1.000000, -1.#QNAN0
383.712445, 143.814290, 1.000000, -1.#QNAN0
383.938168, 143.748140, 1.000000, -1.#QNAN0
384.006517, 143.728110, 1.000000, -1.#QNAN0
384.074865, 143.708080, 1.000000, -1.#QNAN0
384.306627, 143.640161, 1.000000, -1.#QNAN0
384.378314, 143.631523, 1.000000, -1.#QNAN0
384.616094, 143.561840, 1.000000, -1.#QNAN0
384.684443, 143.541810, 1.000000, -1.#QNAN0
384.752791, 143.521780, 1.000000, -1.#QNAN0
384.996591, 143.450333, 1.000000, -1.#QNAN0
385.068278, 143.441694, 1.000000, -1.#QNAN0
385.312079, 143.370247, 1.000000, -1.#QNAN0
385.380427, 143.350217, 1.000000, -1.#QNAN0
385.452114, 143.341578, 1.000000, -1.#QNAN0
385.695914, 143.270131, 1.000000, -1.#QNAN0
385.764263, 143.250101, 1.000000, -1.#QNAN0
386.008063, 143.178654, 1.000000, -1.#QNAN0
386.076411, 143.158624, 1.000000, -1.#QNAN0
386.144760, 143.138594, 1.000000, -1.#QNAN0
386.388560, 143.067147, 1.000000, -1.#QNAN0
386.456909, 143.047117, 1.000000, -1.#QNAN0
386.700709, 142.975670, 1.000000, -1.#QNAN0
386.769057, 142.955640, 1.000000, -1.#QNAN0
386.837406, 142.935610, 1.000000, -1.#QNAN0
387.081206, 142.864162, 1.000000, -1.#QNAN0
387.152893, 142.855524, 1.000000, -1.#QNAN0
387.396693, 142.784077, 1.000000, -1.#QNAN0
387.468380, 142.775438, 1.000000, -1.#QNAN0
387.540067, 142.766800, 1.000000, -1.#QNAN0
387.783867, 142.695352, 1.000000, -1.#QNAN0
387.855554, 142.686714, 1.000000, -1.#QNAN0
388.099354, 142.615267, 1.000000, -1.#QNAN0
388.171041, 142.606628, 1.000000, -1.#QNAN0
388.239389, 142.586598, 1.000000, -1.#QNAN0
388.486528, 142.526542, 1.000000, -1.#QNAN0
388.554877, 142.506512, 1.000000, -1.#QNAN0
388.802015, 142.446457, 1.000000, -1.#QNAN0
388.870364, 142.426427, 1.000000, -1.#QNAN0
388.938712, 142.406397, 1.000000, -1.#QNAN0
389.182512, 142.334950, 1.000000, -1.#QNAN0
389.250861, 142.314920, 1.000000, -1.#QNAN0
389.491323, 142.232081, 1.000000, -1.#QNAN0
389.559671, 142.212051, 1.000000, -1.#QNAN0
389.628020, 142.192021, 1.000000, -1.#QNAN0
389.871820, 142.120574, 1.000000, -1.#QNAN0
389.940169, 142.100544, 1.000000, -1.#QNAN0
390.180630, 142.017705, 1.000000, -1.#QNAN0
390.248979, 141.997675, 1.000000, -1.#QNAN0
390.313989, 141.966254, 1.000000, -1.#QNAN0
390.555661, 141.882928, 1.000000, -1.#QNAN0
390.617311, 141.840084, 1.000000, -1.#QNAN0
390.860506, 141.756044, 1.000000, -1.#QNAN0
390.928821, 141.735900, 1.000000, -1.#QNAN0
390.983707, 141.670213, 1.000000, -1.#QNAN0
391.229945, 141.597314, 1.000000, -1.#QNAN0
391.294868, 141.565713, 1.000000, -1.#QNAN0
391.537503, 141.481262, 1.000000, -1.#QNAN0
391.602393, 141.449594, 1.000000, -1.#QNAN0
391.667283, 141.417926, 1.000000, -1.#QNAN0
391.909657, 141.333251, 1.000000, -1.#QNAN0
391.974516, 141.301519, 1.000000, -1.#QNAN0
392.220080, 141.228066, 1.000000, -1.#QNAN0
392.288313, 141.207646, 1.000000, -1.#QNAN0
392.353143, 141.175854, 1.000000, -1.#QNAN0
392.598400, 141.102223, 1.000000, -1.#QNAN0
392.666615, 141.081743, 1.000000, -1.#QNAN0
392.907973, 141.009249, 1.000000, -1.#QNAN0
392.976186, 140.988759, 1.000000, -1.#QNAN0
393.047813, 140.979638, 1.000000, -1.#QNAN0
393.286654, 140.907894, 1.000000, -1.#QNAN0
393.358281, 140.898773, 1.000000, -1.#QNAN0
393.598359, 140.839052, 1.000000, -1.#QNAN0
393.669986, 140.829931, 1.000000, -1.#QNAN0
393.738198, 140.809441, 1.000000, -1.#QNAN0
393.976099, 140.750374, 1.000000, -1.#QNAN0
394.044311, 140.729885, 1.000000, -1.#QNAN0
394.276624, 140.660102, 1.000000, -1.#QNAN0
394.344836, 140.639612, 1.000000, -1.#QNAN0
394.416463, 140.630491, 1.000000, -1.#QNAN0
394.646604, 140.561361, 1.000000, -1.#QNAN0
394.714816, 140.540871, 1.000000, -1.#QNAN0
394.939481, 140.460991, 1.000000, -1.#QNAN0
395.007693, 140.440501, 1.000000, -1.#QNAN0
395.075905, 140.420012, 1.000000, -1.#QNAN0
395.303985, 140.351500, 1.000000, -1.#QNAN0
395.372197, 140.331011, 1.000000, -1.#QNAN0
395.600278, 140.262499, 1.000000, -1.#QNAN0
395.668490, 140.242009, 1.000000, -1.#QNAN0
395.736702, 140.221520, 1.000000, -1.#QNAN0
395.964782, 140.153008, 1.000000, -1.#QNAN0
396.032994, 140.132519, 1.000000, -1.#QNAN0
396.261074, 140.064007, 1.000000, -1.#QNAN0
396.329286, 140.043518, 1.000000, -1.#QNAN0
396.397498, 140.023028, 1.000000, -1.#QNAN0
396.625578, 139.954517, 1.000000, -1.#QNAN0
396.693790, 139.934027, 1.000000, -1.#QNAN0
396.925285, 139.876884, 1.000000, -1.#QNAN0
396.993497, 139.856395, 1.000000, -1.#QNAN0
397.061709, 139.835905, 1.000000, -1.#QNAN0
397.289789, 139.767394, 1.000000, -1.#QNAN0
397.358001, 139.746904, 1.000000, -1.#QNAN0
397.586082, 139.678392, 1.000000, -1.#QNAN0
397.654294, 139.657903, 1.000000, -1.#QNAN0
397.722506, 139.637413, 1.000000, -1.#QNAN0
397.950586, 139.568902, 1.000000, -1.#QNAN0
398.018798, 139.548412, 1.000000, -1.#QNAN0
398.250293, 139.491269, 1.000000, -1.#QNAN0
398.318505, 139.470780, 1.000000, -1.#QNAN0
398.386717, 139.450290, 1.000000, -1.#QNAN0
398.614797, 139.381779, 1.000000, -1.#QNAN0
398.683009, 139.361289, 1.000000, -1.#QNAN0
398.914504, 139.304146, 1.000000, -1.#QNAN0
398.982716, 139.283657, 1.000000, -1.#QNAN0
399.054343, 139.274536, 1.000000, -1.#QNAN0
399.282423, 139.206024, 1.000000, -1.#QNAN0
399.350635, 139.185534, 1.000000, -1.#QNAN0
399.575301, 139.105654, 1.000000, -1.#QNAN0
399.643513, 139.085165, 1.000000, -1.#QNAN0
399.708310, 139.053306, 1.000000, -1.#QNAN0
399.936390, 138.984795, 1.000000, -1.#QNAN0
400.004602, 138.964305, 1.000000, -1.#QNAN0
400.232397, 138.895905, 1.000000, -1.#QNAN0
400.300612, 138.875424, 1.000000, -1.#QNAN0
400.368827, 138.854942, 1.000000, -1.#QNAN0
400.591473, 138.788666, 1.000000, -1.#QNAN0
400.656349, 138.756966, 1.000000, -1.#QNAN0
400.879003, 138.691180, 1.000000, -1.#QNAN0
400.947313, 138.671021, 1.000000, -1.#QNAN0
401.015624, 138.650863, 1.000000, -1.#QNAN0
401.238352, 138.585736, 1.000000, -1.#QNAN0
401.306711, 138.565744, 1.000000, -1.#QNAN0
401.529463, 138.501120, 1.000000, -1.#QNAN0
401.597872, 138.481299, 1.000000, -1.#QNAN0
401.666282, 138.461478, 1.000000, -1.#QNAN0
401.892379, 138.408948, 1.000000, -1.#QNAN0
401.960838, 138.389301, 1.000000, -1.#QNAN0
402.183651, 138.325893, 1.000000, -1.#QNAN0
402.252161, 138.306423, 1.000000, -1.#QNAN0
402.320672, 138.286954, 1.000000, -1.#QNAN0
402.543809, 138.224160, 1.000000, -1.#QNAN0
402.612368, 138.204863, 1.000000, -1.#QNAN0
402.840751, 138.140685, 1.000000, -1.#QNAN0
402.906109, 138.109994, 1.000000, -1.#QNAN0
402.974678, 138.090731, 1.000000, -1.#QNAN0
403.213427, 138.023658, 1.000000, -1.#QNAN0
403.281995, 138.004395, 1.000000, -1.#QNAN0
403.515310, 137.926519, 1.000000, -1.#QNAN0
403.583879, 137.907256, 1.000000, -1.#QNAN0
403.649237, 137.876565, 1.000000, -1.#QNAN0
403.894968, 137.807530, 1.000000, -1.#QNAN0
403.960326, 137.776839, 1.000000, -1.#QNAN0
404.215267, 137.705218, 1.000000, -1.#QNAN0
404.283836, 137.685954, 1.000000, -1.#QNAN0
404.349194, 137.655263, 1.000000, -1.#QNAN0
404.601919, 137.584264, 1.000000, -1.#QNAN0
404.667277, 137.553573, 1.000000, -1.#QNAN0
404.735846, 137.534310, 1.000000, -1.#QNAN0
404.997784, 137.460722, 1.000000, -1.#QNAN0
405.066353, 137.441459, 1.000000, -1.#QNAN0
405.134921, 137.422196, 1.000000, -1.#QNAN0
405.394371, 137.349308, 1.000000, -1.#QNAN0
405.462940, 137.330045, 1.000000, -1.#QNAN0
405.531508, 137.310781, 1.000000, -1.#QNAN0
405.790959, 137.237893, 1.000000, -1.#QNAN0
405.859527, 137.218630, 1.000000, -1.#QNAN0
405.931306, 137.210795, 1.000000, -1.#QNAN0
406.190756, 137.137907, 1.000000, -1.#QNAN0
406.259325, 137.118643, 1.000000, -1.#QNAN0
406.327893, 137.099380, 1.000000, -1.#QNAN0
406.590554, 137.037920, 1.000000, -1.#QNAN0
406.659123, 137.018657, 1.000000, -1.#QNAN0
406.727691, 136.999394, 1.000000, -1.#QNAN0
406.987141, 136.926505, 1.000000, -1.#QNAN0
407.055710, 136.907242, 1.000000, -1.#QNAN0
407.124279, 136.887979, 1.000000, -1.#QNAN0
407.383729, 136.815091, 1.000000, -1.#QNAN0
407.452297, 136.795828, 1.000000, -1.#QNAN0
407.520866, 136.776564, 1.000000, -1.#QNAN0
407.780316, 136.703676, 1.000000, -1.#QNAN0
407.852095, 136.695841, 1.000000, -1.#QNAN0
407.920663, 136.676578, 1.000000, -1.#QNAN0
408.180114, 136.603690, 1.000000, -1.#QNAN0
408.245472, 136.572998, 1.000000, -1.#QNAN0
408.314040, 136.553735, 1.000000, -1.#QNAN0
408.573490, 136.480847, 1.000000, -1.#QNAN0
408.645269, 136.473012, 1.000000, -1.#QNAN0
408.713838, 136.453749, 1.000000, -1.#QNAN0
408.973288, 136.380860, 1.000000, -1.#QNAN0
409.045067, 136.373025, 1.000000, -1.#QNAN0
409.113636, 136.353762, 1.000000, -1.#QNAN0
409.373086, 136.280874, 1.000000, -1.#QNAN0
409.444865, 136.273039, 1.000000, -1.#QNAN0
409.513434, 136.253775, 1.000000, -1.#QNAN0
409.776094, 136.192315, 1.000000, -1.#QNAN0
409.844663, 136.173052, 1.000000, -1.#QNAN0
409.916442, 136.165217, 1.000000, -1.#QNAN0
410.175892, 136.092329, 1.000000, -1.#QNAN0
410.244460, 136.073066, 1.000000, -1.#QNAN0
410.313029, 136.053802, 1.000000, -1.#QNAN0
410.574793, 135.992695, 1.000000, -1.#QNAN0
410.643369, 135.973458, 1.000000, -1.#QNAN0
410.711945, 135.954221, 1.000000, -1.#QNAN0
410.963289, 135.884617, 1.000000, -1.#QNAN0
411.028764, 135.854175, 1.000000, -1.#QNAN0
411.097406, 135.835174, 1.000000, -1.#QNAN0
411.349663, 135.766177, 1.000000, -1.#QNAN0
411.418364, 135.747393, 1.000000, -1.#QNAN0
411.487065, 135.728609, 1.000000, -1.#QNAN0
411.740100, 135.660198, 1.000000, -1.#QNAN0
411.805759, 135.630156, 1.000000, -1.#QNAN0
411.874515, 135.611573, 1.000000, -1.#QNAN0
412.128285, 135.543703, 1.000000, -1.#QNAN0
412.197092, 135.525307, 1.000000, -1.#QNAN0
412.262832, 135.495444, 1.000000, -1.#QNAN0
412.517271, 135.428083, 1.000000, -1.#QNAN0
412.586124, 135.409861, 1.000000, -1.#QNAN0
412.651939, 135.380164, 1.000000, -1.#QNAN0
412.907076, 135.313250, 1.000000, -1.#QNAN0
412.972960, 135.283704, 1.000000, -1.#QNAN0
413.041855, 135.265641, 1.000000, -1.#QNAN0
413.300405, 135.198097, 1.000000, -1.#QNAN0
413.369316, 135.180098, 1.000000, -1.#QNAN0
413.435227, 135.150613, 1.000000, -1.#QNAN0
413.695973, 135.082505, 1.000000, -1.#QNAN0
413.764884, 135.064506, 1.000000, -1.#QNAN0
413.830795, 135.035021, 1.000000, -1.#QNAN0
414.091541, 134.966913, 1.000000, -1.#QNAN0
414.157452, 134.937428, 1.000000, -1.#QNAN0
414.226363, 134.919428, 1.000000, -1.#QNAN0
414.483921, 134.839885, 1.000000, -1.#QNAN0
414.552832, 134.821885, 1.000000, -1.#QNAN0
414.618743, 134.792400, 1.000000, -1.#QNAN0
414.877215, 134.724887, 1.000000, -1.#QNAN0
414.946126, 134.706887, 1.000000, -1.#QNAN0
415.015037, 134.688888, 1.000000, -1.#QNAN0
415.282919, 134.618916, 1.000000, -1.#QNAN0
415.351830, 134.600917, 1.000000, -1.#QNAN0
415.420741, 134.582917, 1.000000, -1.#QNAN0
415.683559, 134.501999, 1.000000, -1.#QNAN0
415.752470, 134.484000, 1.000000, -1.#QNAN0
416.013235, 134.403618, 1.000000, -1.#QNAN0
416.082146, 134.385619, 1.000000, -1.#QNAN0
416.148057, 134.356134, 1.000000, -1.#QNAN0
416.409783, 134.287770, 1.000000, -1.#QNAN0
416.478694, 134.269771, 1.000000, -1.#QNAN0
416.544605, 134.240286, 1.000000, -1.#QNAN0
416.804302, 134.172452, 1.000000, -1.#QNAN0
416.873213, 134.154453, 1.000000, -1.#QNAN0
416.939124, 134.124968, 1.000000, -1.#QNAN0
417.196985, 134.057614, 1.000000, -1.#QNAN0
417.262896, 134.028129, 1.000000, -1.#QNAN0
417.331807, 134.010129, 1.000000, -1.#QNAN0
417.589669, 133.942775, 1.000000, -1.#QNAN0
417.661580, 133.936260, 1.000000, -1.#QNAN0
417.730491, 133.918261, 1.000000, -1.#QNAN0
417.988352, 133.850907, 1.000000, -1.#QNAN0
418.057263, 133.832907, 1.000000, -1.#QNAN0
418.312124, 133.754068, 1.000000, -1.#QNAN0
418.381035, 133.736068, 1.000000, -1.#QNAN0
418.449946, 133.718068, 1.000000, -1.#QNAN0
418.707808, 133.650714, 1.000000, -1.#QNAN0
418.776719, 133.632715, 1.000000, -1.#QNAN0
418.845630, 133.614715, 1.000000, -1.#QNAN0
419.103491, 133.547361, 1.000000, -1.#QNAN0
419.175402, 133.540846, 1.000000, -1.#QNAN0
419.244313, 133.522847, 1.000000, -1.#QNAN0
419.502174, 133.455493, 1.000000, -1.#QNAN0
419.571085, 133.437493, 1.000000, -1.#QNAN0
419.639996, 133.419493, 1.000000, -1.#QNAN0
419.897858, 133.352139, 1.000000, -1.#QNAN0
419.966769, 133.334140, 1.000000, -1.#QNAN0
420.035680, 133.316140, 1.000000, -1.#QNAN0
420.290541, 133.237301, 1.000000, -1.#QNAN0
420.359452, 133.219301, 1.000000, -1.#QNAN0
420.617313, 133.151947, 1.000000, -1.#QNAN0
420.686224, 133.133947, 1.000000, -1.#QNAN0
420.758135, 133.127433, 1.000000, -1.#QNAN0
421.015997, 133.060079, 1.000000, -1.#QNAN0
421.084908, 133.042079, 1.000000, -1.#QNAN0
421.153819, 133.024079, 1.000000, -1.#QNAN0
421.411680, 132.956725, 1.000000, -1.#QNAN0
421.480591, 132.938726, 1.000000, -1.#QNAN0
421.549502, 132.920726, 1.000000, -1.#QNAN0
421.804364, 132.841887, 1.000000, -1.#QNAN0
421.873275, 132.823887, 1.000000, -1.#QNAN0
421.942186, 132.805887, 1.000000, -1.#QNAN0
422.201084, 132.738138, 1.000000, -1.#QNAN0
422.269986, 132.720106, 1.000000, -1.#QNAN0
422.335883, 132.690590, 1.000000, -1.#QNAN0
422.604782, 132.618788, 1.000000, -1.#QNAN0
422.673593, 132.600407, 1.000000, -1.#QNAN0
422.942396, 132.527460, 1.000000, -1.#QNAN0
423.007988, 132.497271, 1.000000, -1.#QNAN0
423.076702, 132.478534, 1.000000, -1.#QNAN0
423.345228, 132.404089, 1.000000, -1.#QNAN0
423.410661, 132.373557, 1.000000, -1.#QNAN0
423.479276, 132.354460, 1.000000, -1.#QNAN0
423.744265, 132.267075, 1.000000, -1.#QNAN0
423.812778, 132.247613, 1.000000, -1.#QNAN0
423.881290, 132.228150, 1.000000, -1.#QNAN0
424.145911, 132.139238, 1.000000, -1.#QNAN0
424.214317, 132.119405, 1.000000, -1.#QNAN0
424.279417, 132.088171, 1.000000, -1.#QNAN0
424.546960, 132.009109, 1.000000, -1.#QNAN0
424.611887, 131.977518, 1.000000, -1.#QNAN0
424.680183, 131.957309, 1.000000, -1.#QNAN0
424.943057, 131.865683, 1.000000, -1.#QNAN0
425.007821, 131.833757, 1.000000, -1.#QNAN0
425.264548, 131.756187, 1.000000, -1.#QNAN0
425.329288, 131.724213, 1.000000, -1.#QNAN0
425.397464, 131.703601, 1.000000, -1.#QNAN0
425.649137, 131.615111, 1.000000, -1.#QNAN0
425.713877, 131.583136, 1.000000, -1.#QNAN0
425.782053, 131.562525, 1.000000, -1.#QNAN0
426.033572, 131.474081, 1.000000, -1.#QNAN0
426.101747, 131.453469, 1.000000, -1.#QNAN0
426.166487, 131.421495, 1.000000, -1.#QNAN0
426.418878, 131.345189, 1.000000, -1.#QNAN0
426.487054, 131.324577, 1.000000, -1.#QNAN0
426.555229, 131.303966, 1.000000, -1.#QNAN0
426.805058, 131.228434, 1.000000, -1.#QNAN0
426.873233, 131.207822, 1.000000, -1.#QNAN0
426.941408, 131.187211, 1.000000, -1.#QNAN0
427.185238, 131.101092, 1.000000, -1.#QNAN0
427.253414, 131.080480, 1.000000, -1.#QNAN0
427.498116, 131.006498, 1.000000, -1.#QNAN0
427.566291, 130.985887, 1.000000, -1.#QNAN0
427.634467, 130.965275, 1.000000, -1.#QNAN0
427.887969, 130.888633, 1.000000, -1.#QNAN0
427.952709, 130.856658, 1.000000, -1.#QNAN0
428.020885, 130.836047, 1.000000, -1.#QNAN0
428.271825, 130.760179, 1.000000, -1.#QNAN0
428.336565, 130.728205, 1.000000, -1.#QNAN0
428.404740, 130.707593, 1.000000, -1.#QNAN0
428.653271, 130.632454, 1.000000, -1.#QNAN0
428.718011, 130.600480, 1.000000, -1.#QNAN0
428.963107, 130.513978, 1.000000, -1.#QNAN0
429.031282, 130.493366, 1.000000, -1.#QNAN0
429.096023, 130.461392, 1.000000, -1.#QNAN0
429.344554, 130.386253, 1.000000, -1.#QNAN0
429.409294, 130.354279, 1.000000, -1.#QNAN0
429.477469, 130.333667, 1.000000, -1.#QNAN0
429.722565, 130.247165, 1.000000, -1.#QNAN0
429.790740, 130.226554, 1.000000, -1.#QNAN0
430.035836, 130.140052, 1.000000, -1.#QNAN0
430.104011, 130.119440, 1.000000, -1.#QNAN0
430.172187, 130.098828, 1.000000, -1.#QNAN0
430.420718, 130.023689, 1.000000, -1.#QNAN0
430.488893, 130.003078, 1.000000, -1.#QNAN0
430.553633, 129.971103, 1.000000, -1.#QNAN0
430.802164, 129.895964, 1.000000, -1.#QNAN0
430.870340, 129.875352, 1.000000, -1.#QNAN0
431.118871, 129.800213, 1.000000, -1.#QNAN0
431.187046, 129.779602, 1.000000, -1.#QNAN0
431.255222, 129.758990, 1.000000, -1.#QNAN0
431.503753, 129.683851, 1.000000, -1.#QNAN0
431.571928, 129.663239, 1.000000, -1.#QNAN0
431.640103, 129.642627, 1.000000, -1.#QNAN0
431.885199, 129.556126, 1.000000, -1.#QNAN0
431.953374, 129.535514, 1.000000, -1.#QNAN0
432.201906, 129.460375, 1.000000, -1.#QNAN0
432.270081, 129.439763, 1.000000, -1.#QNAN0
432.334821, 129.407789, 1.000000, -1.#QNAN0
432.583352, 129.332650, 1.000000, -1.#QNAN0
432.651527, 129.312038, 1.000000, -1.#QNAN0
432.716267, 129.280064, 1.000000, -1.#QNAN0
432.964799, 129.204924, 1.000000, -1.#QNAN0
433.032974, 129.184313, 1.000000, -1.#QNAN0
433.281508, 129.109172, 1.000000, -1.#QNAN0
433.349683, 129.088560, 1.000000, -1.#QNAN0
433.417859, 129.067949, 1.000000, -1.#QNAN0
433.666446, 128.992785, 1.000000, -1.#QNAN0
433.734621, 128.972171, 1.000000, -1.#QNAN0
433.802795, 128.951557, 1.000000, -1.#QNAN0
434.052297, 128.875973, 1.000000, -1.#QNAN0
434.120461, 128.855324, 1.000000, -1.#QNAN0
434.369904, 128.779644, 1.000000, -1.#QNAN0
434.434610, 128.747601, 1.000000, -1.#QNAN0
434.502763, 128.726917, 1.000000, -1.#QNAN0
434.752176, 128.651092, 1.000000, -1.#QNAN0
434.820319, 128.630372, 1.000000, -1.#QNAN0
434.888461, 128.609652, 1.000000, -1.#QNAN0
435.137851, 128.533677, 1.000000, -1.#QNAN0
435.205983, 128.512921, 1.000000, -1.#QNAN0
435.455361, 128.436829, 1.000000, -1.#QNAN0
435.523481, 128.416036, 1.000000, -1.#QNAN0
435.595067, 128.406597, 1.000000, -1.#QNAN0
435.844427, 128.330346, 1.000000, -1.#QNAN0
435.912536, 128.309515, 1.000000, -1.#QNAN0
435.980645, 128.288685, 1.000000, -1.#QNAN0
436.229926, 128.212299, 1.000000, -1.#QNAN0
436.298024, 128.191431, 1.000000, -1.#QNAN0
436.546417, 128.115300, 1.000000, -1.#QNAN0
436.617991, 128.105777, 1.000000, -1.#QNAN0
436.686087, 128.084904, 1.000000, -1.#QNAN0
436.934329, 128.008815, 1.000000, -1.#QNAN0
437.002425, 127.987943, 1.000000, -1.#QNAN0
437.067042, 127.955721, 1.000000, -1.#QNAN0
437.317453, 127.878967, 1.000000, -1.#QNAN0
437.385549, 127.858095, 1.000000, -1.#QNAN0
437.650427, 127.776906, 1.000000, -1.#QNAN0
437.718523, 127.756034, 1.000000, -1.#QNAN0
437.786619, 127.735161, 1.000000, -1.#QNAN0
438.054695, 127.652993, 1.000000, -1.#QNAN0
438.122791, 127.632120, 1.000000, -1.#QNAN0
438.190887, 127.611248, 1.000000, -1.#QNAN0
438.462233, 127.528077, 1.000000, -1.#QNAN0
438.530329, 127.507205, 1.000000, -1.#QNAN0
438.598425, 127.486332, 1.000000, -1.#QNAN0
438.884454, 127.398661, 1.000000, -1.#QNAN0
438.952550, 127.377789, 1.000000, -1.#QNAN0
439.017167, 127.345567, 1.000000, -1.#QNAN0
439.085263, 127.324695, 1.000000, -1.#QNAN0
439.371204, 127.224634, 1.000000, -1.#QNAN0
439.439300, 127.203762, 1.000000, -1.#QNAN0
439.503918, 127.171540, 1.000000, -1.#QNAN0
439.796782, 127.081774, 1.000000, -1.#QNAN0
439.864878, 127.060901, 1.000000, -1.#QNAN0
439.929495, 127.028680, 1.000000, -1.#QNAN0
440.223249, 126.938640, 1.000000, -1.#QNAN0
440.287866, 126.906419, 1.000000, -1.#QNAN0
440.355962, 126.885547, 1.000000, -1.#QNAN0
440.424058, 126.864674, 1.000000, -1.#QNAN0
440.717811, 126.774635, 1.000000, -1.#QNAN0
441.241619, 128.240525, 0.000000, -1.#QNAN0
440.850525, 126.721541, 0.000000, -1.#QNAN0
441.144278, 126.631502, 0.000000, -1.#QNAN0
441.212374, 126.610630, 0.000000, -1.#QNAN0
441.276991, 126.578408, 0.000000, -1.#QNAN0
441.345087, 126.557536, 0.000000, -1.#QNAN0
441.638841, 126.467496, 0.000000, -1.#QNAN0
441.706937, 126.446624, 0.000000, -1.#QNAN0
441.775033, 126.425752, 0.000000, -1.#QNAN0
442.068786, 126.335713, 0.000000, -1.#QNAN0
442.136882, 126.314840, 0.000000, -1.#QNAN0
442.204978, 126.293968, 0.000000, -1.#QNAN0
442.269595, 126.261746, 0.000000, -1.#QNAN0
442.563348, 126.171707, 0.000000, -1.#QNAN0
442.631444, 126.150835, 0.000000, -1.#QNAN0
442.699540, 126.129962, 0.000000, -1.#QNAN0
442.993294, 126.039923, 0.000000, -1.#QNAN0
443.061390, 126.019051, 0.000000, -1.#QNAN0
443.129486, 125.998179, 0.000000, -1.#QNAN0
443.197582, 125.977306, 0.000000, -1.#QNAN0
443.487857, 125.875918, 0.000000, -1.#QNAN0
443.555953, 125.855045, 0.000000, -1.#QNAN0
443.624049, 125.834173, 0.000000, -1.#QNAN0
443.917802, 125.744134, 0.000000, -1.#QNAN0
443.985898, 125.723262, 0.000000, -1.#QNAN0
444.053994, 125.702389, 0.000000, -1.#QNAN0
444.122090, 125.681517, 0.000000, -1.#QNAN0
444.415843, 125.591478, 0.000000, -1.#QNAN0
444.483939, 125.570605, 0.000000, -1.#QNAN0
444.548557, 125.538384, 0.000000, -1.#QNAN0
444.864881, 125.437890, 0.000000, -1.#QNAN0
444.932701, 125.416135, 0.000000, -1.#QNAN0
445.000520, 125.394380, 0.000000, -1.#QNAN0
445.068339, 125.372625, 0.000000, -1.#QNAN0
445.394280, 125.261888, 0.000000, -1.#QNAN0
445.461662, 125.238816, 0.000000, -1.#QNAN0
445.529045, 125.215743, 0.000000, -1.#QNAN0
445.841781, 125.091883, 0.000000, -1.#QNAN0
445.908803, 125.067785, 0.000000, -1.#QNAN0
445.975826, 125.043687, 0.000000, -1.#QNAN0
446.042848, 125.019590, 0.000000, -1.#QNAN0
446.354916, 124.903067, 0.000000, -1.#QNAN0
446.421602, 124.878053, 0.000000, -1.#QNAN0
446.488288, 124.853038, 0.000000, -1.#QNAN0
446.796657, 124.733939, 0.000000, -1.#QNAN0
446.858722, 124.697040, 0.000000, -1.#QNAN0
446.925093, 124.671202, 0.000000, -1.#QNAN0
446.991465, 124.645365, 0.000000, -1.#QNAN0
447.296111, 124.523244, 0.000000, -1.#QNAN0
447.362189, 124.496666, 0.000000, -1.#QNAN0
447.428267, 124.470088, 0.000000, -1.#QNAN0
447.722208, 124.350387, 0.000000, -1.#QNAN0
447.788141, 124.323452, 0.000000, -1.#QNAN0
447.849586, 124.285528, 0.000000, -1.#QNAN0
447.915520, 124.258594, 0.000000, -1.#QNAN0
448.200420, 124.142119, 0.000000, -1.#QNAN0
448.266346, 124.115165, 0.000000, -1.#QNAN0
448.332271, 124.088211, 0.000000, -1.#QNAN0
448.616662, 123.971936, 0.000000, -1.#QNAN0
448.682588, 123.944982, 0.000000, -1.#QNAN0
448.748514, 123.918028, 0.000000, -1.#QNAN0
448.809947, 123.880086, 0.000000, -1.#QNAN0
449.094338, 123.763812, 0.000000, -1.#QNAN0
449.160263, 123.736858, 0.000000, -1.#QNAN0
449.226189, 123.709904, 0.000000, -1.#QNAN0
449.510579, 123.593630, 0.000000, -1.#QNAN0
449.576505, 123.566676, 0.000000, -1.#QNAN0
449.642431, 123.539722, 0.000000, -1.#QNAN0
449.708357, 123.512768, 0.000000, -1.#QNAN0
449.988255, 123.385506, 0.000000, -1.#QNAN0
450.054181, 123.358552, 0.000000, -1.#QNAN0
450.120107, 123.331598, 0.000000, -1.#QNAN0
450.405642, 123.214855, 0.000000, -1.#QNAN0
450.471568, 123.187901, 0.000000, -1.#QNAN0
450.537494, 123.160947, 0.000000, -1.#QNAN0
450.603419, 123.133993, 0.000000, -1.#QNAN0
450.894110, 123.015143, 0.000000, -1.#QNAN0
450.955544, 122.977202, 0.000000, -1.#QNAN0
451.021469, 122.950248, 0.000000, -1.#QNAN0
451.317919, 122.829043, 0.000000, -1.#QNAN0
451.383845, 122.802089, 0.000000, -1.#QNAN0
451.449771, 122.775135, 1.000000, -1.#QNAN0
451.515696, 122.748181, 1.000000, -1.#QNAN0
451.803006, 122.617889, 1.000000, -1.#QNAN0
451.868931, 122.590935, 1.000000, -1.#QNAN0
451.934857, 122.563981, 1.000000, -1.#QNAN0
452.000783, 122.537027, 1.000000, -1.#QNAN0
452.299481, 122.414902, 1.000000, -1.#QNAN0
452.365407, 122.387948, 1.000000, -1.#QNAN0
452.431333, 122.360994, 1.000000, -1.#QNAN0
452.737463, 122.235832, 1.000000, -1.#QNAN0
452.807881, 122.219865, 1.000000, -1.#QNAN0
452.873807, 122.192911, 1.000000, -1.#QNAN0
452.935240, 122.154970, 1.000000, -1.#QNAN0
453.238323, 122.031053, 1.000000, -1.#QNAN0
453.299757, 121.993111, 1.000000, -1.#QNAN0
453.365682, 121.966157, 1.000000, -1.#QNAN0
453.436100, 121.950191, 1.000000, -1.#QNAN0
453.745544, 121.823674, 1.000000, -1.#QNAN0
453.811470, 121.796720, 1.000000, -1.#QNAN0
453.877395, 121.769766, 1.000000, -1.#QNAN0
453.943321, 121.742812, 1.000000, -1.#QNAN0
454.252765, 121.616294, 1.000000, -1.#QNAN0
454.314198, 121.578353, 1.000000, -1.#QNAN0
453.697289, 119.881280, -1.000000, -1.#QNAN0
454.006733, 119.754763, -1.000000, -1.#QNAN0
454.072658, 119.727809, -1.000000, -1.#QNAN0
454.138584, 119.700855, -1.000000, -1.#QNAN0
454.204510, 119.673901, -1.000000, -1.#QNAN0
454.513953, 119.547384, -1.000000, -1.#QNAN0
454.579879, 119.520430, -1.000000, -1.#QNAN0
454.645805, 119.493476, -1.000000, -1.#QNAN0
454.711731, 119.466522, -1.000000, -1.#QNAN0
455.021175, 119.340004, -1.000000, -1.#QNAN0
455.087100, 119.313050, -1.000000, -1.#QNAN0
455.153026, 119.286096, -1.000000, -1.#QNAN0
455.218952, 119.259142, -1.000000, -1.#QNAN0
455.528395, 119.132625, -1.000000, -1.#QNAN0
455.594321, 119.105671, -1.000000, -1.#QNAN0
455.660247, 119.078717, -1.000000, -1.#QNAN0
455.726172, 119.051763, -1.000000, -1.#QNAN0
456.035616, 118.925246, -1.000000, -1.#QNAN0
456.101542, 118.898292, -1.000000, -1.#QNAN0
456.167467, 118.871338, -1.000000, -1.#QNAN0
456.233393, 118.844384, -1.000000, -1.#QNAN0
456.542837, 118.717866, -1.000000, -1.#QNAN0
456.608763, 118.690912, -1.000000, -1.#QNAN0
456.674688, 118.663958, -1.000000, -1.#QNAN0
456.983480, 118.535873, -1.000000, -1.#QNAN0
457.049238, 118.508512, -1.000000, -1.#QNAN0
457.114996, 118.481152, -1.000000, -1.#QNAN0
457.180754, 118.453791, -1.000000, -1.#QNAN0
457.485744, 118.317088, -1.000000, -1.#QNAN0
457.550606, 118.287666, -1.000000, -1.#QNAN0
457.615468, 118.258244, -1.000000, -1.#QNAN0
457.680330, 118.228821, -1.000000, -1.#QNAN0
457.979712, 118.080200, -1.000000, -1.#QNAN0
458.043375, 118.048265, -1.000000, -1.#QNAN0
458.107037, 118.016330, -1.000000, -1.#QNAN0
458.170699, 117.984396, -1.000000, -1.#QNAN0
458.464067, 117.824169, -1.000000, -1.#QNAN0
458.526484, 117.789863, -1.000000, -1.#QNAN0
458.588900, 117.755557, -1.000000, -1.#QNAN0
458.651317, 117.721251, -1.000000, -1.#QNAN0
458.938296, 117.549816, -1.000000, -1.#QNAN0
458.999392, 117.513210, -1.000000, -1.#QNAN0
459.060487, 117.476603, -1.000000, -1.#QNAN0
459.121583, 117.439996, -1.000000, -1.#QNAN0
459.402298, 117.258478, -1.000000, -1.#QNAN0
459.462107, 117.219804, -1.000000, -1.#QNAN0
459.521915, 117.181130, -1.000000, -1.#QNAN0
459.797779, 116.992354, -1.000000, -1.#QNAN0
459.856329, 116.951801, -1.000000, -1.#QNAN0
459.914880, 116.911248, -1.000000, -1.#QNAN0
459.973430, 116.870695, -1.000000, -1.#QNAN0
460.244640, 116.675249, -1.000000, -1.#QNAN0
460.302293, 116.633429, -1.000000, -1.#QNAN0
460.359946, 116.591610, -1.000000, -1.#QNAN0
460.417600, 116.549791, -1.000000, -1.#QNAN0
460.688212, 116.353501, -1.000000, -1.#QNAN0
460.745865, 116.311682, -1.000000, -1.#QNAN0
460.803518, 116.269863, -1.000000, -1.#QNAN0
460.861171, 116.228044, -1.000000, -1.#QNAN0
461.131783, 116.031754, -1.000000, -1.#QNAN0
461.189436, 115.989935, -1.000000, -1.#QNAN0
461.247089, 115.948116, -1.000000, -1.#QNAN0
461.304742, 115.906297, -1.000000, -1.#QNAN0
461.575354, 115.710007, -1.000000, -1.#QNAN0
461.633007, 115.668188, -1.000000, -1.#QNAN0
461.690660, 115.626369, -1.000000, -1.#QNAN0
461.748313, 115.584550, -1.000000, -1.#QNAN0
462.018926, 115.388260, -1.000000, -1.#QNAN0
462.076579, 115.346441, -1.000000, -1.#QNAN0
462.134232, 115.304622, -1.000000, -1.#QNAN0
462.404844, 115.108332, -1.000000, -1.#QNAN0
462.462497, 115.066513, -1.000000, -1.#QNAN0
462.520150, 115.024694, -1.000000, -1.#QNAN0
462.577803, 114.982875, -1.000000, -1.#QNAN0
462.848415, 114.786585, -1.000000, -1.#QNAN0
462.906068, 114.744766, -1.000000, -1.#QNAN0
462.963721, 114.702947, -1.000000, -1.#QNAN0
463.021374, 114.661128, -1.000000, -1.#QNAN0
463.291987, 114.464837, -1.000000, -1.#QNAN0
463.349640, 114.423018, -1.000000, -1.#QNAN0
463.407293, 114.381199, -1.000000, -1.#QNAN0
463.464946, 114.339380, -1.000000, -1.#QNAN0
463.733218, 114.144788, -1.000000, -1.#QNAN0
463.790871, 114.102969, -1.000000, -1.#QNAN0
463.848524, 114.061150, -1.000000, -1.#QNAN0
463.906177, 114.019331, -1.000000, -1.#QNAN0
464.171093, 113.827172, -1.000000, -1.#QNAN0
464.228747, 113.785353, -1.000000, -1.#QNAN0
464.286400, 113.743534, -1.000000, -1.#QNAN0
464.548028, 113.553761, -1.000000, -1.#QNAN0
464.605681, 113.511941, -1.000000, -1.#QNAN0
464.663334, 113.470122, -1.000000, -1.#QNAN0
464.720987, 113.428303, -1.000000, -1.#QNAN0
464.969790, 113.247833, -1.000000, -1.#QNAN0
465.027443, 113.206014, -1.000000, -1.#QNAN0
465.085096, 113.164195, -1.000000, -1.#QNAN0
465.330763, 112.985999, -1.000000, -1.#QNAN0
465.388416, 112.944180, -1.000000, -1.#QNAN0
465.446069, 112.902361, -1.000000, -1.#QNAN0
465.503722, 112.860542, -1.000000, -1.#QNAN0
465.746342, 112.684556, -1.000000, -1.#QNAN0
465.803995, 112.642737, -1.000000, -1.#QNAN0
465.861648, 112.600918, -1.000000, -1.#QNAN0
466.091709, 112.434042, -1.000000, -1.#QNAN0
466.149362, 112.392223, -1.000000, -1.#QNAN0
466.207016, 112.350404, -1.000000, -1.#QNAN0
466.436468, 112.183969, -1.000000, -1.#QNAN0
466.494122, 112.142150, -1.000000, -1.#QNAN0
466.551775, 112.100331, -1.000000, -1.#QNAN0
466.781228, 111.933895, -1.000000, -1.#QNAN0
466.838881, 111.892076, -1.000000, -1.#QNAN0
466.896534, 111.850257, -1.000000, -1.#QNAN0
467.125987, 111.683822, -1.000000, -1.#QNAN0
467.183640, 111.642003, -1.000000, -1.#QNAN0
467.241293, 111.600184, -1.000000, -1.#QNAN0
467.470746, 111.433749, -1.000000, -1.#QNAN0
467.528400, 111.391930, -1.000000, -1.#QNAN0
467.586053, 111.350111, -1.000000, -1.#QNAN0
467.815506, 111.183675, -1.000000, -1.#QNAN0
467.873159, 111.141856, -1.000000, -1.#QNAN0
467.930812, 111.100037, -1.000000, -1.#QNAN0
468.160265, 110.933602, -1.000000, -1.#QNAN0
468.217918, 110.891783, -1.000000, -1.#QNAN0
468.275571, 110.849964, -1.000000, -1.#QNAN0
468.505024, 110.683529, -1.000000, -1.#QNAN0
468.562678, 110.641710, -1.000000, -1.#QNAN0
468.620331, 110.599891, -1.000000, -1.#QNAN0
468.849784, 110.433456, -1.000000, -1.#QNAN0
468.907437, 110.391637, -1.000000, -1.#QNAN0
468.965090, 110.349818, -1.000000, -1.#QNAN0
469.194543, 110.183383, -1.000000, -1.#QNAN0
469.252196, 110.141563, -1.000000, -1.#QNAN0
469.309849, 110.099744, -1.000000, -1.#QNAN0
469.539302, 109.933309, -1.000000, -1.#QNAN0
469.596955, 109.891490, -1.000000, -1.#QNAN0
469.654609, 109.849671, -1.000000, -1.#QNAN0
469.884001, 109.683152, -1.000000, -1.#QNAN0
469.941636, 109.641309, -1.000000, -1.#QNAN0
469.999272, 109.599466, -1.000000, -1.#QNAN0
470.228407, 109.432594, -1.000000, -1.#QNAN0
470.285972, 109.390653, -1.000000, -1.#QNAN0
470.343536, 109.348712, -1.000000, -1.#QNAN0
470.570937, 109.179490, -1.000000, -1.#QNAN0
470.628014, 109.136888, -1.000000, -1.#QNAN0
470.685091, 109.094285, -1.000000, -1.#QNAN0
470.910728, 108.922727, -1.000000, -1.#QNAN0
470.967369, 108.879547, -1.000000, -1.#QNAN0
471.024010, 108.836367, -1.000000, -1.#QNAN0
471.247739, 108.662334, -1.000000, -1.#QNAN0
471.303895, 108.618525, -1.000000, -1.#QNAN0
471.360052, 108.574716, -1.000000, -1.#QNAN0
471.581650, 108.397981, -1.000000, -1.#QNAN0
471.637264, 108.353485, -1.000000, -1.#QNAN0
471.692878, 108.308990, -1.000000, -1.#QNAN0
471.912088, 108.129302, -1.000000, -1.#QNAN0
471.967093, 108.084057, -1.000000, -1.#QNAN0
472.022099, 108.038811, -1.000000, -1.#QNAN0
472.238620, 107.855893, -1.000000, -1.#QNAN0
472.292940, 107.809827, -1.000000, -1.#QNAN0
472.347260, 107.763761, -1.000000, -1.#QNAN0
472.560862, 107.577438, -1.000000, -1.#QNAN0
472.614441, 107.530513, -1.000000, -1.#QNAN0
472.668020, 107.483587, -1.000000, -1.#QNAN0
472.879355, 107.294681, -1.000000, -1.#QNAN0
472.932387, 107.247138, -1.000000, -1.#QNAN0
472.985419, 107.199595, -1.000000, -1.#QNAN0
473.196480, 107.010381, -1.000000, -1.#QNAN0
473.249512, 106.962838, -1.000000, -1.#QNAN0
473.302544, 106.915296, -1.000000, -1.#QNAN0
473.513605, 106.726081, -1.000000, -1.#QNAN0
473.566637, 106.678538, -1.000000, -1.#QNAN0
473.619669, 106.630996, -1.000000, -1.#QNAN0
473.830731, 106.441781, -1.000000, -1.#QNAN0
473.883763, 106.394238, -1.000000, -1.#QNAN0
473.936795, 106.346695, -1.000000, -1.#QNAN0
474.147964, 106.157384, -1.000000, -1.#QNAN0
474.200996, 106.109841, -1.000000, -1.#QNAN0
474.254028, 106.062298, -1.000000, -1.#QNAN0
474.468850, 105.869713, -1.000000, -1.#QNAN0
474.521882, 105.822170, -1.000000, -1.#QNAN0
474.574914, 105.774627, -1.000000, -1.#QNAN0
474.784625, 105.586623, -1.000000, -1.#QNAN0
474.837657, 105.539080, -1.000000, -1.#QNAN0
474.890689, 105.491537, -1.000000, -1.#QNAN0
475.104202, 105.300125, -1.000000, -1.#QNAN0
475.157235, 105.252582, -1.000000, -1.#QNAN0
475.210267, 105.205039, -1.000000, -1.#QNAN0
475.427653, 105.010154, -1.000000, -1.#QNAN0
475.480685, 104.962611, -1.000000, -1.#QNAN0
475.533717, 104.915069, -1.000000, -1.#QNAN0
475.586749, 104.867526, -1.000000, -1.#QNAN0
475.808078, 104.669106, -1.000000, -1.#QNAN0
475.861110, 104.621564, -1.000000, -1.#QNAN0
475.914142, 104.574021, -1.000000, -1.#QNAN0
476.139480, 104.372008, -1.000000, -1.#QNAN0
476.192512, 104.324465, -1.000000, -1.#QNAN0
476.245544, 104.276923, -1.000000, -1.#QNAN0
476.465991, 104.079293, -1.000000, -1.#QNAN0
476.519024, 104.031750, -1.000000, -1.#QNAN0
476.572056, 103.984208, -1.000000, -1.#QNAN0
476.792504, 103.786578, -1.000000, -1.#QNAN0
476.845536, 103.739035, -1.000000, -1.#QNAN0
476.898568, 103.691492, -1.000000, -1.#QNAN0
476.951600, 103.643949, -1.000000, -1.#QNAN0
477.172048, 103.446320, -1.000000, -1.#QNAN0
477.225080, 103.398777, -1.000000, -1.#QNAN0
477.278112, 103.351234, -1.000000, -1.#QNAN0
477.498560, 103.153605, -1.000000, -1.#QNAN0
477.551592, 103.106062, -1.000000, -1.#QNAN0
477.604624, 103.058519, -1.000000, -1.#QNAN0
477.825072, 102.860890, -1.000000, -1.#QNAN0
477.878104, 102.813347, -1.000000, -1.#QNAN0
477.931136, 102.765804, -1.000000, -1.#QNAN0
477.984168, 102.718261, -1.000000, -1.#QNAN0
478.204616, 102.520632, -1.000000, -1.#QNAN0
478.257648, 102.473089, -1.000000, -1.#QNAN0
478.310680, 102.425546, -1.000000, -1.#QNAN0
478.531128, 102.227917, -1.000000, -1.#QNAN0
478.584160, 102.180374, -1.000000, -1.#QNAN0
478.637192, 102.132831, -1.000000, -1.#QNAN0
478.857640, 101.935202, -1.000000, -1.#QNAN0
478.910672, 101.887659, -1.000000, -1.#QNAN0
478.963704, 101.840116, -1.000000, -1.#QNAN0
479.016736, 101.792573, -1.000000, -1.#QNAN0
479.237184, 101.594944, -1.000000, -1.#QNAN0
479.290216, 101.547401, -1.000000, -1.#QNAN0
479.343248, 101.499858, -1.000000, -1.#QNAN0
479.563696, 101.302229, -1.000000, -1.#QNAN0
479.616728, 101.254686, -1.000000, -1.#QNAN0
479.669760, 101.207143, -1.000000, -1.#QNAN0
479.890179, 101.009481, -1.000000, -1.#QNAN0
479.943202, 100.961928, -1.000000, -1.#QNAN0
479.996226, 100.914376, -1.000000, -1.#QNAN0
480.049249, 100.866824, -1.000000, -1.#QNAN0
480.268188, 100.667545, -1.000000, -1.#QNAN0
480.320860, 100.619603, -1.000000, -1.#QNAN0
480.373531, 100.571661, -1.000000, -1.#QNAN0
480.589423, 100.369089, -1.000000, -1.#QNAN0
480.641298, 100.320286, -1.000000, -1.#QNAN0
480.693172, 100.271483, -1.000000, -1.#QNAN0
480.906067, 100.065764, -1.000000, -1.#QNAN0
480.957158, 100.016141, -1.000000, -1.#QNAN0
481.008250, 99.966519, -1.000000, -1.#QNAN0
481.059341, 99.916897, -1.000000, -1.#QNAN0
481.268519, 99.707392, -1.000000, -1.#QNAN0
481.318842, 99.656991, -1.000000, -1.#QNAN0
481.369165, 99.606589, -1.000000, -1.#QNAN0
481.575464, 99.394251, -1.000000, -1.#QNAN0
481.625034, 99.343109, -1.000000, -1.#QNAN0
481.674604, 99.291966, -1.000000, -1.#QNAN0
481.878079, 99.076922, -1.000000, -1.#QNAN0
481.926912, 99.025075, -1.000000, -1.#QNAN0
481.975744, 98.973228, -1.000000, -1.#QNAN0
482.024577, 98.921381, -1.000000, -1.#QNAN0
482.224625, 98.703139, -1.000000, -1.#QNAN0
482.272751, 98.650636, -1.000000, -1.#QNAN0
482.320877, 98.598132, -1.000000, -1.#QNAN0
482.520120, 98.379143, -1.000000, -1.#QNAN0
482.568034, 98.326446, -1.000000, -1.#QNAN0
482.615948, 98.273749, -1.000000, -1.#QNAN0
482.815120, 98.054694, -1.000000, -1.#QNAN0
482.863033, 98.001997, -1.000000, -1.#QNAN0
482.910947, 97.949300, -1.000000, -1.#QNAN0
482.958861, 97.896603, -1.000000, -1.#QNAN0
483.158033, 97.677549, -1.000000, -1.#QNAN0
483.205947, 97.624852, -1.000000, -1.#QNAN0
483.253861, 97.572155, -1.000000, -1.#QNAN0
483.453032, 97.353101, -1.000000, -1.#QNAN0
483.500946, 97.300404, -1.000000, -1.#QNAN0
483.548860, 97.247707, -1.000000, -1.#QNAN0
483.748032, 97.028652, -1.000000, -1.#QNAN0
483.795946, 96.975955, -1.000000, -1.#QNAN0
483.843860, 96.923258, -1.000000, -1.#QNAN0
483.891774, 96.870561, -1.000000, -1.#QNAN0
484.090946, 96.651507, -1.000000, -1.#QNAN0
484.138860, 96.598810, -1.000000, -1.#QNAN0
484.186773, 96.546113, -1.000000, -1.#QNAN0
484.388716, 96.324011, -1.000000, -1.#QNAN0
484.436630, 96.271314, -1.000000, -1.#QNAN0
484.484544, 96.218617, -1.000000, -1.#QNAN0
484.690174, 95.992460, -1.000000, -1.#QNAN0
484.738088, 95.939763, -1.000000, -1.#QNAN0
484.786002, 95.887066, -1.000000, -1.#QNAN0
484.833916, 95.834369, -1.000000, -1.#QNAN0
485.043278, 95.604106, -1.000000, -1.#QNAN0
485.091192, 95.551409, -1.000000, -1.#QNAN0
485.139106, 95.498712, -1.000000, -1.#QNAN0
485.344259, 95.273079, -1.000000, -1.#QNAN0
485.392173, 95.220382, -1.000000, -1.#QNAN0
485.440087, 95.167685, -1.000000, -1.#QNAN0
485.649059, 94.937852, -1.000000, -1.#QNAN0
485.696973, 94.885155, -1.000000, -1.#QNAN0
485.744887, 94.832458, -1.000000, -1.#QNAN0
485.792801, 94.779761, -1.000000, -1.#QNAN0
486.005633, 94.545683, -1.000000, -1.#QNAN0
486.053547, 94.492986, -1.000000, -1.#QNAN0
486.101461, 94.440289, -1.000000, -1.#QNAN0
486.318192, 94.201922, -1.000000, -1.#QNAN0
486.366106, 94.149225, -1.000000, -1.#QNAN0
486.414020, 94.096528, -1.000000, -1.#QNAN0
486.461934, 94.043831, -1.000000, -1.#QNAN0
486.679607, 93.804429, -1.000000, -1.#QNAN0
486.727521, 93.751732, -1.000000, -1.#QNAN0
486.775435, 93.699035, -1.000000, -1.#QNAN0
486.993107, 93.459633, -1.000000, -1.#QNAN0
487.041021, 93.406936, -1.000000, -1.#QNAN0
487.088935, 93.354239, -1.000000, -1.#QNAN0
487.136849, 93.301542, -1.000000, -1.#QNAN0
487.354521, 93.062140, -1.000000, -1.#QNAN0
487.402435, 93.009443, -1.000000, -1.#QNAN0
487.450349, 92.956746, -1.000000, -1.#QNAN0
487.668022, 92.717343, -1.000000, -1.#QNAN0
487.715936, 92.664646, -1.000000, -1.#QNAN0
487.763850, 92.611949, -1.000000, -1.#QNAN0
487.811764, 92.559252, -1.000000, -1.#QNAN0
488.029437, 92.319850, -1.000000, -1.#QNAN0
367.827412, 144.070841, 1.000000, 0.000000
367.888954, 144.033075, 1.000000, 0.000000
368.095270, 143.962220, 1.000000, 0.000000
368.161273, 143.935455, 1.000000, 0.000000
368.363128, 143.853599, 1.000000, 0.000000
368.429130, 143.826834, 1.000000, 0.000000
368.630986, 143.744979, 1.000000, 0.000000
368.701449, 143.729214, 1.000000, 0.000000
368.903304, 143.647358, 1.000000, 0.000000
368.973768, 143.631594, 1.000000, 0.000000
369.180084, 143.560738, 1.000000, 0.000000
369.250547, 143.544974, 1.000000, 0.000000
369.452402, 143.463118, 1.000000, 0.000000
369.513944, 143.425352, 1.000000, 0.000000
369.720260, 143.354497, 1.000000, 0.000000
369.786263, 143.327732, 1.000000, 0.000000
369.992579, 143.256877, 1.000000, 0.000000
370.058581, 143.230112, 1.000000, 0.000000
370.264897, 143.159256, 1.000000, 0.000000
370.335361, 143.143492, 1.000000, 0.000000
370.537216, 143.061636, 1.000000, 0.000000
370.603219, 143.034871, 1.000000, 0.000000
370.800613, 142.942015, 1.000000, 0.000000
370.866615, 142.915250, 1.000000, 0.000000
371.068471, 142.833394, 1.000000, 0.000000
371.134473, 142.806629, 1.000000, 0.000000
371.340954, 142.735722, 1.000000, 0.000000
371.406959, 142.708962, 1.000000, 0.000000
371.623718, 142.634890, 1.000000, 0.000000
371.694260, 142.619479, 1.000000, 0.000000
371.930994, 142.540691, 1.000000, 0.000000
372.001749, 142.526291, 1.000000, 0.000000
372.238229, 142.451306, 1.000000, 0.000000
372.300988, 142.415600, 1.000000, 0.000000
372.530184, 142.346743, 1.000000, 0.000000
372.601305, 142.334278, 1.000000, 0.000000
372.834167, 142.267359, 1.000000, 0.000000
372.905446, 142.255831, 1.000000, 0.000000
373.141971, 142.190858, 1.000000, 0.000000
373.213392, 142.180244, 1.000000, 0.000000
373.284813, 142.169630, 1.000000, 0.000000
373.518814, 142.096719, 1.000000, 0.000000
373.586823, 142.075568, 1.000000, 0.000000
373.812398, 142.006524, 1.000000, 0.000000
373.880510, 141.985702, 1.000000, 0.000000
374.100249, 141.918528, 1.000000, 0.000000
374.168360, 141.897707, 1.000000, 0.000000
374.384037, 141.844187, 1.000000, 0.000000
374.452148, 141.823366, 1.000000, 0.000000
374.664470, 141.758459, 1.000000, 0.000000
374.736052, 141.748989, 1.000000, 0.000000
374.804163, 141.728168, 1.000000, 0.000000
375.016484, 141.663261, 1.000000, 0.000000
375.084596, 141.642440, 1.000000, 0.000000
375.296917, 141.577533, 1.000000, 0.000000
375.365028, 141.556712, 1.000000, 0.000000
375.577349, 141.491805, 1.000000, 0.000000
375.645461, 141.470984, 1.000000, 0.000000
375.720513, 141.472866, 1.000000, 0.000000
375.929364, 141.396608, 1.000000, 0.000000
375.997475, 141.375786, 1.000000, 0.000000
376.213266, 141.322232, 1.000000, 0.000000
376.281378, 141.301410, 1.000000, 0.000000
376.493699, 141.236503, 1.000000, 0.000000
376.561811, 141.215682, 1.000000, 0.000000
376.629922, 141.194860, 1.000000, 0.000000
376.842243, 141.129954, 1.000000, 0.000000
376.910355, 141.109132, 1.000000, 0.000000
377.126146, 141.055578, 1.000000, 0.000000
377.197728, 141.046108, 1.000000, 0.000000
377.410049, 140.981202, 1.000000, 0.000000
377.481631, 140.971732, 1.000000, 0.000000
377.549742, 140.950910, 1.000000, 0.000000
377.762063, 140.886004, 1.000000, 0.000000
377.830175, 140.865182, 1.000000, 0.000000
378.042496, 140.800276, 1.000000, 0.000000
378.110607, 140.779454, 1.000000, 0.000000
378.322929, 140.714548, 1.000000, 0.000000
378.391040, 140.693726, 1.000000, 0.000000
378.459152, 140.672904, 1.000000, 0.000000
378.671473, 140.607998, 1.000000, 0.000000
378.736114, 140.575824, 1.000000, 0.000000
378.948435, 140.510918, 1.000000, 0.000000
379.016546, 140.490097, 1.000000, 0.000000
379.228868, 140.425190, 1.000000, 0.000000
379.296979, 140.404368, 1.000000, 0.000000
379.365091, 140.383547, 1.000000, 0.000000
379.580882, 140.329992, 1.000000, 0.000000
379.652464, 140.320523, 1.000000, 0.000000
379.861315, 140.244264, 1.000000, 0.000000
379.929426, 140.223443, 1.000000, 0.000000
380.143439, 140.158166, 1.000000, 0.000000
380.211568, 140.137403, 1.000000, 0.000000
380.279698, 140.116640, 1.000000, 0.000000
380.499228, 140.062562, 1.000000, 0.000000
380.567397, 140.041926, 1.000000, 0.000000
380.783482, 139.976875, 1.000000, 0.000000
380.851688, 139.956364, 1.000000, 0.000000
381.067739, 139.891695, 1.000000, 0.000000
381.135981, 139.871304, 1.000000, 0.000000
381.204222, 139.850914, 1.000000, 0.000000
381.420276, 139.786729, 1.000000, 0.000000
381.488552, 139.766454, 1.000000, 0.000000
381.713966, 139.712227, 1.000000, 0.000000
381.782275, 139.692063, 1.000000, 0.000000
382.013700, 139.636420, 1.000000, 0.000000
382.082041, 139.616364, 1.000000, 0.000000
382.150382, 139.596309, 1.000000, 0.000000
382.382176, 139.528374, 1.000000, 0.000000
382.450524, 139.508343, 1.000000, 0.000000
382.676281, 139.442184, 1.000000, 0.000000
382.744629, 139.422154, 1.000000, 0.000000
382.819654, 139.424907, 1.000000, 0.000000
383.051416, 139.356988, 1.000000, 0.000000
383.119764, 139.336958, 1.000000, 0.000000
383.357545, 139.267275, 1.000000, 0.000000
383.425893, 139.247245, 1.000000, 0.000000
383.490903, 139.215823, 1.000000, 0.000000
383.734704, 139.144376, 1.000000, 0.000000
383.806390, 139.135738, 1.000000, 0.000000
384.050191, 139.064290, 1.000000, 0.000000
384.118539, 139.044260, 1.000000, 0.000000
384.186888, 139.024230, 1.000000, 0.000000
384.430688, 138.952783, 1.000000, 0.000000
384.499037, 138.932753, 1.000000, 0.000000
384.742837, 138.861306, 1.000000, 0.000000
384.811185, 138.841276, 1.000000, 0.000000
384.879534, 138.821246, 1.000000, 0.000000
385.123334, 138.749799, 1.000000, 0.000000
385.191683, 138.729769, 1.000000, 0.000000
385.435483, 138.658322, 1.000000, 0.000000
385.503831, 138.638292, 1.000000, 0.000000
385.572180, 138.618262, 1.000000, 0.000000
385.815980, 138.546815, 1.000000, 0.000000
385.884328, 138.526785, 1.000000, 0.000000
386.128129, 138.455337, 1.000000, 0.000000
386.196477, 138.435308, 1.000000, 0.000000
386.264826, 138.415278, 1.000000, 0.000000
386.508626, 138.343830, 1.000000, 0.000000
386.576975, 138.323800, 1.000000, 0.000000
386.820775, 138.252353, 1.000000, 0.000000
386.889123, 138.232323, 1.000000, 0.000000
386.957472, 138.212293, 1.000000, 0.000000
387.201272, 138.140846, 1.000000, 0.000000
387.269621, 138.120816, 1.000000, 0.000000
387.513421, 138.049369, 1.000000, 0.000000
387.581769, 138.029339, 1.000000, 0.000000
387.650118, 138.009309, 1.000000, 0.000000
387.890580, 137.926470, 1.000000, 0.000000
387.955590, 137.895049, 0.000000, 0.000000
388.199390, 137.823602, 0.000000, 0.000000
388.271077, 137.814963, 0.000000, 0.000000
388.339426, 137.794933, 0.000000, 0.000000
388.583226, 137.723486, 0.000000, 0.000000
388.654913, 137.714848, 0.000000, 0.000000
388.898713, 137.643400, 0.000000, 0.000000
388.967061, 137.623370, 0.000000, 0.000000
389.038748, 137.614732, 0.000000, 0.000000
389.281582, 137.543435, 0.000000, 0.000000
389.349920, 137.523371, 0.000000, 0.000000
389.594812, 137.463579, 0.000000, 0.000000
389.663127, 137.443435, 0.000000, 0.000000
389.731442, 137.423292, 0.000000, 0.000000
389.976390, 137.363152, 0.000000, 0.000000
390.044683, 137.342933, 0.000000, 0.000000
390.286320, 137.271159, 0.000000, 0.000000
390.357974, 137.262248, 0.000000, 0.000000
390.426246, 137.241959, 0.000000, 0.000000
390.667916, 137.169879, 0.000000, 0.000000
390.739560, 137.160898, 0.000000, 0.000000
390.981278, 137.088594, 0.000000, 0.000000
391.049511, 137.068174, 0.000000, 0.000000
391.117744, 137.047754, 0.000000, 0.000000
391.362781, 136.986581, 0.000000, 0.000000
391.434409, 136.977471, 1.000000, 0.000000
391.678589, 136.916523, 1.000000, 0.000000
391.746801, 136.896033, 1.000000, 0.000000
391.815014, 136.875544, 1.000000, 0.000000
392.053855, 136.803800, 1.000000, 0.000000
392.118652, 136.771941, 1.000000, 0.000000
392.355315, 136.700852, 1.000000, 0.000000
392.423527, 136.680362, 1.000000, 0.000000
392.491739, 136.659872, 1.000000, 0.000000
392.726225, 136.589437, 1.000000, 0.000000
392.794438, 136.568947, 1.000000, 0.000000
393.026750, 136.499164, 1.000000, 0.000000
393.094962, 136.478675, 1.000000, 0.000000
393.163174, 136.458185, 1.000000, 0.000000
393.396730, 136.400423, 1.000000, 0.000000
393.464943, 136.379933, 1.000000, 0.000000
393.696437, 136.322791, 1.000000, 0.000000
393.764650, 136.302301, 1.000000, 0.000000
393.836277, 136.293180, 1.000000, 0.000000
394.064356, 136.224669, 1.000000, 0.000000
394.132569, 136.204179, 1.000000, 0.000000
394.364064, 136.147036, 1.000000, 0.000000
394.432276, 136.126547, 1.000000, 0.000000
394.503903, 136.117426, 1.000000, 0.000000
394.731983, 136.048914, 1.000000, 0.000000
394.803610, 136.039793, 1.000000, 0.000000
395.031690, 135.971282, 1.000000, 0.000000
395.103317, 135.962161, 1.000000, 0.000000
395.174944, 135.953040, 1.000000, 0.000000
395.403024, 135.884528, 1.000000, 0.000000
395.471236, 135.864039, 1.000000, 0.000000
395.699316, 135.795527, 1.000000, 0.000000
395.767528, 135.775038, 1.000000, 0.000000
395.835740, 135.754548, 1.000000, 0.000000
396.067235, 135.697405, 1.000000, 0.000000
396.135447, 135.676916, 1.000000, 0.000000
396.366942, 135.619773, 1.000000, 0.000000
396.435155, 135.599283, 1.000000, 0.000000
396.503367, 135.578793, 1.000000, 0.000000
396.731447, 135.510282, 1.000000, 0.000000
396.803074, 135.501161, 1.000000, 0.000000
397.031154, 135.432650, 1.000000, 0.000000
397.099366, 135.412160, 1.000000, 0.000000
397.170993, 135.403039, 1.000000, 0.000000
397.399073, 135.334528, 1.000000, 0.000000
397.470700, 135.325407, 1.000000, 0.000000
397.698780, 135.256895, 1.000000, 0.000000
397.770407, 135.247774, 1.000000, 0.000000
397.842034, 135.238653, 1.000000, 0.000000
398.070114, 135.170142, 1.000000, 0.000000
398.141741, 135.161021, 1.000000, 0.000000
398.369821, 135.092510, 1.000000, 0.000000
398.441448, 135.083389, 1.000000, 0.000000
398.509660, 135.062899, 1.000000, 0.000000
398.741155, 135.005756, 1.000000, 0.000000
398.809367, 134.985267, 1.000000, 0.000000
399.041060, 134.928090, 1.000000, 0.000000
399.109274, 134.907609, 1.000000, 0.000000
399.180903, 134.898496, 1.000000, 0.000000
399.412787, 134.829458, 1.000000, 0.000000
399.484436, 134.820513, 1.000000, 0.000000
399.719893, 134.763313, 1.000000, 0.000000
399.788204, 134.743154, 1.000000, 0.000000
399.859874, 134.734381, 1.000000, 0.000000
400.092178, 134.666440, 1.000000, 0.000000
400.163870, 134.657842, 1.000000, 0.000000
400.396362, 134.590382, 1.000000, 0.000000
400.468075, 134.581963, 1.000000, 0.000000
400.536485, 134.562142, 1.000000, 0.000000
400.772491, 134.506755, 1.000000, 0.000000
400.840951, 134.487108, 1.000000, 0.000000
401.073875, 134.420812, 1.000000, 0.000000
401.145630, 134.412761, 1.000000, 0.000000
401.214140, 134.393291, 1.000000, 0.000000
401.447142, 134.327707, 1.000000, 0.000000
401.518917, 134.319837, 1.000000, 0.000000
401.752380, 134.266562, 1.000000, 0.000000
401.820949, 134.247298, 1.000000, 0.000000
401.892728, 134.239463, 1.000000, 0.000000
402.131477, 134.172391, 1.000000, 0.000000
402.203256, 134.164556, 1.000000, 0.000000
402.442992, 134.109536, 1.000000, 0.000000
402.511560, 134.090273, 1.000000, 0.000000
402.583339, 134.082438, 1.000000, 0.000000
402.829071, 134.013403, 1.000000, 0.000000
402.900850, 134.005568, 1.000000, 0.000000
403.155791, 133.933947, 1.000000, 0.000000
403.227570, 133.926112, 1.000000, 0.000000
403.299349, 133.918276, 1.000000, 0.000000
403.552074, 133.847278, 1.000000, 0.000000
403.620643, 133.828014, 1.000000, 0.000000
403.692422, 133.820179, 1.000000, 0.000000
403.954361, 133.746592, 1.000000, 0.000000
404.022929, 133.727329, 1.000000, 0.000000
404.094708, 133.719494, 1.000000, 0.000000
404.354158, 133.646605, 1.000000, 0.000000
404.422727, 133.627342, 1.000000, 0.000000
404.491295, 133.608079, 1.000000, 0.000000
404.750746, 133.535191, 1.000000, 0.000000
404.819314, 133.515927, 1.000000, 0.000000
404.887883, 133.496664, 1.000000, 0.000000
405.147333, 133.423776, 1.000000, 0.000000
405.215901, 133.404513, 1.000000, 0.000000
405.284470, 133.385250, 1.000000, 0.000000
405.543920, 133.312362, 1.000000, 0.000000
405.612488, 133.293098, 1.000000, 0.000000
405.684267, 133.285263, 1.000000, 0.000000
405.943718, 133.212375, 1.000000, 0.000000
406.012286, 133.193112, 1.000000, 0.000000
406.080855, 133.173848, 1.000000, 0.000000
406.340305, 133.100960, 1.000000, 0.000000
406.408874, 133.081697, 1.000000, 0.000000
406.477442, 133.062434, 1.000000, 0.000000
406.736892, 132.989546, 1.000000, 0.000000
406.805461, 132.970283, 1.000000, 0.000000
406.874029, 132.951019, 1.000000, 0.000000
407.133480, 132.878131, 1.000000, 0.000000
407.202048, 132.858868, 1.000000, 0.000000
407.270617, 132.839605, 1.000000, 0.000000
407.530067, 132.766716, 1.000000, 0.000000
407.598635, 132.747453, 1.000000, 0.000000
407.667204, 132.728190, 1.000000, 0.000000
407.926654, 132.655302, 1.000000, 0.000000
407.995222, 132.636039, 1.000000, 0.000000
408.060580, 132.605347, 1.000000, 0.000000
408.320031, 132.532459, 1.000000, 0.000000
408.388599, 132.513196, 1.000000, 0.000000
408.453957, 132.482504, 1.000000, 0.000000
408.713407, 132.409616, 1.000000, 0.000000
408.781976, 132.390353, 1.000000, 0.000000
408.850544, 132.371090, 1.000000, 0.000000
409.106784, 132.286774, 1.000000, 0.000000
409.175352, 132.267510, 1.000000, 0.000000
409.243921, 132.248247, 1.000000, 0.000000
409.500716, 132.163877, 1.000000, 0.000000
409.569291, 132.144639, 1.000000, 0.000000
409.637867, 132.125402, 1.000000, 0.000000
409.902377, 132.052129, 1.000000, 0.000000
409.971018, 132.033128, 1.000000, 0.000000
410.036493, 132.002686, 1.000000, 0.000000
410.300894, 131.930349, 1.000000, 0.000000
410.369596, 131.911565, 1.000000, 0.000000
410.438297, 131.892781, 1.000000, 0.000000
410.702577, 131.821312, 1.000000, 0.000000
410.771333, 131.802730, 1.000000, 0.000000
410.840089, 131.784147, 1.000000, 0.000000
411.104261, 131.713481, 1.000000, 0.000000
411.173067, 131.695085, 1.000000, 0.000000
411.241874, 131.676690, 1.000000, 0.000000
411.505950, 131.606765, 1.000000, 0.000000
411.574803, 131.588543, 1.000000, 0.000000
411.643655, 131.570321, 1.000000, 0.000000
411.907592, 131.501089, 1.000000, 0.000000
411.976486, 131.483026, 1.000000, 0.000000
412.045381, 131.464963, 1.000000, 0.000000
412.307420, 131.396506, 1.000000, 0.000000
412.376331, 131.378506, 1.000000, 0.000000
412.445242, 131.360507, 1.000000, 0.000000
412.705988, 131.292399, 1.000000, 0.000000
412.777899, 131.285885, 1.000000, 0.000000
412.846810, 131.267885, 1.000000, 0.000000
413.107557, 131.199777, 1.000000, 0.000000
413.176468, 131.181778, 1.000000, 0.000000
413.242379, 131.152293, 1.000000, 0.000000
413.502936, 131.084234, 1.000000, 0.000000
413.571847, 131.066235, 1.000000, 0.000000
413.640758, 131.048235, 1.000000, 0.000000
413.899230, 130.980722, 1.000000, 0.000000
413.968141, 130.962722, 1.000000, 0.000000
414.037052, 130.944722, 1.000000, 0.000000
414.304934, 130.874751, 1.000000, 0.000000
414.373845, 130.856751, 1.000000, 0.000000
414.442756, 130.838751, 1.000000, 0.000000
414.708574, 130.769319, 1.000000, 0.000000
414.777485, 130.751319, 1.000000, 0.000000
415.041250, 130.682423, 1.000000, 0.000000
415.110161, 130.664423, 1.000000, 0.000000
415.176072, 130.634938, 1.000000, 0.000000
415.440798, 130.578060, 1.000000, 0.000000
415.509709, 130.560061, 1.000000, 0.000000
415.578620, 130.542061, 1.000000, 0.000000
415.838317, 130.474227, 1.000000, 0.000000
415.904228, 130.444743, 1.000000, 0.000000
415.973139, 130.426743, 1.000000, 0.000000
416.231000, 130.359389, 1.000000, 0.000000
416.299911, 130.341389, 1.000000, 0.000000
416.368822, 130.323389, 1.000000, 0.000000
416.626684, 130.256035, 1.000000, 0.000000
416.692595, 130.226550, 1.000000, 0.000000
416.761506, 130.208551, 1.000000, 0.000000
417.019367, 130.141197, 1.000000, 0.000000
417.088278, 130.123197, 1.000000, 0.000000
417.343139, 130.044358, 1.000000, 0.000000
417.412050, 130.026358, 1.000000, 0.000000
417.480961, 130.008359, 1.000000, 0.000000
417.738823, 129.941004, 1.000000, 0.000000
417.807734, 129.923005, 1.000000, 0.000000
417.873645, 129.893520, 1.000000, 0.000000
418.131506, 129.826166, 1.000000, 0.000000
418.200417, 129.808166, 1.000000, 0.000000
418.269328, 129.790166, 1.000000, 0.000000
418.524189, 129.711327, 1.000000, 0.000000
418.593100, 129.693328, 1.000000, 0.000000
418.662011, 129.675328, 1.000000, 0.000000
418.916873, 129.596489, 1.000000, 0.000000
418.985784, 129.578489, 1.000000, 0.000000
419.054695, 129.560489, 1.000000, 0.000000
419.309556, 129.481650, 1.000000, 0.000000
419.375467, 129.452165, 1.000000, 0.000000
419.633329, 129.384811, 1.000000, 0.000000
419.702240, 129.366812, 1.000000, 0.000000
419.768151, 129.337327, 1.000000, 0.000000
420.026012, 129.269973, 1.000000, 0.000000
420.091923, 129.240488, 1.000000, 0.000000
420.160834, 129.222488, 1.000000, 0.000000
420.415696, 129.143649, 1.000000, 0.000000
420.484607, 129.125649, 1.000000, 0.000000
420.553518, 129.107649, 1.000000, 0.000000
420.808379, 129.028810, 1.000000, 0.000000
420.877290, 129.010811, 1.000000, 0.000000
420.946201, 128.992811, 1.000000, 0.000000
421.203301, 128.925532, 1.000000, 0.000000
421.272204, 128.907500, 1.000000, 0.000000
421.338101, 128.877984, 1.000000, 0.000000
421.587663, 128.811295, 1.000000, 0.000000
421.656473, 128.792913, 1.000000, 0.000000
421.905629, 128.725270, 1.000000, 0.000000
421.974343, 128.706533, 1.000000, 0.000000
422.043058, 128.687796, 1.000000, 0.000000
422.291713, 128.618826, 1.000000, 0.000000
422.360328, 128.599729, 1.000000, 0.000000
422.428943, 128.580632, 1.000000, 0.000000
422.673838, 128.498898, 1.000000, 0.000000
422.742350, 128.479436, 1.000000, 0.000000
422.810862, 128.459973, 1.000000, 0.000000
423.058406, 128.388312, 1.000000, 0.000000
423.130118, 128.379880, 1.000000, 0.000000
423.198524, 128.360047, 1.000000, 0.000000
423.445581, 128.286985, 1.000000, 0.000000
423.513877, 128.266776, 1.000000, 0.000000
423.582173, 128.246568, 1.000000, 0.000000
423.829368, 128.172013, 1.000000, 0.000000
423.897559, 128.151452, 1.000000, 0.000000
424.151518, 128.074718, 1.000000, 0.000000
424.216258, 128.042744, 1.000000, 0.000000
424.284433, 128.022132, 1.000000, 0.000000
424.539542, 127.945005, 1.000000, 0.000000
424.607717, 127.924393, 1.000000, 0.000000
424.675893, 127.903781, 1.000000, 0.000000
424.930847, 127.826700, 1.000000, 0.000000
424.995587, 127.794726, 1.000000, 0.000000
425.063762, 127.774114, 1.000000, 0.000000
425.316154, 127.697808, 1.000000, 0.000000
425.380894, 127.665834, 1.000000, 0.000000
425.449069, 127.645222, 1.000000, 0.000000
425.695462, 127.558328, 1.000000, 0.000000
425.763638, 127.537716, 1.000000, 0.000000
425.828378, 127.505742, 1.000000, 0.000000
426.072208, 127.419623, 1.000000, 0.000000
426.140383, 127.399011, 1.000000, 0.000000
426.381650, 127.313667, 1.000000, 0.000000
426.449826, 127.293055, 1.000000, 0.000000
426.518001, 127.272444, 1.000000, 0.000000
426.768068, 127.184439, 1.000000, 0.000000
426.832808, 127.152465, 1.000000, 0.000000
426.900984, 127.131853, 1.000000, 0.000000
427.148488, 127.044623, 1.000000, 0.000000
427.216664, 127.024011, 1.000000, 0.000000
427.284839, 127.003400, 1.000000, 0.000000
427.533370, 126.928260, 1.000000, 0.000000
427.598110, 126.896286, 1.000000, 0.000000
427.846641, 126.821147, 1.000000, 0.000000
427.911381, 126.789173, 1.000000, 0.000000
427.979557, 126.768561, 1.000000, 0.000000
428.228088, 126.693422, 1.000000, 0.000000
428.292828, 126.661448, 1.000000, 0.000000
428.361003, 126.640836, 1.000000, 0.000000
428.609534, 126.565697, 1.000000, 0.000000
428.674274, 126.533722, 1.000000, 0.000000
428.922806, 126.458583, 1.000000, 0.000000
428.990981, 126.437971, 1.000000, 0.000000
429.055721, 126.405997, 1.000000, 0.000000
429.304252, 126.330858, 1.000000, 0.000000
429.372427, 126.310246, 1.000000, 0.000000
429.437167, 126.278272, 1.000000, 0.000000
429.685698, 126.203133, 1.000000, 0.000000
429.750438, 126.171159, 1.000000, 0.000000
429.998970, 126.096019, 1.000000, 0.000000
430.067145, 126.075408, 1.000000, 0.000000
430.135321, 126.054796, 1.000000, 0.000000
430.380416, 125.968294, 1.000000, 0.000000
430.448592, 125.947683, 1.000000, 0.000000
430.516767, 125.927071, 1.000000, 0.000000
430.765298, 125.851932, 1.000000, 0.000000
430.833473, 125.831320, 1.000000, 0.000000
431.082005, 125.756181, 1.000000, 0.000000
431.150180, 125.735569, 1.000000, 0.000000
431.218355, 125.714957, 1.000000, 0.000000
431.466886, 125.639818, 1.000000, 0.000000
431.531626, 125.607844, 1.000000, 0.000000
431.599802, 125.587232, 1.000000, 0.000000
431.848333, 125.512093, 1.000000, 0.000000
431.916508, 125.491482, 1.000000, 0.000000
432.165037, 125.416343, 1.000000, 0.000000
432.233212, 125.395731, 1.000000, 0.000000
432.301387, 125.375119, 1.000000, 0.000000
432.549863, 125.299989, 1.000000, 0.000000
432.618038, 125.279375, 1.000000, 0.000000
432.686212, 125.258761, 1.000000, 0.000000
432.933778, 125.183763, 1.000000, 0.000000
433.001942, 125.163114, 1.000000, 0.000000
433.249503, 125.088005, 1.000000, 0.000000
433.317656, 125.067321, 1.000000, 0.000000
433.382362, 125.035277, 1.000000, 0.000000
433.629856, 124.960036, 1.000000, 0.000000
433.697998, 124.939316, 1.000000, 0.000000
433.766141, 124.918596, 1.000000, 0.000000
434.013572, 124.843217, 1.000000, 0.000000
434.081703, 124.822462, 1.000000, 0.000000
434.329082, 124.746979, 1.000000, 0.000000
434.397202, 124.726186, 1.000000, 0.000000
434.461857, 124.694040, 1.000000, 0.000000
434.712635, 124.629768, 1.000000, 0.000000
434.780743, 124.608938, 1.000000, 0.000000
434.848852, 124.588107, 1.000000, 0.000000
435.096151, 124.512328, 1.000000, 0.000000
435.164249, 124.491461, 1.000000, 0.000000
435.408876, 124.404068, 1.000000, 0.000000
435.476972, 124.383195, 1.000000, 0.000000
435.545068, 124.362323, 1.000000, 0.000000
435.789831, 124.274884, 1.000000, 0.000000
435.857927, 124.254012, 1.000000, 0.000000
435.922544, 124.221790, 1.000000, 0.000000
436.172955, 124.145036, 1.000000, 0.000000
436.241051, 124.124164, 1.000000, 0.000000
436.502450, 124.031626, 1.000000, 0.000000
436.570546, 124.010754, 1.000000, 0.000000
436.635164, 123.978532, 1.000000, 0.000000
436.903240, 123.896363, 1.000000, 0.000000
436.967857, 123.864142, 1.000000, 0.000000
437.035953, 123.843269, 1.000000, 0.000000
437.303820, 123.748749, 1.000000, 0.000000
437.371916, 123.727877, 1.000000, 0.000000
437.440012, 123.707004, 1.000000, 0.000000
437.726041, 123.619333, 1.000000, 0.000000
437.794137, 123.598460, 1.000000, 0.000000
437.858754, 123.566239, 1.000000, 0.000000
437.923371, 123.534017, 1.000000, 0.000000
438.212791, 123.445306, 1.000000, 0.000000
438.277409, 123.413085, 1.000000, 0.000000
438.345505, 123.392212, 1.000000, 0.000000
438.638369, 123.302446, 1.000000, 0.000000
438.702986, 123.270224, 1.000000, 0.000000
438.771082, 123.249352, 1.000000, 0.000000
439.064836, 123.159312, 1.000000, 0.000000
439.129453, 123.127091, 1.000000, 0.000000
439.197549, 123.106218, 1.000000, 0.000000
439.265645, 123.085346, 1.000000, 0.000000
439.555919, 122.983958, 1.000000, 0.000000
439.624015, 122.963085, 1.000000, 0.000000
439.692111, 122.942213, 1.000000, 0.000000
439.982386, 122.840824, 1.000000, 0.000000
440.047003, 122.808603, 1.000000, 0.000000
440.115099, 122.787730, 1.000000, 0.000000
440.183195, 122.766858, 1.000000, 0.000000
440.476949, 122.676819, 1.000000, 0.000000
440.545045, 122.655947, 1.000000, 0.000000
440.609662, 122.623725, 1.000000, 0.000000
440.903415, 122.533686, 1.000000, 0.000000
440.968033, 122.501464, 1.000000, 0.000000
441.036129, 122.480592, 1.000000, 0.000000
441.104225, 122.459719, 1.000000, 0.000000
441.394499, 122.358331, 1.000000, 0.000000
441.462595, 122.337459, 1.000000, 0.000000
441.527212, 122.305237, 1.000000, 0.000000
441.820966, 122.215198, 1.000000, 0.000000
441.885583, 122.182976, 1.000000, 0.000000
441.953679, 122.162104, 1.000000, 0.000000
442.021775, 122.141231, 1.000000, 0.000000
442.315529, 122.051192, 1.000000, 0.000000
442.380146, 122.018971, 1.000000, 0.000000
442.448242, 121.998098, 1.000000, 0.000000
442.738516, 121.896710, 1.000000, 0.000000
442.806612, 121.875838, 1.000000, 0.000000
442.874708, 121.854965, 1.000000, 0.000000
442.939326, 121.822744, 1.000000, 0.000000
443.229601, 121.721355, 1.000000, 0.000000
443.297697, 121.700483, 1.000000, 0.000000
443.365793, 121.679610, 1.000000, 0.000000
443.628460, 121.583505, 1.000000, 0.000000
443.696279, 121.561750, 1.000000, 0.000000
443.764098, 121.539995, 1.000000, 0.000000
443.831917, 121.518240, 1.000000, 0.000000
444.079146, 121.421096, 1.000000, 0.000000
444.146528, 121.398023, 1.000000, 0.000000
444.213911, 121.374951, 1.000000, 0.000000
444.468212, 121.271598, 1.000000, 0.000000
444.531218, 121.236330, 1.000000, 0.000000
444.598241, 121.212233, 1.000000, 0.000000
444.665263, 121.188135, 1.000000, 0.000000
444.924923, 121.090862, 1.000000, 0.000000
444.991609, 121.065848, 1.000000, 0.000000
445.058295, 121.040833, 1.000000, 0.000000
445.315328, 120.928645, 1.000000, 0.000000
445.381700, 120.902808, 1.000000, 0.000000
445.443765, 120.865909, 1.000000, 0.000000
445.510136, 120.840072, 1.000000, 0.000000
445.767885, 120.723744, 1.000000, 0.000000
445.833963, 120.697166, 1.000000, 0.000000
445.900041, 120.670588, 1.000000, 0.000000
446.173467, 120.559202, 1.000000, 0.000000
446.234912, 120.521279, 1.000000, 0.000000
446.300845, 120.494344, 1.000000, 0.000000
446.366779, 120.467409, 1.000000, 0.000000
446.646072, 120.340402, 1.000000, 0.000000
446.711998, 120.313448, 1.000000, 0.000000
446.777923, 120.286494, 1.000000, 0.000000
447.057822, 120.159232, 1.000000, 0.000000
447.123748, 120.132278, 1.000000, 0.000000
447.189673, 120.105324, 1.000000, 0.000000
447.255599, 120.078370, 1.000000, 0.000000
447.539990, 119.962096, 1.000000, 0.000000
447.605915, 119.935142, 1.000000, 0.000000
447.671841, 119.908188, 1.000000, 0.000000
447.951739, 119.780926, 1.000000, 0.000000
448.017665, 119.753972, 1.000000, 0.000000
448.083591, 119.727018, 1.000000, 0.000000
448.149516, 119.700064, 1.000000, 0.000000
448.429415, 119.572802, 1.000000, 0.000000
448.495341, 119.545848, 1.000000, 0.000000
448.561266, 119.518894, 1.000000, 0.000000
448.846802, 119.402151, 1.000000, 0.000000
448.908235, 119.364210, 1.000000, 0.000000
448.974161, 119.337256, 1.000000, 0.000000
449.040087, 119.310302, 1.000000, 0.000000
449.330778, 119.191452, 1.000000, 0.000000
449.396703, 119.164498, 1.000000, 0.000000
449.462629, 119.137544, 1.000000, 0.000000
449.754587, 119.005351, 1.000000, 0.000000
449.820512, 118.978397, 1.000000, 0.000000
449.886438, 118.951443, 1.000000, 0.000000
449.952364, 118.924489, 1.000000, 0.000000
450.244165, 118.805185, 1.000000, 0.000000
450.310091, 118.778231, 1.000000, 0.000000
450.376017, 118.751277, 1.000000, 0.000000
450.441942, 118.724323, 1.000000, 0.000000
450.740641, 118.602199, 1.000000, 0.000000
450.806567, 118.575244, 1.000000, 0.000000
450.872493, 118.548290, 1.000000, 0.000000
451.178623, 118.423128, 1.000000, 0.000000
451.240056, 118.385186, 1.000000, 0.000000
451.310474, 118.369220, 1.000000, 0.000000
451.371908, 118.331278, 1.000000, 0.000000
451.674991, 118.207361, 1.000000, 0.000000
451.740916, 118.180407, 1.000000, 0.000000
451.806842, 118.153453, 1.000000, 0.000000
451.868276, 118.115512, 1.000000, 0.000000
452.177719, 117.988994, 1.000000, 0.000000
452.243645, 117.962040, 1.000000, 0.000000
452.309570, 117.935086, 1.000000, 0.000000
452.371004, 117.897145, 1.000000, 0.000000
452.675955, 117.759640, 1.000000, 0.000000
452.741881, 117.732686, 1.000000, 0.000000
452.807807, 117.705732, 1.000000, 0.000000
453.112758, 117.568227, 1.000000, 0.000000
453.178684, 117.541273, 1.000000, 0.000000
453.244609, 117.514319, 1.000000, 0.000000
453.310535, 117.487365, 1.000000, 0.000000
453.615486, 117.349860, 1.000000, 0.000000
453.681412, 117.322906, 1.000000, 0.000000
453.747338, 117.295952, 1.000000, 0.000000
453.813263, 117.268998, 1.000000, 0.000000
454.118215, 117.131493, 1.000000, 0.000000
454.184141, 117.104539, 1.000000, 0.000000
454.250067, 117.077585, 1.000000, 0.000000
454.315992, 117.050631, 1.000000, 0.000000
454.625436, 116.924113, 1.000000, 0.000000
454.691362, 116.897159, 1.000000, 0.000000
454.757287, 116.870205, 1.000000, 0.000000
454.818721, 116.832264, 1.000000, 0.000000
455.128164, 116.705746, 1.000000, 0.000000
455.194090, 116.678792, 1.000000, 0.000000
455.260016, 116.651838, 1.000000, 0.000000
455.325941, 116.624884, 1.000000, 0.000000
455.630893, 116.487379, 1.000000, 0.000000
455.696819, 116.460425, 1.000000, 0.000000
455.767237, 116.444459, 1.000000, 0.000000
456.057781, 116.311060, 1.000000, 0.000000
456.123539, 116.283699, 1.000000, 0.000000
456.189297, 116.256339, 1.000000, 0.000000
456.255055, 116.228978, 1.000000, 0.000000
456.485384, 116.111790, 1.000000, 0.000000
456.550246, 116.082367, 1.000000, 0.000000
456.615107, 116.052945, 1.000000, 0.000000
456.679969, 116.023523, 1.000000, 0.000000
456.893932, 115.915681, 1.000000, 0.000000
456.957594, 115.883746, 1.000000, 0.000000
457.021256, 115.851811, 1.000000, 0.000000
457.084919, 115.819876, 1.000000, 0.000000
457.297659, 115.702012, 1.000000, 0.000000
457.360075, 115.667705, 1.000000, 0.000000
457.422492, 115.633399, 1.000000, 0.000000
457.484908, 115.599093, 1.000000, 0.000000
457.687566, 115.462385, 1.000000, 0.000000
457.748662, 115.425778, 1.000000, 0.000000
457.809757, 115.389172, 1.000000, 0.000000
457.870853, 115.352565, 1.000000, 0.000000
458.080944, 115.215021, 1.000000, 0.000000
458.134307, 115.166379, 1.000000, 0.000000
458.194115, 115.127705, 1.000000, 0.000000
458.405452, 114.982122, 1.000000, 0.000000
458.457244, 114.931810, 1.000000, 0.000000
458.515794, 114.891257, 1.000000, 0.000000
458.574345, 114.850704, 1.000000, 0.000000
458.801883, 114.686215, 1.000000, 0.000000
458.859536, 114.644396, 1.000000, 0.000000
458.917189, 114.602577, 1.000000, 0.000000
458.974842, 114.560758, 1.000000, 0.000000
459.238484, 114.354859, 1.000000, 0.000000
459.296138, 114.313040, 1.000000, 0.000000
459.353791, 114.271221, 1.000000, 0.000000
459.411444, 114.229402, 1.000000, 0.000000
459.682056, 114.033112, 1.000000, 0.000000
459.739709, 113.991293, 1.000000, 0.000000
459.797362, 113.949474, 1.000000, 0.000000
459.855015, 113.907655, 1.000000, 0.000000
460.125627, 113.711365, 1.000000, 0.000000
460.183280, 113.669546, 1.000000, 0.000000
460.240933, 113.627727, 1.000000, 0.000000
460.298586, 113.585908, 1.000000, 0.000000
460.562229, 113.380009, 1.000000, 0.000000
460.626852, 113.347798, 1.000000, 0.000000
460.684505, 113.305979, 1.000000, 0.000000
460.955116, 113.109689, 1.000000, 0.000000
461.012770, 113.067870, 1.000000, 0.000000
461.070423, 113.026051, 1.000000, 0.000000
461.121106, 112.974623, 1.000000, 0.000000
461.391718, 112.778334, 1.000000, 0.000000
461.449371, 112.736515, 1.000000, 0.000000
461.507024, 112.694696, 1.000000, 0.000000
461.564677, 112.652876, 1.000000, 0.000000
461.828319, 112.446977, 1.000000, 0.000000
461.885973, 112.405158, 1.000000, 0.000000
461.943626, 112.363339, 1.000000, 0.000000
461.994309, 112.311911, 1.000000, 0.000000
462.255611, 112.107710, 1.000000, 0.000000
462.313264, 112.065891, 1.000000, 0.000000
462.370917, 112.024072, 1.000000, 0.000000
462.421601, 111.972644, 1.000000, 0.000000
462.686517, 111.780485, 1.000000, 0.000000
462.744170, 111.738666, 1.000000, 0.000000
462.801823, 111.696847, 1.000000, 0.000000
463.056481, 111.497465, 1.000000, 0.000000
463.114134, 111.455646, 1.000000, 0.000000
463.171788, 111.413827, 1.000000, 0.000000
463.222471, 111.362399, 1.000000, 0.000000
463.471273, 111.181928, 1.000000, 0.000000
463.521957, 111.130501, 1.000000, 0.000000
463.579610, 111.088682, 1.000000, 0.000000
463.818307, 110.900877, 1.000000, 0.000000
463.875960, 110.859058, 1.000000, 0.000000
463.926643, 110.807630, 1.000000, 0.000000
463.984296, 110.765811, 1.000000, 0.000000
464.219946, 110.580216, 1.000000, 0.000000
464.270630, 110.528788, 1.000000, 0.000000
464.328283, 110.486969, 1.000000, 0.000000
464.551374, 110.310484, 1.000000, 0.000000
464.602057, 110.259056, 1.000000, 0.000000
464.659710, 110.217237, 1.000000, 0.000000
464.882194, 110.041193, 1.000000, 0.000000
464.932877, 109.989765, 1.000000, 0.000000
464.990530, 109.947946, 1.000000, 0.000000
465.213013, 109.771902, 1.000000, 0.000000
465.270666, 109.730083, 1.000000, 0.000000
465.321350, 109.678655, 1.000000, 0.000000
465.543833, 109.502611, 1.000000, 0.000000
465.601486, 109.460792, 1.000000, 0.000000
465.652169, 109.409364, 1.000000, 0.000000
465.874652, 109.233320, 1.000000, 0.000000
465.932306, 109.191501, 1.000000, 0.000000
465.989959, 109.149682, 1.000000, 0.000000
466.212442, 108.973638, 1.000000, 0.000000
466.270095, 108.931819, 1.000000, 0.000000
466.327748, 108.890000, 1.000000, 0.000000
466.557201, 108.723565, 1.000000, 0.000000
466.600915, 108.662528, 0.000000, 0.000000
466.651598, 108.611100, 0.000000, 0.000000
466.874081, 108.435056, 0.000000, 0.000000
466.924764, 108.383628, 0.000000, 0.000000
466.975448, 108.332201, 0.000000, 0.000000
467.197931, 108.156156, 0.000000, 0.000000
467.248615, 108.104728, 0.000000, 0.000000
467.292328, 108.043692, 0.000000, 0.000000
467.514811, 107.867648, 0.000000, 0.000000
467.565494, 107.816220, 0.000000, 0.000000
467.616178, 107.764792, 0.000000, 0.000000
467.838661, 107.588748, 0.000000, 0.000000
467.889344, 107.537320, 0.000000, 0.000000
467.940027, 107.485892, 0.000000, 0.000000
468.161456, 107.310485, 0.000000, 0.000000
468.212117, 107.259036, 0.000000, 0.000000
468.262779, 107.207587, 0.000000, 0.000000
468.480861, 107.034076, 0.000000, 0.000000
468.531436, 106.982541, 0.000000, 0.000000
468.582010, 106.931006, 0.000000, 0.000000
468.774531, 106.772758, 0.000000, 0.000000
468.824508, 106.720643, 0.000000, 0.000000
468.874484, 106.668527, 0.000000, 0.000000
469.061190, 106.496599, 0.000000, 0.000000
469.110635, 106.443979, 0.000000, 0.000000
471.024010, 108.836367, -1.000000, 0.000000
469.363957, 106.247624, 1.000000, 0.000000
469.412812, 106.194456, 1.000000, 0.000000
469.461667, 106.141288, 1.000000, 0.000000
469.653524, 105.988050, 1.000000, 0.000000
469.701721, 105.934286, 1.000000, 0.000000
469.749919, 105.880521, 1.000000, 0.000000
469.936381, 105.727400, 1.000000, 0.000000
469.983846, 105.672988, 1.000000, 0.000000
470.031310, 105.618575, 1.000000, 0.000000
470.211726, 105.465812, 1.000000, 0.000000
470.258369, 105.410693, 1.000000, 0.000000
470.305011, 105.355574, 1.000000, 0.000000
470.480492, 105.202105, 1.000000, 0.000000
470.526250, 105.146249, 1.000000, 0.000000
470.579829, 105.099324, 1.000000, 0.000000
470.755777, 104.925915, 1.000000, 0.000000
470.808809, 104.878372, 1.000000, 0.000000
470.853917, 104.821990, 1.000000, 0.000000
471.057054, 104.623937, 1.000000, 0.000000
471.102163, 104.567556, 1.000000, 0.000000
471.155195, 104.520013, 1.000000, 0.000000
471.358332, 104.321960, 1.000000, 0.000000
471.411364, 104.274417, 1.000000, 0.000000
471.456472, 104.218036, 1.000000, 0.000000
473.830731, 106.441781, -1.000000, 0.000000
473.883763, 106.394238, -1.000000, 0.000000
473.936795, 106.346695, -1.000000, 0.000000
474.147964, 106.157384, -1.000000, 0.000000
474.200996, 106.109841, -1.000000, 0.000000
474.254028, 106.062298, -1.000000, 0.000000
474.468850, 105.869713, -1.000000, 0.000000
474.521882, 105.822170, -1.000000, 0.000000
474.574914, 105.774627, -1.000000, 0.000000
474.784625, 105.586623, -1.000000, 0.000000
474.837657, 105.539080, -1.000000, 0.000000
474.890689, 105.491537, -1.000000, 0.000000
475.104202, 105.300125, -1.000000, 0.000000
475.157235, 105.252582, -1.000000, 0.000000
475.210267, 105.205039, -1.000000, 0.000000
475.427653, 105.010154, -1.000000, 0.000000
475.480685, 104.962611, -1.000000, 0.000000
475.533717, 104.915069, -1.000000, 0.000000
475.586749, 104.867526, -1.000000, 0.000000
475.808078, 104.669106, -1.000000, 0.000000
475.861110, 104.621564, -1.000000, 0.000000
475.914142, 104.574021, -1.000000, 0.000000
476.139480, 104.372008, -1.000000, 0.000000
476.192512, 104.324465, -1.000000, 0.000000
476.245544, 104.276923, -1.000000, 0.000000
476.465991, 104.079293, -1.000000, 0.000000
476.519024, 104.031750, -1.000000, 0.000000
476.572056, 103.984208, -1.000000, 0.000000
476.792504, 103.786578, -1.000000, 0.000000
476.845536, 103.739035, -1.000000, 0.000000
476.898568, 103.691492, -1.000000, 0.000000
476.951600, 103.643949, -1.000000, 0.000000
477.172048, 103.446320, -1.000000, 0.000000
477.225080, 103.398777, -1.000000, 0.000000
477.278112, 103.351234, -1.000000, 0.000000
477.498560, 103.153605, -1.000000, 0.000000
477.551592, 103.106062, -1.000000, 0.000000
477.604624, 103.058519, -1.000000, 0.000000
477.825072, 102.860890, -1.000000, 0.000000
477.878104, 102.813347, -1.000000, 0.000000
477.931136, 102.765804, -1.000000, 0.000000
477.984168, 102.718261, -1.000000, 0.000000
478.204616, 102.520632, -1.000000, 0.000000
478.257648, 102.473089, -1.000000, 0.000000
478.310680, 102.425546, -1.000000, 0.000000
478.531128, 102.227917, -1.000000, 0.000000
478.584160, 102.180374, -1.000000, 0.000000
478.637192, 102.132831, -1.000000, 0.000000
478.857640, 101.935202, -1.000000, 0.000000
478.910672, 101.887659, -1.000000, 0.000000
478.963704, 101.840116, -1.000000, 0.000000
479.016736, 101.792573, -1.000000, 0.000000
479.237184, 101.594944, -1.000000, 0.000000
479.290216, 101.547401, -1.000000, 0.000000
479.343248, 101.499858, -1.000000, 0.000000
479.563696, 101.302229, -1.000000, 0.000000
479.616728, 101.254686, -1.000000, 0.000000
479.669760, 101.207143, -1.000000, 0.000000
479.890179, 101.009481, -1.000000, 0.000000
479.943202, 100.961928, -1.000000, 0.000000
479.996226, 100.914376, -1.000000, 0.000000
480.049249, 100.866824, -1.000000, 0.000000
480.268188, 100.667545, -1.000000, 0.000000
480.320860, 100.619603, -1.000000, 0.000000
480.373531, 100.571661, -1.000000, 0.000000
480.589423, 100.369089, -1.000000, 0.000000
480.641298, 100.320286, -1.000000, 0.000000
480.693172, 100.271483, -1.000000, 0.000000
480.906067, 100.065764, -1.000000, 0.000000
480.957158, 100.016141, -1.000000, 0.000000
481.008250, 99.966519, -1.000000, 0.000000
481.059341, 99.916897, -1.000000, 0.000000
481.268519, 99.707392, -1.000000, 0.000000
481.318842, 99.656991, -1.000000, 0.000000
481.369165, 99.606589, -1.000000, 0.000000
481.575464, 99.394251, -1.000000, 0.000000
481.625034, 99.343109, -1.000000, 0.000000
481.674604, 99.291966, -1.000000, 0.000000
481.878079, 99.076922, -1.000000, 0.000000
481.926912, 99.025075, -1.000000, 0.000000
481.975744, 98.973228, -1.000000, 0.000000
482.024577, 98.921381, -1.000000, 0.000000
482.224625, 98.703139, -1.000000, 0.000000
482.272751, 98.650636, -1.000000, 0.000000
482.320877, 98.598132, -1.000000, 0.000000
482.520120, 98.379143, -1.000000, 0.000000
482.568034, 98.326446, -1.000000, 0.000000
482.615948, 98.273749, -1.000000, 0.000000
482.815120, 98.054694, -1.000000, 0.000000
482.863033, 98.001997, -1.000000, 0.000000
482.910947, 97.949300, -1.000000, 0.000000
482.958861, 97.896603, -1.000000, 0.000000
483.158033, 97.677549, -1.000000, 0.000000
483.205947, 97.624852, -1.000000, 0.000000
483.253861, 97.572155, -1.000000, 0.000000
483.453032, 97.353101, -1.000000, 0.000000
483.500946, 97.300404, -1.000000, 0.000000
483.548860, 97.247707, -1.000000, 0.000000
483.748032, 97.028652, -1.000000, 0.000000
483.795946, 96.975955, -1.000000, 0.000000
483.843860, 96.923258, -1.000000, 0.000000
483.891774, 96.870561, -1.000000, 0.000000
484.090946, 96.651507, -1.000000, 0.000000
484.138860, 96.598810, -1.000000, 0.000000
484.186773, 96.546113, -1.000000, 0.000000
484.388716, 96.324011, -1.000000, 0.000000
484.436630, 96.271314, -1.000000, 0.000000
484.484544, 96.218617, -1.000000, 0.000000
484.690174, 95.992460, -1.000000, 0.000000
484.738088, 95.939763, -1.000000, 0.000000
484.786002, 95.887066, -1.000000, 0.000000
484.833916, 95.834369, -1.000000, 0.000000
485.043278, 95.604106, -1.000000, 0.000000
485.091192, 95.551409, -1.000000, 0.000000
485.139106, 95.498712, -1.000000, 0.000000
485.344259, 95.273079, -1.000000, 0.000000
485.392173, 95.220382, -1.000000, 0.000000
485.440087, 95.167685, -1.000000, 0.000000
485.649059, 94.937852, -1.000000, 0.000000
485.696973, 94.885155, -1.000000, 0.000000
485.744887, 94.832458, -1.000000, 0.000000
485.792801, 94.779761, -1.000000, 0.000000
486.005633, 94.545683, -1.000000, 0.000000
486.053547, 94.492986, -1.000000, 0.000000
486.101461, 94.440289, -1.000000, 0.000000
486.318192, 94.201922, -1.000000, 0.000000
486.366106, 94.149225, -1.000000, 0.000000
486.414020, 94.096528, -1.000000, 0.000000
486.461934, 94.043831, -1.000000, 0.000000
486.679607, 93.804429, -1.000000, 0.000000
486.727521, 93.751732, -1.000000, 0.000000
486.775435, 93.699035, -1.000000, 0.000000
486.993107, 93.459633, -1.000000, 0.000000
487.041021, 93.406936, -1.000000, 0.000000
487.088935, 93.354239, -1.000000, 0.000000
487.136849, 93.301542, -1.000000, 0.000000
487.354521, 93.062140, -1.000000, 0.000000
487.402435, 93.009443, -1.000000, 0.000000
487.450349, 92.956746, -1.000000, 0.000000
487.668022, 92.717343, -1.000000, 0.000000
487.715936, 92.664646, -1.000000, 0.000000
487.763850, 92.611949, -1.000000, 0.000000
487.811764, 92.559252, -1.000000, 0.000000
488.029437, 92.319850, -1.000000, 0.000000
