318.351886, 104.198156, 1.000000, -1.#QNAN0
318.372524, 104.266324, 1.000000, -1.#QNAN0
318.415884, 104.327612, 1.000000, -1.#QNAN0
318.501824, 104.608251, 1.000000, -1.#QNAN0
318.511364, 104.679824, 1.000000, -1.#QNAN0
318.532252, 104.747915, 1.000000, -1.#QNAN0
318.619160, 105.028106, 1.000000, -1.#QNAN0
318.640293, 105.096122, 1.000000, -1.#QNAN0
318.661425, 105.164138, 1.000000, -1.#QNAN0
318.749263, 105.443850, 1.000000, -1.#QNAN0
318.759310, 105.515353, 1.000000, -1.#QNAN0
318.780680, 105.583295, 1.000000, -1.#QNAN0
318.858123, 105.866178, 1.000000, -1.#QNAN0
318.857103, 105.941247, 1.000000, -1.#QNAN0
318.878705, 106.009115, 1.000000, -1.#QNAN0
318.968376, 106.288051, 1.000000, -1.#QNAN0
318.990204, 106.355847, 1.000000, -1.#QNAN0
319.012032, 106.423642, 1.000000, -1.#QNAN0
319.113570, 106.697856, 1.000000, -1.#QNAN0
319.135596, 106.765587, 1.000000, -1.#QNAN0
319.157623, 106.833319, 1.000000, -1.#QNAN0
319.247416, 107.108215, 1.000000, -1.#QNAN0
319.269543, 107.175914, 1.000000, -1.#QNAN0
319.291671, 107.243612, 1.000000, -1.#QNAN0
319.369280, 107.519262, 1.000000, -1.#QNAN0
319.391408, 107.586960, 1.000000, -1.#QNAN0
319.390969, 107.662034, 1.000000, -1.#QNAN0
319.468578, 107.937684, 1.000000, -1.#QNAN0
319.479423, 108.009070, 1.000000, -1.#QNAN0
319.501550, 108.076769, 1.000000, -1.#QNAN0
319.590443, 108.348731, 1.000000, -1.#QNAN0
319.612570, 108.416429, 1.000000, -1.#QNAN0
319.634698, 108.484128, 1.000000, -1.#QNAN0
319.722820, 108.753734, 1.000000, -1.#QNAN0
319.733665, 108.825120, 1.000000, -1.#QNAN0
319.755792, 108.892819, 1.000000, -1.#QNAN0
319.840710, 109.152621, 1.000000, -1.#QNAN0
319.862838, 109.220319, 1.000000, -1.#QNAN0
319.884966, 109.288017, 1.000000, -1.#QNAN0
319.970372, 109.549315, 1.000000, -1.#QNAN0
319.981217, 109.620702, 1.000000, -1.#QNAN0
320.003344, 109.688400, 1.000000, -1.#QNAN0
320.085558, 109.939928, 1.000000, -1.#QNAN0
320.096402, 110.011314, 1.000000, -1.#QNAN0
320.107247, 110.082701, 1.000000, -1.#QNAN0
320.178678, 110.339449, 1.000000, -1.#QNAN0
320.200806, 110.407147, 1.000000, -1.#QNAN0
320.269057, 110.654167, 1.000000, -1.#QNAN0
320.291184, 110.721865, 1.000000, -1.#QNAN0
320.302029, 110.793252, 1.000000, -1.#QNAN0
320.378390, 111.026876, 1.000000, -1.#QNAN0
320.400518, 111.094574, 1.000000, -1.#QNAN0
320.422646, 111.162273, 1.000000, -1.#QNAN0
320.500289, 111.399820, 1.000000, -1.#QNAN0
320.522417, 111.467518, 1.000000, -1.#QNAN0
320.600060, 111.705065, 1.000000, -1.#QNAN0
320.610905, 111.776452, 1.000000, -1.#QNAN0
320.633033, 111.844150, 1.000000, -1.#QNAN0
320.710676, 112.081697, 1.000000, -1.#QNAN0
320.721521, 112.153083, 1.000000, -1.#QNAN0
320.799164, 112.390630, 1.000000, -1.#QNAN0
320.810009, 112.462016, 1.000000, -1.#QNAN0
320.832136, 112.529715, 1.000000, -1.#QNAN0
320.898497, 112.770950, 1.000000, -1.#QNAN0
320.920625, 112.838648, 1.000000, -1.#QNAN0
320.998268, 113.076195, 1.000000, -1.#QNAN0
321.020396, 113.143893, 1.000000, -1.#QNAN0
321.042523, 113.211592, 1.000000, -1.#QNAN0
321.120167, 113.449139, 1.000000, -1.#QNAN0
321.142294, 113.516837, 1.000000, -1.#QNAN0
321.219938, 113.754384, 1.000000, -1.#QNAN0
321.242066, 113.822083, 1.000000, -1.#QNAN0
321.275476, 113.886093, 1.000000, -1.#QNAN0
321.364403, 114.119952, 1.000000, -1.#QNAN0
321.386531, 114.187650, 1.000000, -1.#QNAN0
321.464174, 114.425197, 1.000000, -1.#QNAN0
321.497585, 114.489208, 1.000000, -1.#QNAN0
321.519712, 114.556906, 1.000000, -1.#QNAN0
321.619922, 114.787077, 1.000000, -1.#QNAN0
321.642050, 114.854776, 1.000000, -1.#QNAN0
321.730976, 115.088635, 1.000000, -1.#QNAN0
321.753104, 115.156333, 1.000000, -1.#QNAN0
321.775232, 115.224032, 1.000000, -1.#QNAN0
321.864158, 115.457890, 1.000000, -1.#QNAN0
321.886286, 115.525589, 1.000000, -1.#QNAN0
321.975213, 115.759448, 1.000000, -1.#QNAN0
321.997340, 115.827146, 1.000000, -1.#QNAN0
322.019468, 115.894845, 1.000000, -1.#QNAN0
322.097547, 116.133349, 1.000000, -1.#QNAN0
322.119707, 116.201037, 1.000000, -1.#QNAN0
322.210334, 116.438485, 1.000000, -1.#QNAN0
322.232620, 116.506131, 1.000000, -1.#QNAN0
322.254905, 116.573778, 1.000000, -1.#QNAN0
322.326768, 116.825590, 1.000000, -1.#QNAN0
322.349423, 116.893114, 1.000000, -1.#QNAN0
322.434605, 117.142757, 1.000000, -1.#QNAN0
322.457696, 117.210133, 1.000000, -1.#QNAN0
322.469556, 117.281358, 1.000000, -1.#QNAN0
322.556192, 117.529611, 1.000000, -1.#QNAN0
322.579688, 117.596847, 1.000000, -1.#QNAN0
322.668059, 117.845594, 1.000000, -1.#QNAN0
322.680812, 117.916664, 1.000000, -1.#QNAN0
322.704745, 117.983746, 1.000000, -1.#QNAN0
322.795495, 118.232953, 1.000000, -1.#QNAN0
322.819900, 118.299864, 1.000000, -1.#QNAN0
322.901610, 118.553830, 1.000000, -1.#QNAN0
322.926526, 118.620553, 1.000000, -1.#QNAN0
322.940321, 118.691429, 1.000000, -1.#QNAN0
323.034809, 118.939492, 1.000000, -1.#QNAN0
323.060196, 119.006037, 1.000000, -1.#QNAN0
323.141317, 119.250361, 1.000000, -1.#QNAN0
323.166889, 119.316835, 1.000000, -1.#QNAN0
323.192461, 119.383309, 1.000000, -1.#QNAN0
323.269990, 119.617903, 1.000000, -1.#QNAN0
323.295562, 119.684377, 1.000000, -1.#QNAN0
323.386935, 119.921898, 1.000000, -1.#QNAN0
323.401428, 119.992634, 1.000000, -1.#QNAN0
323.427000, 120.059108, 1.000000, -1.#QNAN0
323.521168, 120.303895, 1.000000, -1.#QNAN0
323.535661, 120.374631, 1.000000, -1.#QNAN0
323.561234, 120.441104, 1.000000, -1.#QNAN0
323.653964, 120.682153, 1.000000, -1.#QNAN0
323.668457, 120.752889, 1.000000, -1.#QNAN0
323.694029, 120.819362, 1.000000, -1.#QNAN0
323.778530, 121.072083, 1.000000, -1.#QNAN0
323.804103, 121.138557, 1.000000, -1.#QNAN0
323.902559, 121.394491, 1.000000, -1.#QNAN0
323.928131, 121.460965, 1.000000, -1.#QNAN0
323.942624, 121.531701, 1.000000, -1.#QNAN0
324.039282, 121.782959, 1.000000, -1.#QNAN0
324.064854, 121.849433, 1.000000, -1.#QNAN0
324.090426, 121.915907, 1.000000, -1.#QNAN0
324.176005, 122.171427, 1.000000, -1.#QNAN0
324.201577, 122.237901, 1.000000, -1.#QNAN0
324.216070, 122.308637, 1.000000, -1.#QNAN0
324.323807, 122.555633, 1.000000, -1.#QNAN0
324.338300, 122.626369, 1.000000, -1.#QNAN0
324.363872, 122.692843, 1.000000, -1.#QNAN0
324.449450, 122.948362, 1.000000, -1.#QNAN0
324.475022, 123.014836, 1.000000, -1.#QNAN0
324.500595, 123.081310, 1.000000, -1.#QNAN0
324.597252, 123.332569, 1.000000, -1.#QNAN0
324.622824, 123.399042, 1.000000, -1.#QNAN0
324.648397, 123.465516, 1.000000, -1.#QNAN0
324.745054, 123.716774, 1.000000, -1.#QNAN0
324.770626, 123.783248, 1.000000, -1.#QNAN0
324.796198, 123.849722, 1.000000, -1.#QNAN0
324.892856, 124.100980, 1.000000, -1.#QNAN0
324.929507, 124.163192, 1.000000, -1.#QNAN0
324.944000, 124.233928, 1.000000, -1.#QNAN0
325.040658, 124.485186, 1.000000, -1.#QNAN0
325.066230, 124.551660, 1.000000, -1.#QNAN0
325.091802, 124.618134, 1.000000, -1.#QNAN0
325.188460, 124.869392, 1.000000, -1.#QNAN0
325.214032, 124.935866, 1.000000, -1.#QNAN0
325.228525, 125.006602, 1.000000, -1.#QNAN0
325.336262, 125.253598, 1.000000, -1.#QNAN0
325.361834, 125.320072, 1.000000, -1.#QNAN0
325.376327, 125.390808, 1.000000, -1.#QNAN0
325.472984, 125.642066, 1.000000, -1.#QNAN0
325.498557, 125.708540, 1.000000, -1.#QNAN0
325.513050, 125.779276, 1.000000, -1.#QNAN0
325.609707, 126.030534, 1.000000, -1.#QNAN0
325.635279, 126.097008, 1.000000, -1.#QNAN0
325.660852, 126.163482, 1.000000, -1.#QNAN0
325.746308, 126.418755, 1.000000, -1.#QNAN0
325.760793, 126.489493, 1.000000, -1.#QNAN0
325.775278, 126.560231, 1.000000, -1.#QNAN0
325.855331, 126.804588, 1.000000, -1.#QNAN0
325.869448, 126.875400, 1.000000, -1.#QNAN0
325.883566, 126.946212, 1.000000, -1.#QNAN0
325.960538, 127.159487, 1.000000, -1.#QNAN0
325.973405, 127.230537, 1.000000, -1.#QNAN0
325.986273, 127.301587, 1.000000, -1.#QNAN0
326.049158, 127.521993, 1.000000, -1.#QNAN0
326.060848, 127.593246, 1.000000, -1.#QNAN0
326.072538, 127.664499, 1.000000, -1.#QNAN0
326.132547, 127.887635, 1.000000, -1.#QNAN0
326.154424, 127.955415, 1.000000, -1.#QNAN0
326.165004, 128.026841, 1.000000, -1.#QNAN0
326.233647, 128.249206, 1.000000, -1.#QNAN0
326.254529, 128.317299, 1.000000, -1.#QNAN0
326.264063, 128.388872, 1.000000, -1.#QNAN0
326.330182, 128.614069, 1.000000, -1.#QNAN0
326.350125, 128.682443, 1.000000, -1.#QNAN0
326.358672, 128.754141, 1.000000, -1.#QNAN0
326.423279, 128.984445, 1.000000, -1.#QNAN0
326.442405, 129.053052, 1.000000, -1.#QNAN0
326.450097, 129.124846, 1.000000, -1.#QNAN0
326.518279, 129.373144, 1.000000, -1.#QNAN0
326.537088, 129.441839, 1.000000, -1.#QNAN0
326.544447, 129.513668, 1.000000, -1.#QNAN0
326.626987, 129.770185, 1.000000, -1.#QNAN0
326.622897, 129.845149, 1.000000, -1.#QNAN0
326.641705, 129.913844, 1.000000, -1.#QNAN0
326.712796, 130.173496, 1.000000, -1.#QNAN0
326.720155, 130.245325, 1.000000, -1.#QNAN0
326.727514, 130.317155, 1.000000, -1.#QNAN0
326.800691, 130.584423, 1.000000, -1.#QNAN0
326.808050, 130.656252, 1.000000, -1.#QNAN0
326.815409, 130.728082, 1.000000, -1.#QNAN0
326.873280, 130.984399, 1.000000, -1.#QNAN0
326.880639, 131.056229, 1.000000, -1.#QNAN0
326.887998, 131.128058, 1.000000, -1.#QNAN0
326.930574, 131.373464, 1.000000, -1.#QNAN0
326.937933, 131.445293, 1.000000, -1.#QNAN0
326.976676, 131.676700, 1.000000, -1.#QNAN0
326.984035, 131.748529, 1.000000, -1.#QNAN0
326.991394, 131.820359, 1.000000, -1.#QNAN0
327.026320, 132.037826, 1.000000, -1.#QNAN0
327.022230, 132.112790, 1.000000, -1.#QNAN0
327.064811, 132.313261, 1.000000, -1.#QNAN0
327.060721, 132.388225, 1.000000, -1.#QNAN0
327.088084, 132.578070, 1.000000, -1.#QNAN0
327.095443, 132.649900, 1.000000, -1.#QNAN0
327.131553, 132.826737, 1.000000, -1.#QNAN0
327.167663, 133.003575, 1.000000, -1.#QNAN0
327.175022, 133.075404, 1.000000, -1.#QNAN0
327.211132, 133.252241, 1.000000, -1.#QNAN0
327.218491, 133.324071, 1.000000, -1.#QNAN0
327.254600, 133.500908, 1.000000, -1.#QNAN0
327.302159, 133.674611, 1.000000, -1.#QNAN0
327.320967, 133.743306, 1.000000, -1.#QNAN0
327.357077, 133.920144, 1.000000, -1.#QNAN0
327.375885, 133.988838, 1.000000, -1.#QNAN0
327.411995, 134.165676, 1.000000, -1.#QNAN0
327.459554, 134.339379, 1.000000, -1.#QNAN0
327.466913, 134.411208, 1.000000, -1.#QNAN0
327.503022, 134.588046, 1.000000, -1.#QNAN0
327.498932, 134.663010, 1.000000, -1.#QNAN0
327.535042, 134.839847, 1.000000, -1.#QNAN0
327.559703, 135.019820, 1.000000, -1.#QNAN0
327.567062, 135.091649, 1.000000, -1.#QNAN0
327.603171, 135.268486, 1.000000, -1.#QNAN0
327.610530, 135.340316, 1.000000, -1.#QNAN0
327.646640, 135.517153, 1.000000, -1.#QNAN0
327.671300, 135.697126, 1.000000, -1.#QNAN0
327.678660, 135.768955, 1.000000, -1.#QNAN0
327.726218, 135.942658, 1.000000, -1.#QNAN0
327.733577, 136.014487, 1.000000, -1.#QNAN0
327.769687, 136.191325, 1.000000, -1.#QNAN0
327.817246, 136.365028, 1.000000, -1.#QNAN0
327.836054, 136.433722, 1.000000, -1.#QNAN0
327.883613, 136.607425, 1.000000, -1.#QNAN0
327.913870, 136.672985, 1.000000, -1.#QNAN0
327.972878, 136.843553, 1.000000, -1.#QNAN0
328.043335, 137.010987, 1.000000, -1.#QNAN0
328.085042, 137.073412, 1.000000, -1.#QNAN0
328.166948, 137.237711, 1.000000, -1.#QNAN0
328.220103, 137.297001, 1.000000, -1.#QNAN0
328.302010, 137.461300, 1.000000, -1.#QNAN0
328.383916, 137.625599, 1.000000, -1.#QNAN0
328.425622, 137.688024, 1.000000, -1.#QNAN0
328.507915, 137.853735, 1.000000, -1.#QNAN0
328.561071, 137.913025, 1.000000, -1.#QNAN0
328.646131, 138.088834, 1.000000, -1.#QNAN0
328.732216, 138.267661, 1.000000, -1.#QNAN0
328.785449, 138.326881, 1.000000, -1.#QNAN0
328.877383, 138.524136, 1.000000, -1.#QNAN0
328.942283, 138.579951, 1.000000, -1.#QNAN0
329.036923, 138.782242, 1.000000, -1.#QNAN0
329.090729, 138.840943, 1.000000, -1.#QNAN0
329.194818, 139.067463, 1.000000, -1.#QNAN0
329.249253, 139.125581, 1.000000, -1.#QNAN0
329.367177, 139.348012, 1.000000, -1.#QNAN0
329.422203, 139.405571, 1.000000, -1.#QNAN0
329.533949, 139.637672, 1.000000, -1.#QNAN0
329.578453, 139.698135, 1.000000, -1.#QNAN0
329.696711, 139.937386, 1.000000, -1.#QNAN0
329.753517, 139.993189, 1.000000, -1.#QNAN0
329.799095, 140.052846, 1.000000, -1.#QNAN0
329.930136, 140.305286, 1.000000, -1.#QNAN0
329.977281, 140.363713, 1.000000, -1.#QNAN0
330.108318, 140.600476, 1.000000, -1.#QNAN0
330.167704, 140.653525, 1.000000, -1.#QNAN0
330.294087, 140.843107, 1.000000, -1.#QNAN0
330.353473, 140.896156, 1.000000, -1.#QNAN0
330.401827, 140.953587, 1.000000, -1.#QNAN0
330.506145, 141.151932, 1.000000, -1.#QNAN0
330.565531, 141.204981, 1.000000, -1.#QNAN0
330.680882, 141.398945, 1.000000, -1.#QNAN0
330.740268, 141.451994, 1.000000, -1.#QNAN0
330.844586, 141.650340, 1.000000, -1.#QNAN0
330.881908, 141.712152, 1.000000, -1.#QNAN0
330.941294, 141.765201, 1.000000, -1.#QNAN0
331.056644, 141.959165, 1.000000, -1.#QNAN0
331.104998, 142.016595, 1.000000, -1.#QNAN0
331.220349, 142.210559, 1.000000, -1.#QNAN0
331.268702, 142.267990, 1.000000, -1.#QNAN0
331.373021, 142.466335, 1.000000, -1.#QNAN0
331.410342, 142.528147, 1.000000, -1.#QNAN0
331.469728, 142.581197, 1.000000, -1.#QNAN0
331.596111, 142.770779, 1.000000, -1.#QNAN0
331.666530, 142.819446, 1.000000, -1.#QNAN0
331.770848, 143.017792, 1.000000, -1.#QNAN0
331.808169, 143.079604, 1.000000, -1.#QNAN0
331.890423, 143.286712, 1.000000, -1.#QNAN0
331.916713, 143.352906, 0.000000, -1.#QNAN0
331.943002, 143.419100, 0.000000, -1.#QNAN0
332.014223, 143.630589, 0.000000, -1.#QNAN0
332.040512, 143.696783, 0.000000, -1.#QNAN0
332.122766, 143.903891, 0.000000, -1.#QNAN0
332.138023, 143.974467, 0.000000, -1.#QNAN0
332.220277, 144.181575, 0.000000, -1.#QNAN0
332.246566, 144.247769, 0.000000, -1.#QNAN0
332.261823, 144.318344, 0.000000, -1.#QNAN0
332.344077, 144.525452, 0.000000, -1.#QNAN0
332.370366, 144.591646, 0.000000, -1.#QNAN0
332.452620, 144.798754, 0.000000, -1.#QNAN0
332.467877, 144.869329, 0.000000, -1.#QNAN0
332.555412, 145.086384, 0.000000, -1.#QNAN0
332.582184, 145.152383, 0.000000, -1.#QNAN0
332.597957, 145.222845, 0.000000, -1.#QNAN0
332.749441, 145.536832, 0.000000, -1.#QNAN0
332.781510, 145.600427, 0.000000, -1.#QNAN0
332.953491, 145.898248, 0.000000, -1.#QNAN0
332.980310, 145.965288, 0.000000, -1.#QNAN0
333.159739, 146.234169, 0.000000, -1.#QNAN0
333.200563, 146.292530, 0.000000, -1.#QNAN0
333.231661, 146.357696, 0.000000, -1.#QNAN0
333.422054, 146.605045, 0.000000, -1.#QNAN0
333.466050, 146.661055, 0.000000, -1.#QNAN0
333.643067, 146.870537, 0.000000, -1.#QNAN0
333.680583, 146.932231, 0.000000, -1.#QNAN0
333.841810, 147.110245, 0.000000, -1.#QNAN0
333.889942, 147.162743, 0.000000, -1.#QNAN0
334.013927, 147.311486, 0.000000, -1.#QNAN0
334.122910, 147.426808, 0.000000, -1.#QNAN0
334.216372, 147.525706, 0.000000, -1.#QNAN0
334.285706, 147.616355, 0.000000, -1.#QNAN0
334.362732, 147.697861, 0.000000, -1.#QNAN0
334.467864, 147.809109, 0.000000, -1.#QNAN0
334.572997, 147.920357, 0.000000, -1.#QNAN0
334.669501, 148.039758, 0.000000, -1.#QNAN0
334.774634, 148.151005, 0.000000, -1.#QNAN0
334.879766, 148.262253, 0.000000, -1.#QNAN0
334.976271, 148.381654, 0.000000, -1.#QNAN0
335.081404, 148.492901, 0.000000, -1.#QNAN0
335.186536, 148.604149, 0.000000, -1.#QNAN0
335.291669, 148.715397, 0.000000, -1.#QNAN0
335.388174, 148.834798, 0.000000, -1.#QNAN0
335.493306, 148.946045, 0.000000, -1.#QNAN0
335.593382, 149.051942, 0.000000, -1.#QNAN0
335.691274, 149.172810, 0.000000, -1.#QNAN0
335.776391, 149.262879, 0.000000, -1.#QNAN0
335.859019, 149.350312, 0.000000, -1.#QNAN0
335.985144, 149.483774, 0.000000, -1.#QNAN0
336.062864, 149.583297, 0.000000, -1.#QNAN0
336.149211, 149.674667, 0.000000, -1.#QNAN0
336.235559, 149.766037, 0.000000, -1.#QNAN0
336.313279, 149.865561, 0.000000, -1.#QNAN0
336.399627, 149.956931, 0.000000, -1.#QNAN0
336.485974, 150.048301, 0.000000, -1.#QNAN0
336.563694, 150.147824, 0.000000, -1.#QNAN0
336.650042, 150.239194, 0.000000, -1.#QNAN0
336.736389, 150.330564, 0.000000, -1.#QNAN0
336.822737, 150.421935, 0.000000, -1.#QNAN0
336.900457, 150.521458, 0.000000, -1.#QNAN0
336.986805, 150.612828, 0.000000, -1.#QNAN0
337.073152, 150.704198, 0.000000, -1.#QNAN0
337.150873, 150.803722, 0.000000, -1.#QNAN0
337.237220, 150.895092, 0.000000, -1.#QNAN0
337.323568, 150.986462, 0.000000, -1.#QNAN0
337.409915, 151.077832, 0.000000, -1.#QNAN0
337.487635, 151.177355, 0.000000, -1.#QNAN0
337.573983, 151.268725, 0.000000, -1.#QNAN0
337.660331, 151.360096, 0.000000, -1.#QNAN0
337.738051, 151.459619, 0.000000, -1.#QNAN0
337.824398, 151.550989, 0.000000, -1.#QNAN0
337.910746, 151.642359, 0.000000, -1.#QNAN0
337.997032, 151.733664, 0.000000, -1.#QNAN0
338.066266, 151.824208, 0.000000, -1.#QNAN0
338.143922, 151.906381, 0.000000, -1.#QNAN0
338.233832, 152.001520, 0.000000, -1.#QNAN0
338.300151, 152.088980, 0.000000, -1.#QNAN0
338.388571, 152.182542, 0.000000, -1.#QNAN0
338.476990, 152.276105, 0.000000, -1.#QNAN0
338.556783, 152.377822, 0.000000, -1.#QNAN0
338.645202, 152.471384, 0.000000, -1.#QNAN0
338.734497, 152.565820, 0.000000, -1.#QNAN0
338.822982, 152.659321, 0.000000, -1.#QNAN0
338.903899, 152.762055, 0.000000, -1.#QNAN0
338.997404, 152.860313, 0.000000, -1.#QNAN0
339.089839, 152.957348, 0.000000, -1.#QNAN0
339.155691, 153.043246, 0.000000, -1.#QNAN0
339.266937, 153.158999, 0.000000, -1.#QNAN0
339.356398, 153.251409, 0.000000, -1.#QNAN0
339.487256, 153.385261, 0.000000, -1.#QNAN0
339.572894, 153.488361, 0.000000, -1.#QNAN0
339.732307, 153.643584, 0.000000, -1.#QNAN0
339.849283, 153.751678, 0.000000, -1.#QNAN0
339.969837, 153.877974, 0.000000, -1.#QNAN0
340.060403, 153.960770, 0.000000, -1.#QNAN0
340.188967, 154.078304, 0.000000, -1.#QNAN0
340.279533, 154.161100, 0.000000, -1.#QNAN0
340.400087, 154.287396, 0.000000, -1.#QNAN0
340.490653, 154.370191, 0.000000, -1.#QNAN0
340.619217, 154.487726, 0.000000, -1.#QNAN0
340.701773, 154.579283, 0.000000, -1.#QNAN0
340.830338, 154.696817, 0.000000, -1.#QNAN0
340.920903, 154.779613, 0.000000, -1.#QNAN0
341.048278, 154.911626, 0.000000, -1.#QNAN0
341.275314, 155.094650, 0.000000, -1.#QNAN0
341.884552, 155.417602, 0.000000, -1.#QNAN0
342.175319, 155.508224, 0.000000, -1.#QNAN0
342.425720, 155.573483, 0.000000, -1.#QNAN0
342.663699, 155.605646, 0.000000, -1.#QNAN0
342.927682, 155.624840, 0.000000, -1.#QNAN0
343.043579, 155.643557, 0.000000, -1.#QNAN0
343.160174, 155.650425, 0.000000, -1.#QNAN0
343.276769, 155.657292, 0.000000, -1.#QNAN0
343.393364, 155.664159, 0.000000, -1.#QNAN0
343.554756, 155.685556, 0.000000, -1.#QNAN0
343.671351, 155.692423, 0.000000, -1.#QNAN0
343.787946, 155.699291, 0.000000, -1.#QNAN0
343.903843, 155.718008, 0.000000, -1.#QNAN0
344.020438, 155.724875, 0.000000, -1.#QNAN0
344.182528, 155.734422, 0.000000, -1.#QNAN0
344.299123, 155.741289, 0.000000, -1.#QNAN0
344.415020, 155.760006, 0.000000, -1.#QNAN0
344.531615, 155.766874, 0.000000, -1.#QNAN0
344.648210, 155.773741, 0.000000, -1.#QNAN0
344.809602, 155.795138, 0.000000, -1.#QNAN0
344.926197, 155.802005, 0.000000, -1.#QNAN0
345.042792, 155.808872, 0.000000, -1.#QNAN0
345.158689, 155.827590, 0.000000, -1.#QNAN0
345.275284, 155.834457, 0.000000, -1.#QNAN0
345.463753, 155.845557, 0.000000, -1.#QNAN0
345.609846, 155.854162, 0.000000, -1.#QNAN0
345.768778, 155.874897, 0.000000, -1.#QNAN0
345.839899, 155.878699, 0.000000, -1.#QNAN0
346.054642, 155.884275, 0.000000, -1.#QNAN0
346.374684, 155.885718, 0.000000, -1.#QNAN0
346.965192, 155.777480, 0.000000, -1.#QNAN0
347.033678, 155.757924, 0.000000, -1.#QNAN0
347.346890, 155.648213, 0.000000, -1.#QNAN0
347.513274, 155.598419, 0.000000, -1.#QNAN0
347.579951, 155.573383, 0.000000, -1.#QNAN0
347.742162, 155.512476, 0.000000, -1.#QNAN0
347.908546, 155.462683, 0.000000, -1.#QNAN0
347.975223, 155.437647, 0.000000, -1.#QNAN0
348.037622, 155.420468, 0.000000, -1.#QNAN0
348.045687, 155.421686, 0.000000, -1.#QNAN0
348.117781, 155.417662, 0.000000, -1.#QNAN0
348.227825, 155.397070, 0.000000, -1.#QNAN0
348.389122, 155.366588, 0.000000, -1.#QNAN0
348.461313, 155.365113, 0.000000, -1.#QNAN0
348.631606, 155.333142, 0.000000, -1.#QNAN0
348.801900, 155.301171, 0.000000, -1.#QNAN0
348.874091, 155.299696, 0.000000, -1.#QNAN0
349.044384, 155.267726, 0.000000, -1.#QNAN0
349.214678, 155.235755, 0.000000, -1.#QNAN0
349.284678, 155.222613, 0.000000, -1.#QNAN0
349.457162, 155.202309, 0.000000, -1.#QNAN0
349.627456, 155.170338, 0.000000, -1.#QNAN0
349.697456, 155.157196, 0.000000, -1.#QNAN0
349.869940, 155.136892, 0.000000, -1.#QNAN0
350.040234, 155.104921, 0.000000, -1.#QNAN0
350.110234, 155.091780, 0.000000, -1.#QNAN0
350.280528, 155.059809, 0.000000, -1.#QNAN0
350.455390, 155.038904, 0.000000, -1.#QNAN0
350.525374, 155.025679, 0.000000, -1.#QNAN0
350.743102, 154.979998, 0.000000, -1.#QNAN0
350.973836, 154.938041, 0.000000, -1.#QNAN0
351.043011, 154.921085, 0.000000, -1.#QNAN0
351.266473, 154.860786, 0.000000, -1.#QNAN0
351.465519, 154.803584, 0.000000, -1.#QNAN0
351.537207, 154.794955, 0.000000, -1.#QNAN0
351.704855, 154.745826, 0.000000, -1.#QNAN0
351.875579, 154.695795, 0.000000, -1.#QNAN0
351.947266, 154.687156, 0.000000, -1.#QNAN0
352.121385, 154.636130, 0.000000, -1.#QNAN0
352.287548, 154.587434, 0.000000, -1.#QNAN0
352.359235, 154.578796, 0.000000, -1.#QNAN0
352.528873, 154.529082, 0.000000, -1.#QNAN0
352.597222, 154.509052, 0.000000, -1.#QNAN0
352.770373, 154.458309, 0.000000, -1.#QNAN0
352.950410, 154.417918, 0.000000, -1.#QNAN0
353.018758, 154.397888, 0.000000, -1.#QNAN0
353.197853, 154.345403, 0.000000, -1.#QNAN0
353.269540, 154.336765, 0.000000, -1.#QNAN0
353.448635, 154.284280, 0.000000, -1.#QNAN0
353.627730, 154.231795, 0.000000, -1.#QNAN0
353.696078, 154.211765, 0.000000, -1.#QNAN0
353.892506, 154.165329, 0.000000, -1.#QNAN0
353.960713, 154.144822, 0.000000, -1.#QNAN0
354.156418, 154.084235, 0.000000, -1.#QNAN0
354.348850, 154.036205, 0.000000, -1.#QNAN0
354.416767, 154.014755, 0.000000, -1.#QNAN0
354.601594, 153.955783, 0.000000, -1.#QNAN0
354.669436, 153.934100, 0.000000, -1.#QNAN0
354.856247, 153.886316, 0.000000, -1.#QNAN0
355.034950, 153.828587, 0.000000, -1.#QNAN0
355.102721, 153.806684, 0.000000, -1.#QNAN0
355.283954, 153.760585, 0.000000, -1.#QNAN0
355.351725, 153.738682, 0.000000, -1.#QNAN0
355.529308, 153.681288, 0.000000, -1.#QNAN0
355.706890, 153.623894, 0.000000, -1.#QNAN0
355.778312, 153.613285, 0.000000, -1.#QNAN0
355.955895, 153.555891, 0.000000, -1.#QNAN0
356.023666, 153.533988, 0.000000, -1.#QNAN0
356.204899, 153.487889, 0.000000, -1.#QNAN0
356.382482, 153.430495, 0.000000, -1.#QNAN0
356.450253, 153.408591, 0.000000, -1.#QNAN0
356.631486, 153.362493, 0.000000, -1.#QNAN0
356.699257, 153.340589, 0.000000, -1.#QNAN0
356.876840, 153.283195, 0.000000, -1.#QNAN0
357.054422, 153.225801, 0.000000, -1.#QNAN0
357.125844, 153.215193, 0.000000, -1.#QNAN0
357.303427, 153.157799, 0.000000, -1.#QNAN0
357.371198, 153.135895, 0.000000, -1.#QNAN0
357.552431, 153.089796, 0.000000, -1.#QNAN0
357.730014, 153.032402, 0.000000, -1.#QNAN0
357.797785, 153.010499, 0.000000, -1.#QNAN0
357.975367, 152.953105, 0.000000, -1.#QNAN0
358.046789, 152.942497, 0.000000, -1.#QNAN0
358.224372, 152.885103, 0.000000, -1.#QNAN0
358.403385, 152.827246, 0.000000, -1.#QNAN0
358.474807, 152.816638, 0.000000, -1.#QNAN0
358.658159, 152.757379, 0.000000, -1.#QNAN0
358.725930, 152.735476, 0.000000, -1.#QNAN0
358.902328, 152.678464, 0.000000, -1.#QNAN0
359.086720, 152.631345, 0.000000, -1.#QNAN0
359.154491, 152.609441, 0.000000, -1.#QNAN0
359.345908, 152.547102, 0.000000, -1.#QNAN0
359.417298, 152.536280, 0.000000, -1.#QNAN0
358.898434, 150.305828, -1.000000, -1.#QNAN0
359.702376, 152.439654, 1.000000, -1.#QNAN0
359.934081, 152.356565, 1.000000, -1.#QNAN0
359.996996, 152.321135, 1.000000, -1.#QNAN0
360.225644, 152.234470, 1.000000, -1.#QNAN0
360.292191, 152.209087, 1.000000, -1.#QNAN0
360.516450, 152.119883, 1.000000, -1.#QNAN0
360.738189, 152.028834, 1.000000, -1.#QNAN0
360.803949, 152.001477, 1.000000, -1.#QNAN0
361.017065, 151.910777, 1.000000, -1.#QNAN0
361.082520, 151.882700, 1.000000, -1.#QNAN0
361.272273, 151.787969, 1.000000, -1.#QNAN0
361.337666, 151.759746, 1.000000, -1.#QNAN0
361.522759, 151.666934, 1.000000, -1.#QNAN0
361.588152, 151.638712, 1.000000, -1.#QNAN0
361.777949, 151.556798, 1.000000, -1.#QNAN0
361.838638, 151.517677, 1.000000, -1.#QNAN0
362.028436, 151.435763, 1.000000, -1.#QNAN0
362.218233, 151.353850, 1.000000, -1.#QNAN0
362.283625, 151.325627, 1.000000, -1.#QNAN0
362.473422, 151.243714, 1.000000, -1.#QNAN0
362.538815, 151.215491, 1.000000, -1.#QNAN0
362.728613, 151.133578, 1.000000, -1.#QNAN0
362.794005, 151.105355, 1.000000, -1.#QNAN0
362.983802, 151.023442, 1.000000, -1.#QNAN0
363.049195, 150.995219, 1.000000, -1.#QNAN0
363.238992, 150.913306, 1.000000, -1.#QNAN0
363.304385, 150.885083, 1.000000, -1.#QNAN0
363.494182, 150.803170, 1.000000, -1.#QNAN0
363.683979, 150.721256, 1.000000, -1.#QNAN0
363.754076, 150.703933, 1.000000, -1.#QNAN0
363.943873, 150.622019, 1.000000, -1.#QNAN0
364.009266, 150.593797, 1.000000, -1.#QNAN0
364.199063, 150.511883, 1.000000, -1.#QNAN0
364.264456, 150.483661, 1.000000, -1.#QNAN0
364.449549, 150.390848, 1.000000, -1.#QNAN0
364.514942, 150.362626, 1.000000, -1.#QNAN0
364.704739, 150.280712, 1.000000, -1.#QNAN0
364.770132, 150.252490, 1.000000, -1.#QNAN0
364.959929, 150.170576, 1.000000, -1.#QNAN0
365.145022, 150.077764, 1.000000, -1.#QNAN0
365.210415, 150.049542, 1.000000, -1.#QNAN0
365.395508, 149.956729, 1.000000, -1.#QNAN0
365.456197, 149.917608, 1.000000, -1.#QNAN0
365.641291, 149.824796, 1.000000, -1.#QNAN0
365.701980, 149.785675, 1.000000, -1.#QNAN0
365.886736, 149.693124, 1.000000, -1.#QNAN0
365.947448, 149.654038, 1.000000, -1.#QNAN0
366.124854, 149.578144, 1.000000, -1.#QNAN0
366.185673, 149.539225, 1.000000, -1.#QNAN0
366.364284, 149.463610, 1.000000, -1.#QNAN0
366.434502, 149.446785, 1.000000, -1.#QNAN0
366.616695, 149.370430, 1.000000, -1.#QNAN0
366.682387, 149.342911, 1.000000, -1.#QNAN0
366.868061, 149.265867, 1.000000, -1.#QNAN0
366.933849, 149.238579, 1.000000, -1.#QNAN0
367.123008, 149.160857, 1.000000, -1.#QNAN0
367.193401, 149.144778, 1.000000, -1.#QNAN0
367.386928, 149.065929, 1.000000, -1.#QNAN0
367.452889, 149.039063, 1.000000, -1.#QNAN0
367.651692, 148.958429, 1.000000, -1.#QNAN0
367.717695, 148.931663, 1.000000, -1.#QNAN0
367.924011, 148.860808, 1.000000, -1.#QNAN0
367.994474, 148.845043, 1.000000, -1.#QNAN0
368.196330, 148.763188, 1.000000, -1.#QNAN0
368.266793, 148.747423, 1.000000, -1.#QNAN0
368.468648, 148.665568, 1.000000, -1.#QNAN0
368.539112, 148.649803, 1.000000, -1.#QNAN0
368.740967, 148.567947, 1.000000, -1.#QNAN0
368.811430, 148.552182, 1.000000, -1.#QNAN0
369.013285, 148.470327, 1.000000, -1.#QNAN0
369.083749, 148.454562, 1.000000, -1.#QNAN0
369.285604, 148.372706, 1.000000, -1.#QNAN0
369.356067, 148.356942, 1.000000, -1.#QNAN0
369.557923, 148.275086, 1.000000, -1.#QNAN0
369.628386, 148.259321, 1.000000, -1.#QNAN0
369.834702, 148.188466, 1.000000, -1.#QNAN0
369.900705, 148.161701, 1.000000, -1.#QNAN0
370.102560, 148.079845, 1.000000, -1.#QNAN0
370.173023, 148.064081, 1.000000, -1.#QNAN0
370.374879, 147.982225, 1.000000, -1.#QNAN0
370.440881, 147.955460, 1.000000, -1.#QNAN0
370.642736, 147.873604, 1.000000, -1.#QNAN0
370.708739, 147.846839, 1.000000, -1.#QNAN0
370.910594, 147.764984, 1.000000, -1.#QNAN0
370.976596, 147.738218, 1.000000, -1.#QNAN0
371.178452, 147.656363, 1.000000, -1.#QNAN0
371.244454, 147.629597, 1.000000, -1.#QNAN0
371.446310, 147.547742, 1.000000, -1.#QNAN0
371.512312, 147.520977, 1.000000, -1.#QNAN0
371.718628, 147.450122, 1.000000, -1.#QNAN0
371.789091, 147.434357, 1.000000, -1.#QNAN0
371.990947, 147.352501, 1.000000, -1.#QNAN0
372.061410, 147.336736, 1.000000, -1.#QNAN0
372.267726, 147.265881, 1.000000, -1.#QNAN0
372.333729, 147.239116, 1.000000, -1.#QNAN0
372.540045, 147.168261, 1.000000, -1.#QNAN0
372.606047, 147.141496, 1.000000, -1.#QNAN0
372.812363, 147.070641, 1.000000, -1.#QNAN0
372.878366, 147.043875, 1.000000, -1.#QNAN0
373.080058, 146.962103, 1.000000, -1.#QNAN0
373.146062, 146.935343, 1.000000, -1.#QNAN0
373.337545, 146.858777, 1.000000, -1.#QNAN0
373.403681, 146.832343, 1.000000, -1.#QNAN0
373.575683, 146.766510, 1.000000, -1.#QNAN0
373.642190, 146.741026, 1.000000, -1.#QNAN0
373.816176, 146.677165, 1.000000, -1.#QNAN0
373.878935, 146.641459, 1.000000, -1.#QNAN0
374.047159, 146.582264, 1.000000, -1.#QNAN0
374.110394, 146.547407, 1.000000, -1.#QNAN0
374.283966, 146.488707, 1.000000, -1.#QNAN0
374.351449, 146.465931, 1.000000, -1.#QNAN0
374.530206, 146.407863, 1.000000, -1.#QNAN0
374.597976, 146.385955, 1.000000, -1.#QNAN0
374.784857, 146.327431, 1.000000, -1.#QNAN0
374.852867, 146.306279, 1.000000, -1.#QNAN0
375.061402, 146.254671, 1.000000, -1.#QNAN0
375.129514, 146.233849, 1.000000, -1.#QNAN0
375.197625, 146.213027, 1.000000, -1.#QNAN0
375.420835, 146.157205, 1.000000, -1.#QNAN0
375.488946, 146.136384, 1.000000, -1.#QNAN0
375.701153, 146.071512, 1.000000, -1.#QNAN0
375.769264, 146.050691, 1.000000, -1.#QNAN0
375.985056, 145.997136, 1.000000, -1.#QNAN0
376.056637, 145.987667, 1.000000, -1.#QNAN0
376.272429, 145.934112, 1.000000, -1.#QNAN0
376.344011, 145.924642, 1.000000, -1.#QNAN0
376.415592, 145.915173, 1.000000, -1.#QNAN0
376.627913, 145.850266, 1.000000, -1.#QNAN0
376.699495, 145.840797, 1.000000, -1.#QNAN0
376.911816, 145.775890, 1.000000, -1.#QNAN0
376.979928, 145.755068, 1.000000, -1.#QNAN0
377.192249, 145.690162, 1.000000, -1.#QNAN0
377.260360, 145.669340, 1.000000, -1.#QNAN0
377.328472, 145.648519, 1.000000, -1.#QNAN0
377.540793, 145.583612, 1.000000, -1.#QNAN0
377.608904, 145.562791, 1.000000, -1.#QNAN0
377.821226, 145.497884, 1.000000, -1.#QNAN0
377.889337, 145.477063, 1.000000, -1.#QNAN0
378.101658, 145.412156, 1.000000, -1.#QNAN0
378.169770, 145.391335, 1.000000, -1.#QNAN0
378.237881, 145.370513, 1.000000, -1.#QNAN0
378.453672, 145.316959, 1.000000, -1.#QNAN0
378.521784, 145.296137, 1.000000, -1.#QNAN0
378.734105, 145.231231, 1.000000, -1.#QNAN0
378.802217, 145.210409, 1.000000, -1.#QNAN0
379.014538, 145.145503, 1.000000, -1.#QNAN0
379.082649, 145.124681, 1.000000, -1.#QNAN0
379.150761, 145.103859, 1.000000, -1.#QNAN0
379.363082, 145.038953, 1.000000, -1.#QNAN0
379.431193, 145.018131, 1.000000, -1.#QNAN0
379.643515, 144.953225, 1.000000, -1.#QNAN0
379.715096, 144.943755, 1.000000, -1.#QNAN0
379.927417, 144.878849, 1.000000, -1.#QNAN0
379.995529, 144.858027, 1.000000, -1.#QNAN0
380.067111, 144.848557, 1.000000, -1.#QNAN0
380.279432, 144.783651, 1.000000, -1.#QNAN0
380.351014, 144.774181, 1.000000, -1.#QNAN0
380.563335, 144.709275, 1.000000, -1.#QNAN0
380.634917, 144.699805, 1.000000, -1.#QNAN0
380.847238, 144.634899, 1.000000, -1.#QNAN0
380.918819, 144.625429, 1.000000, -1.#QNAN0
380.986931, 144.604607, 1.000000, -1.#QNAN0
381.202722, 144.551053, 1.000000, -1.#QNAN0
381.270834, 144.530231, 1.000000, -1.#QNAN0
381.481141, 144.466107, 1.000000, -1.#QNAN0
381.549270, 144.445344, 1.000000, -1.#QNAN0
381.757240, 144.382278, 1.000000, -1.#QNAN0
381.825409, 144.361643, 1.000000, -1.#QNAN0
381.893577, 144.341007, 1.000000, -1.#QNAN0
382.101803, 144.278372, 1.000000, -1.#QNAN0
382.173427, 144.269229, 1.000000, -1.#QNAN0
382.381904, 144.206875, 1.000000, -1.#QNAN0
382.450146, 144.186484, 1.000000, -1.#QNAN0
382.658881, 144.124396, 1.000000, -1.#QNAN0
382.727157, 144.104120, 1.000000, -1.#QNAN0
382.795433, 144.083845, 1.000000, -1.#QNAN0
383.010443, 144.020359, 1.000000, -1.#QNAN0
383.078752, 144.000195, 1.000000, -1.#QNAN0
383.299953, 143.935226, 1.000000, -1.#QNAN0
383.368294, 143.915171, 1.000000, -1.#QNAN0
383.598531, 143.847674, 1.000000, -1.#QNAN0
383.666880, 143.827644, 1.000000, -1.#QNAN0
383.735228, 143.807613, 1.000000, -1.#QNAN0
383.960951, 143.741464, 1.000000, -1.#QNAN0
384.029300, 143.721434, 1.000000, -1.#QNAN0
384.261061, 143.653515, 1.000000, -1.#QNAN0
384.329410, 143.633485, 1.000000, -1.#QNAN0
384.397758, 143.613455, 1.000000, -1.#QNAN0
384.635539, 143.543772, 1.000000, -1.#QNAN0
384.707225, 143.535133, 1.000000, -1.#QNAN0
384.951026, 143.463686, 1.000000, -1.#QNAN0
385.019374, 143.443656, 1.000000, -1.#QNAN0
385.087723, 143.423626, 1.000000, -1.#QNAN0
385.331523, 143.352179, 1.000000, -1.#QNAN0
385.403210, 143.343540, 1.000000, -1.#QNAN0
385.647010, 143.272093, 1.000000, -1.#QNAN0
385.715359, 143.252063, 1.000000, -1.#QNAN0
385.783707, 143.232033, 1.000000, -1.#QNAN0
386.027507, 143.160586, 1.000000, -1.#QNAN0
386.099194, 143.151947, 1.000000, -1.#QNAN0
386.342995, 143.080500, 1.000000, -1.#QNAN0
386.411343, 143.060470, 1.000000, -1.#QNAN0
386.479692, 143.040440, 1.000000, -1.#QNAN0
386.723492, 142.968993, 1.000000, -1.#QNAN0
386.791840, 142.948963, 1.000000, -1.#QNAN0
387.035640, 142.877516, 1.000000, -1.#QNAN0
387.103989, 142.857486, 1.000000, -1.#QNAN0
387.172337, 142.837456, 1.000000, -1.#QNAN0
387.419476, 142.777400, 1.000000, -1.#QNAN0
387.491163, 142.768761, 1.000000, -1.#QNAN0
387.738301, 142.708706, 1.000000, -1.#QNAN0
387.809988, 142.700067, 1.000000, -1.#QNAN0
387.878337, 142.680037, 1.000000, -1.#QNAN0
388.122137, 142.608590, 1.000000, -1.#QNAN0
388.190485, 142.588560, 1.000000, -1.#QNAN0
388.437624, 142.528504, 1.000000, -1.#QNAN0
388.505973, 142.508474, 1.000000, -1.#QNAN0
388.577659, 142.499836, 1.000000, -1.#QNAN0
388.821460, 142.428389, 1.000000, -1.#QNAN0
388.893146, 142.419750, 1.000000, -1.#QNAN0
389.136947, 142.348303, 1.000000, -1.#QNAN0
389.205295, 142.328273, 1.000000, -1.#QNAN0
389.270305, 142.296852, 1.000000, -1.#QNAN0
389.514106, 142.225404, 1.000000, -1.#QNAN0
389.582454, 142.205374, 1.000000, -1.#QNAN0
389.826254, 142.133927, 1.000000, -1.#QNAN0
389.891265, 142.102506, 1.000000, -1.#QNAN0
389.959613, 142.082476, 1.000000, -1.#QNAN0
390.203413, 142.011029, 1.000000, -1.#QNAN0
390.268423, 141.979607, 1.000000, -1.#QNAN0
390.510102, 141.896304, 1.000000, -1.#QNAN0
390.575096, 141.864850, 1.000000, -1.#QNAN0
390.640090, 141.833396, 1.000000, -1.#QNAN0
390.879920, 141.737943, 1.000000, -1.#QNAN0
390.944878, 141.706414, 1.000000, -1.#QNAN0
391.187786, 141.622175, 1.000000, -1.#QNAN0
391.249339, 141.579192, 1.000000, -1.#QNAN0
391.314262, 141.547592, 1.000000, -1.#QNAN0
391.556878, 141.463120, 1.000000, -1.#QNAN0
391.621769, 141.431452, 1.000000, -1.#QNAN0
391.864155, 141.346822, 1.000000, -1.#QNAN0
391.929015, 141.315090, 1.000000, -1.#QNAN0
391.993874, 141.283359, 1.000000, -1.#QNAN0
392.239421, 141.209887, 1.000000, -1.#QNAN0
392.307654, 141.189468, 1.000000, -1.#QNAN0
392.552923, 141.115876, 1.000000, -1.#QNAN0
392.617725, 141.084027, 1.000000, -1.#QNAN0
392.685940, 141.063547, 1.000000, -1.#QNAN0
392.930711, 141.002419, 1.000000, -1.#QNAN0
392.998923, 140.981929, 1.000000, -1.#QNAN0
393.237764, 140.910185, 1.000000, -1.#QNAN0
393.309391, 140.901064, 1.000000, -1.#QNAN0
393.381018, 140.891943, 1.000000, -1.#QNAN0
393.621096, 140.832222, 1.000000, -1.#QNAN0
393.689308, 140.811733, 1.000000, -1.#QNAN0
393.927210, 140.752666, 1.000000, -1.#QNAN0
393.995422, 140.732176, 1.000000, -1.#QNAN0
394.067049, 140.723055, 1.000000, -1.#QNAN0
394.299361, 140.653272, 1.000000, -1.#QNAN0
394.367573, 140.632782, 1.000000, -1.#QNAN0
394.601129, 140.575021, 1.000000, -1.#QNAN0
394.669342, 140.554531, 1.000000, -1.#QNAN0
394.734139, 140.522672, 1.000000, -1.#QNAN0
394.962219, 140.454161, 1.000000, -1.#QNAN0
395.030431, 140.433671, 1.000000, -1.#QNAN0
395.258511, 140.365160, 1.000000, -1.#QNAN0
395.326723, 140.344670, 1.000000, -1.#QNAN0
395.394935, 140.324181, 1.000000, -1.#QNAN0
395.619600, 140.244301, 1.000000, -1.#QNAN0
395.687812, 140.223811, 1.000000, -1.#QNAN0
395.915892, 140.155300, 1.000000, -1.#QNAN0
395.984104, 140.134810, 1.000000, -1.#QNAN0
396.052316, 140.114320, 1.000000, -1.#QNAN0
396.280396, 140.045809, 1.000000, -1.#QNAN0
396.352023, 140.036688, 1.000000, -1.#QNAN0
396.580104, 139.968176, 1.000000, -1.#QNAN0
396.648316, 139.947687, 1.000000, -1.#QNAN0
396.716528, 139.927197, 1.000000, -1.#QNAN0
396.948023, 139.870054, 1.000000, -1.#QNAN0
397.016235, 139.849565, 1.000000, -1.#QNAN0
397.244315, 139.781053, 1.000000, -1.#QNAN0
397.312527, 139.760564, 1.000000, -1.#QNAN0
397.377324, 139.728705, 1.000000, -1.#QNAN0
397.605404, 139.660194, 1.000000, -1.#QNAN0
397.673616, 139.639704, 1.000000, -1.#QNAN0
397.901696, 139.571193, 1.000000, -1.#QNAN0
397.973323, 139.562072, 1.000000, -1.#QNAN0
398.041535, 139.541582, 1.000000, -1.#QNAN0
398.269615, 139.473071, 1.000000, -1.#QNAN0
398.337827, 139.452581, 1.000000, -1.#QNAN0
398.569322, 139.395438, 1.000000, -1.#QNAN0
398.637535, 139.374949, 1.000000, -1.#QNAN0
398.705747, 139.354459, 1.000000, -1.#QNAN0
398.933827, 139.285948, 1.000000, -1.#QNAN0
399.005454, 139.276827, 1.000000, -1.#QNAN0
399.236949, 139.219684, 1.000000, -1.#QNAN0
399.305161, 139.199194, 1.000000, -1.#QNAN0
399.373373, 139.178705, 1.000000, -1.#QNAN0
399.598038, 139.098825, 1.000000, -1.#QNAN0
399.666250, 139.078335, 1.000000, -1.#QNAN0
399.890915, 138.998455, 1.000000, -1.#QNAN0
399.959127, 138.977965, 1.000000, -1.#QNAN0
400.027339, 138.957475, 1.000000, -1.#QNAN0
400.255136, 138.889078, 1.000000, -1.#QNAN0
400.323350, 138.868597, 1.000000, -1.#QNAN0
400.545965, 138.802214, 1.000000, -1.#QNAN0
400.610841, 138.770515, 1.000000, -1.#QNAN0
400.679103, 138.750192, 1.000000, -1.#QNAN0
400.901773, 138.684460, 1.000000, -1.#QNAN0
400.970084, 138.664302, 1.000000, -1.#QNAN0
401.189447, 138.587670, 1.000000, -1.#QNAN0
401.257806, 138.567678, 1.000000, -1.#QNAN0
401.326166, 138.547687, 1.000000, -1.#QNAN0
401.548962, 138.483111, 1.000000, -1.#QNAN0
401.620675, 138.474692, 1.000000, -1.#QNAN0
401.843464, 138.410636, 1.000000, -1.#QNAN0
401.915198, 138.402399, 1.000000, -1.#QNAN0
401.983658, 138.382752, 1.000000, -1.#QNAN0
402.206488, 138.319403, 1.000000, -1.#QNAN0
402.274998, 138.299934, 1.000000, -1.#QNAN0
402.498102, 138.237024, 1.000000, -1.#QNAN0
402.566662, 138.217728, 1.000000, -1.#QNAN0
402.635221, 138.198431, 1.000000, -1.#QNAN0
402.863608, 138.134264, 1.000000, -1.#QNAN0
402.932176, 138.115001, 1.000000, -1.#QNAN0
403.167714, 138.036500, 1.000000, -1.#QNAN0
403.236283, 138.017237, 1.000000, -1.#QNAN0
403.304852, 137.997974, 1.000000, -1.#QNAN0
403.538166, 137.920098, 1.000000, -1.#QNAN0
403.603524, 137.889407, 1.000000, -1.#QNAN0
403.849256, 137.820373, 1.000000, -1.#QNAN0
403.914614, 137.789681, 1.000000, -1.#QNAN0
403.983183, 137.770418, 1.000000, -1.#QNAN0
404.234913, 137.687368, 1.000000, -1.#QNAN0
404.303482, 137.668105, 1.000000, -1.#QNAN0
404.372050, 137.648842, 1.000000, -1.#QNAN0
404.624775, 137.577843, 1.000000, -1.#QNAN0
404.690133, 137.547152, 1.000000, -1.#QNAN0
404.758702, 137.527889, 1.000000, -1.#QNAN0
405.020640, 137.454301, 1.000000, -1.#QNAN0
405.085998, 137.423610, 1.000000, -1.#QNAN0
405.345448, 137.350722, 1.000000, -1.#QNAN0
405.414017, 137.331459, 1.000000, -1.#QNAN0
405.482585, 137.312195, 1.000000, -1.#QNAN0
405.742036, 137.239307, 1.000000, -1.#QNAN0
405.813815, 137.231472, 1.000000, -1.#QNAN0
405.882383, 137.212209, 1.000000, -1.#QNAN0
406.145044, 137.150749, 1.000000, -1.#QNAN0
406.213613, 137.131485, 1.000000, -1.#QNAN0
406.285392, 137.123650, 1.000000, -1.#QNAN0
406.544842, 137.050762, 1.000000, -1.#QNAN0
406.613410, 137.031499, 1.000000, -1.#QNAN0
406.681979, 137.012236, 1.000000, -1.#QNAN0
406.941429, 136.939347, 1.000000, -1.#QNAN0
407.009998, 136.920084, 1.000000, -1.#QNAN0
407.078566, 136.900821, 1.000000, -1.#QNAN0
407.338016, 136.827933, 1.000000, -1.#QNAN0
407.406585, 136.808670, 1.000000, -1.#QNAN0
407.475153, 136.789406, 1.000000, -1.#QNAN0
407.734603, 136.716518, 1.000000, -1.#QNAN0
407.806382, 136.708683, 1.000000, -1.#QNAN0
407.874951, 136.689420, 1.000000, -1.#QNAN0
408.134401, 136.616532, 1.000000, -1.#QNAN0
408.202970, 136.597268, 1.000000, -1.#QNAN0
408.268328, 136.566577, 1.000000, -1.#QNAN0
408.527778, 136.493689, 1.000000, -1.#QNAN0
408.596346, 136.474426, 1.000000, -1.#QNAN0
408.668126, 136.466591, 1.000000, -1.#QNAN0
408.927576, 136.393702, 1.000000, -1.#QNAN0
408.999355, 136.385867, 1.000000, -1.#QNAN0
409.067923, 136.366604, 1.000000, -1.#QNAN0
409.327374, 136.293716, 1.000000, -1.#QNAN0
409.395942, 136.274453, 1.000000, -1.#QNAN0
409.467721, 136.266618, 1.000000, -1.#QNAN0
409.727171, 136.193729, 1.000000, -1.#QNAN0
409.795740, 136.174466, 1.000000, -1.#QNAN0
409.867519, 136.166631, 1.000000, -1.#QNAN0
410.126969, 136.093743, 1.000000, -1.#QNAN0
410.195537, 136.074480, 1.000000, -1.#QNAN0
410.267317, 136.066645, 1.000000, -1.#QNAN0
410.525870, 135.994091, 1.000000, -1.#QNAN0
410.594446, 135.974854, 1.000000, -1.#QNAN0
410.663022, 135.955616, 1.000000, -1.#QNAN0
410.914361, 135.885844, 1.000000, -1.#QNAN0
410.979836, 135.855402, 1.000000, -1.#QNAN0
411.048478, 135.836401, 1.000000, -1.#QNAN0
411.300731, 135.767250, 1.000000, -1.#QNAN0
411.369432, 135.748466, 1.000000, -1.#QNAN0
411.438134, 135.729682, 1.000000, -1.#QNAN0
411.691165, 135.661127, 1.000000, -1.#QNAN0
411.759921, 135.642544, 1.000000, -1.#QNAN0
411.828678, 135.623962, 1.000000, -1.#QNAN0
412.082414, 135.555967, 1.000000, -1.#QNAN0
412.148155, 135.526103, 1.000000, -1.#QNAN0
412.216961, 135.507708, 1.000000, -1.#QNAN0
412.471370, 135.440231, 1.000000, -1.#QNAN0
412.537185, 135.410534, 1.000000, -1.#QNAN0
412.606038, 135.392312, 1.000000, -1.#QNAN0
412.858136, 135.313809, 1.000000, -1.#QNAN0
412.927031, 135.295746, 1.000000, -1.#QNAN0
412.992915, 135.266201, 1.000000, -1.#QNAN0
413.251464, 135.198612, 1.000000, -1.#QNAN0
413.320375, 135.180612, 1.000000, -1.#QNAN0
413.389287, 135.162612, 1.000000, -1.#QNAN0
413.650032, 135.094505, 1.000000, -1.#QNAN0
413.715943, 135.065020, 1.000000, -1.#QNAN0
413.784854, 135.047020, 1.000000, -1.#QNAN0
414.045601, 134.978913, 1.000000, -1.#QNAN0
414.111512, 134.949428, 1.000000, -1.#QNAN0
414.180423, 134.931428, 1.000000, -1.#QNAN0
414.440980, 134.863370, 1.000000, -1.#QNAN0
414.506891, 134.833885, 1.000000, -1.#QNAN0
414.575802, 134.815885, 1.000000, -1.#QNAN0
414.831274, 134.736887, 1.000000, -1.#QNAN0
414.900185, 134.718887, 1.000000, -1.#QNAN0
414.969096, 134.700887, 1.000000, -1.#QNAN0
415.236978, 134.630916, 1.000000, -1.#QNAN0
415.305889, 134.612916, 1.000000, -1.#QNAN0
415.374800, 134.594917, 1.000000, -1.#QNAN0
415.640618, 134.525484, 1.000000, -1.#QNAN0
415.706529, 134.495999, 1.000000, -1.#QNAN0
415.775440, 134.478000, 1.000000, -1.#QNAN0
416.036206, 134.397618, 1.000000, -1.#QNAN0
416.105117, 134.379619, 1.000000, -1.#QNAN0
416.171028, 134.350134, 1.000000, -1.#QNAN0
416.432753, 134.281770, 1.000000, -1.#QNAN0
416.501664, 134.263771, 1.000000, -1.#QNAN0
416.567576, 134.234286, 1.000000, -1.#QNAN0
416.827272, 134.166452, 1.000000, -1.#QNAN0
416.896183, 134.148453, 1.000000, -1.#QNAN0
416.962094, 134.118968, 1.000000, -1.#QNAN0
417.219956, 134.051614, 1.000000, -1.#QNAN0
417.288867, 134.033614, 1.000000, -1.#QNAN0
417.546728, 133.966260, 1.000000, -1.#QNAN0
417.615639, 133.948260, 1.000000, -1.#QNAN0
417.684550, 133.930261, 1.000000, -1.#QNAN0
417.942411, 133.862907, 1.000000, -1.#QNAN0
418.011322, 133.844907, 1.000000, -1.#QNAN0
418.080233, 133.826907, 1.000000, -1.#QNAN0
418.335095, 133.748068, 1.000000, -1.#QNAN0
418.404006, 133.730068, 1.000000, -1.#QNAN0
418.475917, 133.723554, 1.000000, -1.#QNAN0
418.733778, 133.656200, 1.000000, -1.#QNAN0
418.802689, 133.638200, 1.000000, -1.#QNAN0
418.871600, 133.620200, 1.000000, -1.#QNAN0
419.129461, 133.552846, 1.000000, -1.#QNAN0
419.198372, 133.534847, 1.000000, -1.#QNAN0
419.267283, 133.516847, 1.000000, -1.#QNAN0
419.525145, 133.449493, 1.000000, -1.#QNAN0
419.594056, 133.431493, 1.000000, -1.#QNAN0
419.851917, 133.364139, 1.000000, -1.#QNAN0
419.920828, 133.346139, 1.000000, -1.#QNAN0
419.989739, 133.328140, 1.000000, -1.#QNAN0
420.244600, 133.249301, 1.000000, -1.#QNAN0
420.313512, 133.231301, 1.000000, -1.#QNAN0
420.382423, 133.213301, 1.000000, -1.#QNAN0
420.640284, 133.145947, 1.000000, -1.#QNAN0
420.709195, 133.127947, 1.000000, -1.#QNAN0
420.781106, 133.121433, 1.000000, -1.#QNAN0
421.038967, 133.054079, 1.000000, -1.#QNAN0
421.107878, 133.036079, 1.000000, -1.#QNAN0
421.179789, 133.029565, 1.000000, -1.#QNAN0
421.437651, 132.962211, 1.000000, -1.#QNAN0
421.506562, 132.944211, 1.000000, -1.#QNAN0
421.572473, 132.914726, 1.000000, -1.#QNAN0
421.830334, 132.847372, 1.000000, -1.#QNAN0
421.896245, 132.817887, 1.000000, -1.#QNAN0
422.155149, 132.750160, 1.000000, -1.#QNAN0
422.224051, 132.732127, 1.000000, -1.#QNAN0
422.292954, 132.714095, 1.000000, -1.#QNAN0
321.851152, 103.138761, 1.000000, 0.000000
321.871789, 103.206928, 1.000000, 0.000000
321.892427, 103.275096, 1.000000, 0.000000
321.963121, 103.546429, 1.000000, 0.000000
321.984010, 103.614520, 1.000000, 0.000000
322.004898, 103.682611, 1.000000, 0.000000
322.087961, 103.950349, 1.000000, 0.000000
322.097758, 104.021887, 1.000000, 0.000000
322.118891, 104.089902, 1.000000, 0.000000
322.202948, 104.357524, 1.000000, 0.000000
322.224319, 104.425466, 1.000000, 0.000000
322.245689, 104.493407, 1.000000, 0.000000
322.330704, 104.760873, 1.000000, 0.000000
322.352306, 104.828741, 1.000000, 0.000000
322.362597, 104.900209, 1.000000, 0.000000
322.448557, 105.167554, 1.000000, 0.000000
322.470385, 105.235350, 1.000000, 0.000000
322.480914, 105.306783, 1.000000, 0.000000
322.567876, 105.574508, 1.000000, 0.000000
322.589902, 105.642239, 1.000000, 0.000000
322.611929, 105.709971, 1.000000, 0.000000
322.688756, 105.983393, 1.000000, 0.000000
322.710883, 106.051092, 1.000000, 0.000000
322.733011, 106.118790, 1.000000, 0.000000
322.810620, 106.394440, 1.000000, 0.000000
322.832748, 106.462138, 1.000000, 0.000000
322.911291, 106.511397, 1.000000, 0.000000
322.932485, 106.805486, 1.000000, 0.000000
322.954612, 106.873185, 1.000000, 0.000000
322.976740, 106.940883, 1.000000, 0.000000
323.065632, 107.212845, 1.000000, 0.000000
323.087760, 107.280543, 1.000000, 0.000000
323.098604, 107.351930, 1.000000, 0.000000
323.186727, 107.621536, 1.000000, 0.000000
323.208854, 107.689235, 1.000000, 0.000000
323.219699, 107.760621, 1.000000, 0.000000
323.304617, 108.020423, 1.000000, 0.000000
323.326744, 108.088121, 1.000000, 0.000000
323.337589, 108.159508, 1.000000, 0.000000
323.422995, 108.420805, 1.000000, 0.000000
323.445123, 108.488504, 1.000000, 0.000000
323.467251, 108.556202, 1.000000, 0.000000
323.549464, 108.807730, 1.000000, 0.000000
323.571592, 108.875429, 1.000000, 0.000000
323.593719, 108.943127, 1.000000, 0.000000
323.710283, 109.185124, 1.000000, 0.000000
323.732410, 109.252822, 1.000000, 0.000000
323.800662, 109.499841, 1.000000, 0.000000
323.788940, 109.578604, 1.000000, 0.000000
323.799785, 109.649990, 1.000000, 0.000000
323.876146, 109.883614, 1.000000, 0.000000
323.886990, 109.955001, 1.000000, 0.000000
323.909118, 110.022699, 1.000000, 0.000000
323.986762, 110.260246, 1.000000, 0.000000
324.008889, 110.327945, 1.000000, 0.000000
324.086533, 110.565492, 1.000000, 0.000000
324.108661, 110.633190, 1.000000, 0.000000
324.130788, 110.700889, 1.000000, 0.000000
324.197149, 110.942123, 1.000000, 0.000000
324.219276, 111.009822, 1.000000, 0.000000
324.296920, 111.247368, 1.000000, 0.000000
324.319047, 111.315067, 1.000000, 0.000000
324.341175, 111.382765, 1.000000, 0.000000
324.418819, 111.620312, 1.000000, 0.000000
324.440946, 111.688011, 1.000000, 0.000000
324.507307, 111.929246, 1.000000, 0.000000
324.529434, 111.996944, 1.000000, 0.000000
324.540279, 112.068330, 1.000000, 0.000000
324.617922, 112.305877, 1.000000, 0.000000
324.640050, 112.373576, 1.000000, 0.000000
324.706411, 112.614811, 1.000000, 0.000000
324.728538, 112.682509, 1.000000, 0.000000
324.739383, 112.753896, 1.000000, 0.000000
324.817026, 112.991442, 1.000000, 0.000000
324.839154, 113.059141, 1.000000, 0.000000
324.905514, 113.300375, 1.000000, 0.000000
324.927642, 113.368074, 1.000000, 0.000000
324.938487, 113.439460, 1.000000, 0.000000
325.016130, 113.677007, 1.000000, 0.000000
325.038258, 113.744706, 1.000000, 0.000000
325.104618, 113.985940, 1.000000, 0.000000
325.126746, 114.053639, 1.000000, 0.000000
325.137590, 114.125025, 1.000000, 0.000000
325.249083, 114.351508, 1.000000, 0.000000
325.259928, 114.422895, 1.000000, 0.000000
325.337571, 114.660442, 1.000000, 0.000000
325.359699, 114.728140, 1.000000, 0.000000
325.370543, 114.799527, 1.000000, 0.000000
325.448089, 115.036400, 1.000000, 0.000000
325.470249, 115.104088, 1.000000, 0.000000
325.536295, 115.342777, 1.000000, 0.000000
325.558581, 115.410424, 1.000000, 0.000000
325.580866, 115.478070, 1.000000, 0.000000
325.646691, 115.711721, 1.000000, 0.000000
325.669346, 115.779245, 1.000000, 0.000000
325.736043, 116.011339, 1.000000, 0.000000
325.759133, 116.078715, 1.000000, 0.000000
325.782224, 116.146091, 1.000000, 0.000000
325.861956, 116.374396, 1.000000, 0.000000
325.874246, 116.445547, 1.000000, 0.000000
325.955050, 116.672868, 1.000000, 0.000000
325.978983, 116.739950, 1.000000, 0.000000
325.991736, 116.811020, 1.000000, 0.000000
326.074142, 117.037098, 1.000000, 0.000000
326.098547, 117.104009, 1.000000, 0.000000
326.171027, 117.332965, 1.000000, 0.000000
326.195942, 117.399688, 1.000000, 0.000000
326.220858, 117.466410, 1.000000, 0.000000
326.306597, 117.691294, 1.000000, 0.000000
326.320893, 117.762070, 1.000000, 0.000000
326.409619, 117.993063, 1.000000, 0.000000
326.424112, 118.063799, 1.000000, 0.000000
326.449684, 118.130273, 1.000000, 0.000000
326.538292, 118.360606, 1.000000, 0.000000
326.552785, 118.431342, 1.000000, 0.000000
326.644158, 118.668863, 1.000000, 0.000000
326.658651, 118.739599, 1.000000, 0.000000
326.684223, 118.806072, 1.000000, 0.000000
326.778391, 119.050859, 1.000000, 0.000000
326.792884, 119.121595, 1.000000, 0.000000
326.818456, 119.188069, 1.000000, 0.000000
326.900107, 119.433379, 1.000000, 0.000000
326.925679, 119.499853, 1.000000, 0.000000
326.951252, 119.566327, 1.000000, 0.000000
327.035753, 119.819048, 1.000000, 0.000000
327.061325, 119.885522, 1.000000, 0.000000
327.148703, 120.145718, 1.000000, 0.000000
327.174275, 120.212191, 1.000000, 0.000000
327.188768, 120.282927, 1.000000, 0.000000
327.285426, 120.534185, 1.000000, 0.000000
327.310998, 120.600659, 1.000000, 0.000000
327.325491, 120.671395, 1.000000, 0.000000
327.422149, 120.922653, 1.000000, 0.000000
327.447721, 120.989127, 1.000000, 0.000000
327.462214, 121.059863, 1.000000, 0.000000
327.558871, 121.311121, 1.000000, 0.000000
327.584443, 121.377595, 1.000000, 0.000000
327.598937, 121.448331, 1.000000, 0.000000
327.695594, 121.699589, 1.000000, 0.000000
327.710087, 121.770325, 1.000000, 0.000000
327.735659, 121.836799, 1.000000, 0.000000
327.821238, 122.092319, 1.000000, 0.000000
327.846810, 122.158793, 1.000000, 0.000000
327.861303, 122.229529, 1.000000, 0.000000
327.957961, 122.480787, 1.000000, 0.000000
327.972454, 122.551523, 1.000000, 0.000000
327.998026, 122.617997, 1.000000, 0.000000
328.083605, 122.873517, 1.000000, 0.000000
328.109177, 122.939991, 1.000000, 0.000000
328.123670, 123.010727, 1.000000, 0.000000
328.220328, 123.261985, 1.000000, 0.000000
328.234821, 123.332721, 1.000000, 0.000000
328.260393, 123.399195, 1.000000, 0.000000
328.357051, 123.650453, 1.000000, 0.000000
328.382623, 123.716927, 1.000000, 0.000000
328.397116, 123.787663, 1.000000, 0.000000
328.493773, 124.038921, 1.000000, 0.000000
328.508267, 124.109657, 1.000000, 0.000000
328.533839, 124.176130, 1.000000, 0.000000
328.619417, 124.431651, 1.000000, 0.000000
328.644990, 124.498125, 1.000000, 0.000000
328.659483, 124.568861, 1.000000, 0.000000
328.756140, 124.820119, 1.000000, 0.000000
328.781712, 124.886592, 1.000000, 0.000000
328.796205, 124.957328, 1.000000, 0.000000
328.892882, 125.208706, 1.000000, 0.000000
328.907366, 125.279444, 1.000000, 0.000000
328.932931, 125.345921, 1.000000, 0.000000
329.019247, 125.606692, 1.000000, 0.000000
329.044466, 125.673301, 1.000000, 0.000000
329.058584, 125.744113, 1.000000, 0.000000
329.156240, 126.013508, 1.000000, 0.000000
329.169108, 126.084558, 1.000000, 0.000000
329.193149, 126.151601, 1.000000, 0.000000
329.274627, 126.425239, 1.000000, 0.000000
329.297556, 126.492670, 1.000000, 0.000000
329.309246, 126.563923, 1.000000, 0.000000
329.385984, 126.837546, 1.000000, 0.000000
329.407861, 126.905326, 1.000000, 0.000000
329.418442, 126.976752, 1.000000, 0.000000
329.490752, 127.250314, 1.000000, 0.000000
329.511635, 127.318407, 1.000000, 0.000000
329.521169, 127.389981, 1.000000, 0.000000
329.600734, 127.660127, 1.000000, 0.000000
329.609282, 127.731825, 1.000000, 0.000000
329.617829, 127.803522, 1.000000, 0.000000
329.693539, 128.072753, 1.000000, 0.000000
329.701230, 128.144548, 1.000000, 0.000000
329.708922, 128.216342, 1.000000, 0.000000
329.781281, 128.479754, 1.000000, 0.000000
329.788640, 128.551583, 1.000000, 0.000000
329.795999, 128.623413, 1.000000, 0.000000
329.867090, 128.883064, 1.000000, 0.000000
329.863000, 128.958028, 1.000000, 0.000000
329.881808, 129.026723, 1.000000, 0.000000
329.952899, 129.286375, 1.000000, 0.000000
329.960258, 129.358205, 1.000000, 0.000000
329.967617, 129.430034, 1.000000, 0.000000
330.029344, 129.700437, 1.000000, 0.000000
330.048153, 129.769131, 1.000000, 0.000000
330.055512, 129.840961, 1.000000, 0.000000
330.113383, 130.097278, 1.000000, 0.000000
330.120742, 130.169108, 1.000000, 0.000000
330.128101, 130.240937, 1.000000, 0.000000
330.182126, 130.483208, 1.000000, 0.000000
330.189485, 130.555038, 1.000000, 0.000000
330.239677, 130.783309, 1.000000, 0.000000
330.247036, 130.855139, 1.000000, 0.000000
330.254395, 130.926968, 1.000000, 0.000000
330.300771, 131.141301, 1.000000, 0.000000
330.296681, 131.216265, 1.000000, 0.000000
330.339261, 131.416736, 1.000000, 0.000000
330.346620, 131.488565, 1.000000, 0.000000
330.385433, 131.675276, 1.000000, 0.000000
330.392792, 131.747105, 1.000000, 0.000000
330.417452, 131.927077, 1.000000, 0.000000
330.453562, 132.103915, 1.000000, 0.000000
330.449472, 132.178879, 1.000000, 0.000000
330.485582, 132.355717, 1.000000, 0.000000
330.481492, 132.430681, 1.000000, 0.000000
330.506152, 132.610653, 1.000000, 0.000000
330.542262, 132.787491, 1.000000, 0.000000
330.538172, 132.862455, 1.000000, 0.000000
330.562832, 133.042427, 1.000000, 0.000000
330.570191, 133.114256, 1.000000, 0.000000
330.594852, 133.294228, 1.000000, 0.000000
330.619513, 133.474201, 1.000000, 0.000000
330.615422, 133.549165, 1.000000, 0.000000
330.651532, 133.726002, 1.000000, 0.000000
330.647442, 133.800967, 1.000000, 0.000000
330.683552, 133.977804, 1.000000, 0.000000
330.708212, 134.157776, 1.000000, 0.000000
330.715571, 134.229606, 1.000000, 0.000000
330.763130, 134.403309, 1.000000, 0.000000
330.770489, 134.475138, 1.000000, 0.000000
330.818048, 134.648841, 1.000000, 0.000000
330.865607, 134.822544, 1.000000, 0.000000
330.884415, 134.891238, 1.000000, 0.000000
330.943423, 135.061806, 1.000000, 0.000000
330.973680, 135.127367, 1.000000, 0.000000
331.032688, 135.297935, 1.000000, 0.000000
331.103145, 135.465368, 1.000000, 0.000000
331.144852, 135.527793, 1.000000, 0.000000
331.215309, 135.695227, 1.000000, 0.000000
331.257015, 135.757652, 1.000000, 0.000000
331.338921, 135.921951, 1.000000, 0.000000
331.432277, 136.083115, 1.000000, 0.000000
331.485432, 136.142406, 1.000000, 0.000000
331.590237, 136.300435, 1.000000, 0.000000
331.654841, 136.356591, 1.000000, 0.000000
331.759646, 136.514620, 1.000000, 0.000000
331.864450, 136.672649, 1.000000, 0.000000
331.951953, 136.722536, 1.000000, 0.000000
332.057144, 136.881977, 1.000000, 0.000000
332.144647, 136.931864, 1.000000, 0.000000
332.252592, 137.101355, 1.000000, 0.000000
332.360271, 137.269161, 1.000000, 0.000000
332.447840, 137.318931, 1.000000, 0.000000
332.558634, 137.495358, 1.000000, 0.000000
332.646399, 137.544783, 1.000000, 0.000000
332.757845, 137.719244, 1.000000, 0.000000
332.834479, 137.771423, 1.000000, 0.000000
332.960974, 137.947558, 1.000000, 0.000000
333.038165, 137.998909, 1.000000, 0.000000
333.155723, 138.179188, 1.000000, 0.000000
333.244778, 138.226249, 1.000000, 0.000000
333.362835, 138.399518, 1.000000, 0.000000
333.429927, 138.452676, 1.000000, 0.000000
333.547729, 138.615478, 1.000000, 0.000000
333.615763, 138.667427, 1.000000, 0.000000
333.695024, 138.715522, 1.000000, 0.000000
333.811470, 138.856809, 1.000000, 0.000000
333.880857, 138.906935, 1.000000, 0.000000
334.002712, 139.053801, 1.000000, 0.000000
334.073131, 139.102468, 1.000000, 0.000000
334.210546, 139.287669, 1.000000, 0.000000
334.291997, 139.331955, 1.000000, 0.000000
334.384479, 139.371860, 1.000000, 0.000000
334.510862, 139.561442, 1.000000, 0.000000
334.581281, 139.610110, 1.000000, 0.000000
334.696631, 139.804073, 1.000000, 0.000000
334.767050, 139.852741, 1.000000, 0.000000
334.904465, 140.037942, 1.000000, 0.000000
334.985915, 140.082228, 1.000000, 0.000000
335.067366, 140.126514, 1.000000, 0.000000
335.182717, 140.320478, 0.000000, 0.000000
335.220038, 140.382290, 0.000000, 0.000000
335.302292, 140.589398, 0.000000, 0.000000
335.328581, 140.655592, 0.000000, 0.000000
335.421867, 140.858319, 0.000000, 0.000000
335.448156, 140.924513, 0.000000, 0.000000
335.474446, 140.990707, 0.000000, 0.000000
335.567732, 141.193433, 0.000000, 0.000000
335.594021, 141.259627, 0.000000, 0.000000
335.676275, 141.466735, 0.000000, 0.000000
335.713596, 141.528547, 0.000000, 0.000000
335.795850, 141.735656, 0.000000, 0.000000
335.833172, 141.797468, 0.000000, 0.000000
335.859461, 141.863662, 0.000000, 0.000000
335.941715, 142.070770, 0.000000, 0.000000
335.979036, 142.132582, 0.000000, 0.000000
336.061290, 142.339690, 0.000000, 0.000000
336.087579, 142.405884, 0.000000, 0.000000
336.180865, 142.608611, 0.000000, 0.000000
336.207154, 142.674805, 0.000000, 0.000000
336.244476, 142.736617, 0.000000, 0.000000
336.326730, 142.943725, 0.000000, 0.000000
336.353019, 143.009919, 0.000000, 0.000000
336.446305, 143.212646, 0.000000, 0.000000
336.472594, 143.278839, 0.000000, 0.000000
336.548387, 143.466642, 0.000000, 0.000000
336.586160, 143.528179, 0.000000, 0.000000
336.612932, 143.594179, 0.000000, 0.000000
336.618136, 143.585991, 0.000000, 0.000000
336.660804, 143.644242, 0.000000, 0.000000
336.667134, 143.643377, 0.000000, 0.000000
336.714246, 143.698096, 0.000000, 0.000000
336.739247, 143.730260, 0.000000, 0.000000
336.780072, 143.788621, 0.000000, 0.000000
336.830623, 143.840179, 0.000000, 0.000000
336.876006, 143.891994, 0.000000, 0.000000
336.920001, 143.948004, 0.000000, 0.000000
336.978530, 143.994860, 0.000000, 0.000000
337.025037, 144.048802, 0.000000, 0.000000
337.096700, 144.126083, 0.000000, 0.000000
337.153581, 144.170559, 0.000000, 0.000000
337.240607, 144.262174, 0.000000, 0.000000
337.358217, 144.369342, 0.000000, 0.000000
337.451680, 144.468241, 0.000000, 0.000000
337.529640, 144.550736, 0.000000, 0.000000
337.615294, 144.624090, 0.000000, 0.000000
337.720426, 144.735337, 0.000000, 0.000000
337.825559, 144.846585, 0.000000, 0.000000
337.939319, 144.949679, 0.000000, 0.000000
338.044451, 145.060927, 0.000000, 0.000000
338.149584, 145.172175, 0.000000, 0.000000
338.263344, 145.275269, 0.000000, 0.000000
338.368476, 145.386517, 0.000000, 0.000000
338.482236, 145.489611, 0.000000, 0.000000
338.587369, 145.600859, 0.000000, 0.000000
338.692501, 145.712107, 0.000000, 0.000000
338.806261, 145.815201, 0.000000, 0.000000
338.906336, 145.921097, 0.000000, 0.000000
339.012856, 146.033813, 0.000000, 0.000000
339.106601, 146.115728, 0.000000, 0.000000
339.189228, 146.203162, 0.000000, 0.000000
339.323981, 146.328469, 0.000000, 0.000000
339.410328, 146.419839, 0.000000, 0.000000
339.496676, 146.511210, 0.000000, 0.000000
339.591651, 146.594426, 0.000000, 0.000000
339.677999, 146.685797, 0.000000, 0.000000
339.764346, 146.777167, 0.000000, 0.000000
339.859321, 146.860384, 0.000000, 0.000000
339.945669, 146.951754, 0.000000, 0.000000
340.032016, 147.043124, 0.000000, 0.000000
340.126991, 147.126341, 0.000000, 0.000000
340.213339, 147.217711, 0.000000, 0.000000
340.308314, 147.300928, 0.000000, 0.000000
340.394662, 147.392298, 0.000000, 0.000000
340.481009, 147.483668, 0.000000, 0.000000
340.575984, 147.566885, 0.000000, 0.000000
340.662332, 147.658255, 0.000000, 0.000000
340.748680, 147.749625, 0.000000, 0.000000
340.843655, 147.832842, 0.000000, 0.000000
340.930002, 147.924212, 0.000000, 0.000000
341.016350, 148.015582, 0.000000, 0.000000
341.111325, 148.098799, 0.000000, 0.000000
341.197673, 148.190169, 0.000000, 0.000000
341.292648, 148.273386, 0.000000, 0.000000
341.378995, 148.364756, 0.000000, 0.000000
341.465281, 148.456061, 0.000000, 0.000000
341.551770, 148.530298, 0.000000, 0.000000
341.629427, 148.612472, 0.000000, 0.000000
341.719336, 148.707611, 0.000000, 0.000000
341.802910, 148.778763, 0.000000, 0.000000
341.891330, 148.872327, 0.000000, 0.000000
341.988377, 148.957736, 0.000000, 0.000000
342.076796, 149.051298, 0.000000, 0.000000
342.165217, 149.144862, 0.000000, 0.000000
342.260809, 149.228681, 0.000000, 0.000000
342.349294, 149.322182, 0.000000, 0.000000
342.436005, 149.413771, 0.000000, 0.000000
342.530885, 149.496241, 0.000000, 0.000000
342.620662, 149.590487, 0.000000, 0.000000
342.684711, 149.657327, 0.000000, 0.000000
342.798182, 149.758265, 0.000000, 0.000000
342.876410, 149.839049, 0.000000, 0.000000
342.990890, 149.939139, 0.000000, 0.000000
343.064154, 150.012857, 0.000000, 0.000000
343.129244, 150.075833, 0.000000, 0.000000
343.181227, 150.107056, 0.000000, 0.000000
343.309791, 150.224591, 0.000000, 0.000000
343.400356, 150.307386, 0.000000, 0.000000
343.536930, 150.416160, 0.000000, 0.000000
343.627496, 150.498955, 0.000000, 0.000000
343.756060, 150.616490, 0.000000, 0.000000
343.854635, 150.690525, 0.000000, 0.000000
343.983199, 150.808059, 0.000000, 0.000000
344.081774, 150.882094, 0.000000, 0.000000
344.210338, 150.999628, 0.000000, 0.000000
344.300904, 151.082424, 0.000000, 0.000000
344.426418, 151.180646, 0.000000, 0.000000
344.300343, 151.072060, 0.000000, 0.000000
343.661634, 150.708673, 0.000000, 0.000000
343.461928, 150.630079, 0.000000, 0.000000
343.333507, 150.598797, 0.000000, 0.000000
343.237766, 150.581502, 0.000000, 0.000000
343.225705, 150.564904, 0.000000, 0.000000
343.342300, 150.571771, 0.000000, 0.000000
343.459593, 150.566789, 0.000000, 0.000000
343.576188, 150.573656, 0.000000, 0.000000
343.692783, 150.580523, 0.000000, 0.000000
343.855571, 150.578220, 0.000000, 0.000000
343.972166, 150.585087, 0.000000, 0.000000
344.088761, 150.591955, 0.000000, 0.000000
344.206054, 150.586972, 0.000000, 0.000000
344.322648, 150.593839, 0.000000, 0.000000
344.485437, 150.591536, 0.000000, 0.000000
344.602031, 150.598403, 0.000000, 0.000000
344.718626, 150.605271, 0.000000, 0.000000
344.835919, 150.600288, 0.000000, 0.000000
344.952514, 150.607155, 0.000000, 0.000000
345.114604, 150.616702, 0.000000, 0.000000
345.231897, 150.611719, 0.000000, 0.000000
345.348492, 150.618587, 0.000000, 0.000000
345.465087, 150.625454, 0.000000, 0.000000
345.582380, 150.620471, 0.000000, 0.000000
345.770849, 150.631572, 0.000000, 0.000000
345.917640, 150.628327, 0.000000, 0.000000
346.048861, 150.635615, 0.000000, 0.000000
346.119982, 150.639417, 0.000000, 0.000000
346.166572, 150.626833, 0.000000, 0.000000
346.073824, 150.623809, 0.000000, 0.000000
345.518047, 150.709544, 0.000000, 0.000000
345.583273, 150.678573, 0.000000, 0.000000
345.490051, 150.702950, 0.000000, 0.000000
345.652262, 150.642043, 0.000000, 0.000000
345.714767, 150.605894, 0.000000, 0.000000
345.876977, 150.544988, 0.000000, 0.000000
346.035015, 150.472968, 0.000000, 0.000000
346.101693, 150.447932, 0.000000, 0.000000
346.439793, 150.335755, 0.000000, 0.000000
346.875288, 150.209756, 0.000000, 0.000000
346.944780, 150.194151, 0.000000, 0.000000
347.215960, 150.139967, 0.000000, 0.000000
347.399110, 150.093248, 0.000000, 0.000000
347.469110, 150.080106, 0.000000, 0.000000
347.637213, 150.036469, 0.000000, 0.000000
348.431741, 153.329502, -1.000000, 0.000000
347.884078, 150.026356, 1.000000, 0.000000
348.058752, 150.017719, 1.000000, 0.000000
348.231236, 149.997415, 1.000000, 0.000000
348.303427, 149.995939, 1.000000, 0.000000
348.475911, 149.975635, 1.000000, 0.000000
348.650585, 149.966998, 1.000000, 0.000000
348.724966, 149.977189, 1.000000, 0.000000
348.899640, 149.968552, 1.000000, 0.000000
349.072124, 149.948248, 1.000000, 0.000000
349.144315, 149.946773, 1.000000, 0.000000
349.312418, 149.903135, 1.000000, 0.000000
349.481130, 149.883389, 1.000000, 0.000000
349.551114, 149.870164, 1.000000, 0.000000
349.648062, 149.860918, 1.000000, 0.000000
349.727592, 149.853656, 1.000000, 0.000000
349.799593, 149.848230, 1.000000, 0.000000
349.883765, 149.836424, 1.000000, 0.000000
350.007359, 149.825332, 1.000000, 0.000000
350.075710, 149.805311, 1.000000, 0.000000
350.242668, 149.756385, 1.000000, 0.000000
350.410053, 149.694962, 1.000000, 0.000000
350.478402, 149.674932, 1.000000, 0.000000
350.655859, 149.635297, 1.000000, 0.000000
350.822022, 149.586601, 1.000000, 0.000000
350.890371, 149.566571, 1.000000, 0.000000
351.060009, 149.516858, 1.000000, 0.000000
351.131696, 149.508219, 1.000000, 0.000000
351.308185, 149.468868, 1.000000, 0.000000
351.484884, 149.417085, 1.000000, 0.000000
351.553233, 149.397055, 1.000000, 0.000000
351.732327, 149.344570, 1.000000, 0.000000
351.800676, 149.324540, 1.000000, 0.000000
351.979771, 149.272055, 1.000000, 0.000000
352.155527, 149.208179, 1.000000, 0.000000
352.223876, 149.188149, 1.000000, 0.000000
352.381802, 149.140761, 1.000000, 0.000000
352.446591, 149.108885, 1.000000, 0.000000
352.599356, 149.061410, 1.000000, 0.000000
352.758009, 148.999073, 1.000000, 0.000000
352.822350, 148.966304, 1.000000, 0.000000
352.989845, 148.912838, 1.000000, 0.000000
353.057687, 148.891155, 1.000000, 0.000000
353.227170, 148.836468, 1.000000, 0.000000
353.399490, 148.768326, 1.000000, 0.000000
353.459961, 148.723832, 1.000000, 0.000000
353.630242, 148.643848, 1.000000, 0.000000
353.690712, 148.599354, 1.000000, 0.000000
353.868295, 148.541960, 1.000000, 0.000000
354.042227, 148.473270, 1.000000, 0.000000
354.106347, 148.440072, 1.000000, 0.000000
354.280279, 148.371383, 1.000000, 0.000000
354.344400, 148.338184, 1.000000, 0.000000
354.521983, 148.280790, 1.000000, 0.000000
354.699565, 148.223396, 1.000000, 0.000000
354.763686, 148.190197, 1.000000, 0.000000
354.937617, 148.121508, 1.000000, 0.000000
355.005389, 148.099604, 1.000000, 0.000000
355.179321, 148.030915, 1.000000, 0.000000
355.353253, 147.962226, 1.000000, 0.000000
355.413723, 147.917732, 1.000000, 0.000000
355.591305, 147.860338, 1.000000, 0.000000
355.659077, 147.838434, 1.000000, 0.000000
355.833009, 147.769745, 1.000000, 0.000000
356.010591, 147.712351, 1.000000, 0.000000
356.074712, 147.679152, 1.000000, 0.000000
356.248644, 147.610463, 1.000000, 0.000000
356.312764, 147.577264, 1.000000, 0.000000
356.486697, 147.508575, 1.000000, 0.000000
356.662059, 147.439423, 1.000000, 0.000000
356.729831, 147.417520, 1.000000, 0.000000
356.913183, 147.358261, 1.000000, 0.000000
356.984605, 147.347653, 1.000000, 0.000000
357.161002, 147.290642, 1.000000, 0.000000
357.341743, 147.232227, 1.000000, 0.000000
357.409514, 147.210323, 1.000000, 0.000000
357.584747, 147.153241, 1.000000, 0.000000
357.652453, 147.131135, 1.000000, 0.000000
357.793625, 147.070563, 1.000000, 0.000000
357.864862, 147.058779, 1.000000, 0.000000
358.000581, 147.022055, 1.000000, 0.000000
358.067542, 146.997785, 1.000000, 0.000000
358.203457, 146.932944, 1.000000, 0.000000
358.265772, 146.896470, 1.000000, 0.000000
358.404712, 146.827817, 1.000000, 0.000000
358.836906, 147.458536, 1.000000, 0.000000
358.907225, 147.442139, 1.000000, 0.000000
359.075066, 147.383452, 1.000000, 0.000000
359.140522, 147.355375, 1.000000, 0.000000
359.324922, 147.275870, 1.000000, 0.000000
359.390315, 147.247647, 1.000000, 0.000000
359.580112, 147.165734, 1.000000, 0.000000
359.650208, 147.148410, 1.000000, 0.000000
359.840005, 147.066497, 1.000000, 0.000000
359.905398, 147.038274, 1.000000, 0.000000
360.095195, 146.956361, 1.000000, 0.000000
360.284992, 146.874447, 1.000000, 0.000000
360.355089, 146.857123, 1.000000, 0.000000
360.544886, 146.775210, 1.000000, 0.000000
360.614983, 146.757886, 1.000000, 0.000000
360.809484, 146.686872, 1.000000, 0.000000
360.874876, 146.658649, 1.000000, 0.000000
361.069377, 146.587634, 1.000000, 0.000000
361.139474, 146.570311, 1.000000, 0.000000
361.329271, 146.488397, 1.000000, 0.000000
361.399367, 146.471074, 1.000000, 0.000000
361.589164, 146.389160, 1.000000, 0.000000
361.778962, 146.307247, 1.000000, 0.000000
361.844354, 146.279024, 1.000000, 0.000000
362.034151, 146.197111, 1.000000, 0.000000
362.099544, 146.168888, 1.000000, 0.000000
362.289342, 146.086975, 1.000000, 0.000000
362.359438, 146.069651, 1.000000, 0.000000
362.549235, 145.987737, 1.000000, 0.000000
362.619332, 145.970414, 1.000000, 0.000000
362.813832, 145.899399, 1.000000, 0.000000
362.883929, 145.882075, 1.000000, 0.000000
363.078430, 145.811061, 1.000000, 0.000000
363.272931, 145.740046, 1.000000, 0.000000
363.343027, 145.722722, 1.000000, 0.000000
363.537528, 145.651708, 1.000000, 0.000000
363.607625, 145.634384, 1.000000, 0.000000
363.806829, 145.574268, 1.000000, 0.000000
363.876926, 145.556944, 1.000000, 0.000000
364.078235, 145.496037, 1.000000, 0.000000
364.148342, 145.478754, 1.000000, 0.000000
364.341872, 145.408856, 1.000000, 0.000000
364.412026, 145.391766, 1.000000, 0.000000
364.610996, 145.320390, 1.000000, 0.000000
364.671962, 145.281701, 1.000000, 0.000000
364.873800, 145.209955, 1.000000, 0.000000
364.948665, 145.204332, 1.000000, 0.000000
365.148952, 145.121197, 1.000000, 0.000000
365.214741, 145.093909, 1.000000, 0.000000
365.418265, 145.010258, 1.000000, 0.000000
365.488657, 144.994179, 1.000000, 0.000000
365.694397, 144.910335, 1.000000, 0.000000
365.760359, 144.883469, 1.000000, 0.000000
365.965487, 144.800264, 1.000000, 0.000000
366.035951, 144.784499, 1.000000, 0.000000
366.237806, 144.702643, 1.000000, 0.000000
366.303809, 144.675878, 1.000000, 0.000000
366.505664, 144.594023, 1.000000, 0.000000
366.571666, 144.567258, 1.000000, 0.000000
366.769060, 144.474402, 1.000000, 0.000000
366.835063, 144.447636, 1.000000, 0.000000
367.041379, 144.376781, 1.000000, 0.000000
367.107382, 144.350016, 1.000000, 0.000000
367.313698, 144.279161, 1.000000, 0.000000
367.379700, 144.252396, 1.000000, 0.000000
367.581555, 144.170540, 1.000000, 0.000000
367.647558, 144.143775, 1.000000, 0.000000
367.849413, 144.061919, 1.000000, 0.000000
367.915416, 144.035154, 1.000000, 0.000000
368.117271, 143.953298, 1.000000, 0.000000
368.183274, 143.926533, 1.000000, 0.000000
368.380668, 143.833677, 1.000000, 0.000000
368.451131, 143.817913, 1.000000, 0.000000
368.652987, 143.736057, 1.000000, 0.000000
368.723450, 143.720292, 1.000000, 0.000000
368.929766, 143.649437, 1.000000, 0.000000
369.000229, 143.633672, 1.000000, 0.000000
369.206545, 143.562817, 1.000000, 0.000000
369.272548, 143.536052, 1.000000, 0.000000
369.474403, 143.454196, 1.000000, 0.000000
369.535945, 143.416431, 1.000000, 0.000000
369.737800, 143.334575, 1.000000, 0.000000
369.803803, 143.307810, 1.000000, 0.000000
370.010119, 143.236955, 1.000000, 0.000000
370.076121, 143.210190, 1.000000, 0.000000
370.286898, 143.150335, 1.000000, 0.000000
370.357362, 143.134570, 1.000000, 0.000000
370.559217, 143.052714, 1.000000, 0.000000
370.625219, 143.025949, 1.000000, 0.000000
370.827074, 142.944094, 1.000000, 0.000000
370.888616, 142.906328, 1.000000, 0.000000
371.090471, 142.824472, 1.000000, 0.000000
371.156474, 142.797707, 1.000000, 0.000000
371.362956, 142.726802, 1.000000, 0.000000
371.428961, 142.700042, 1.000000, 0.000000
371.645764, 142.626079, 1.000000, 0.000000
371.720711, 142.621690, 1.000000, 0.000000
371.957410, 142.543281, 1.000000, 0.000000
372.028165, 142.528881, 1.000000, 0.000000
372.264607, 142.454260, 1.000000, 0.000000
372.331461, 142.429697, 1.000000, 0.000000
372.560464, 142.361249, 1.000000, 0.000000
372.627642, 142.337588, 1.000000, 0.000000
372.860458, 142.271015, 1.000000, 0.000000
372.927941, 142.248238, 1.000000, 0.000000
373.164561, 142.183555, 1.000000, 0.000000
373.235982, 142.172941, 1.000000, 0.000000
373.473474, 142.110820, 1.000000, 0.000000
373.541484, 142.089669, 1.000000, 0.000000
373.766991, 142.020405, 1.000000, 0.000000
373.835102, 141.999583, 1.000000, 0.000000
373.903214, 141.978762, 1.000000, 0.000000
374.122953, 141.911588, 1.000000, 0.000000
374.191064, 141.890766, 1.000000, 0.000000
374.406741, 141.837247, 1.000000, 0.000000
374.474852, 141.816425, 1.000000, 0.000000
374.687174, 141.751519, 1.000000, 0.000000
374.758755, 141.742049, 1.000000, 0.000000
374.971076, 141.677142, 1.000000, 0.000000
375.039188, 141.656321, 1.000000, 0.000000
375.103829, 141.624147, 1.000000, 0.000000
375.316150, 141.559241, 1.000000, 0.000000
375.387732, 141.549771, 1.000000, 0.000000
375.600053, 141.484865, 1.000000, 0.000000
375.668165, 141.464043, 1.000000, 0.000000
375.887426, 141.421841, 1.000000, 0.000000
375.955538, 141.401019, 1.000000, 0.000000
376.020179, 141.368845, 1.000000, 0.000000
376.235970, 141.315291, 1.000000, 0.000000
376.304082, 141.294469, 1.000000, 0.000000
376.516403, 141.229563, 1.000000, 0.000000
376.584515, 141.208741, 1.000000, 0.000000
376.796836, 141.143835, 1.000000, 0.000000
376.864947, 141.123013, 1.000000, 0.000000
376.933059, 141.102192, 1.000000, 0.000000
377.148850, 141.048637, 1.000000, 0.000000
377.220432, 141.039167, 1.000000, 0.000000
377.436223, 140.985613, 1.000000, 0.000000
377.504335, 140.964791, 1.000000, 0.000000
377.716656, 140.899885, 1.000000, 0.000000
377.784767, 140.879063, 1.000000, 0.000000
377.849409, 140.846890, 1.000000, 0.000000
378.061729, 140.781983, 1.000000, 0.000000
378.133311, 140.772514, 1.000000, 0.000000
378.345633, 140.707607, 1.000000, 0.000000
378.413744, 140.686786, 1.000000, 0.000000
378.626065, 140.621879, 1.000000, 0.000000
378.690706, 140.589706, 1.000000, 0.000000
378.758818, 140.568884, 1.000000, 0.000000
378.971139, 140.503978, 1.000000, 0.000000
379.039250, 140.483156, 1.000000, 0.000000
379.251572, 140.418249, 1.000000, 0.000000
379.319683, 140.397428, 1.000000, 0.000000
379.535474, 140.343873, 1.000000, 0.000000
379.603586, 140.323052, 1.000000, 0.000000
379.675168, 140.313582, 1.000000, 0.000000
379.884018, 140.237324, 1.000000, 0.000000
379.952130, 140.216502, 1.000000, 0.000000
380.169609, 140.162600, 1.000000, 0.000000
380.237738, 140.141837, 1.000000, 0.000000
380.457222, 140.087680, 1.000000, 0.000000
380.525390, 140.067044, 1.000000, 0.000000
380.593559, 140.046409, 1.000000, 0.000000
380.809636, 139.981405, 1.000000, 0.000000
380.874423, 139.949527, 1.000000, 0.000000
381.090486, 139.884898, 1.000000, 0.000000
381.158728, 139.864508, 1.000000, 0.000000
381.374759, 139.800246, 1.000000, 0.000000
381.446414, 139.791350, 1.000000, 0.000000
381.514690, 139.771075, 1.000000, 0.000000
381.736735, 139.705506, 1.000000, 0.000000
381.808405, 139.696726, 1.000000, 0.000000
382.036480, 139.629734, 1.000000, 0.000000
382.104821, 139.609679, 1.000000, 0.000000
382.339949, 139.553119, 1.000000, 0.000000
382.408297, 139.533089, 1.000000, 0.000000
382.476646, 139.513058, 1.000000, 0.000000
382.705740, 139.458290, 1.000000, 0.000000
382.774089, 139.438260, 1.000000, 0.000000
383.005850, 139.370341, 1.000000, 0.000000
383.074199, 139.350311, 1.000000, 0.000000
383.142547, 139.330281, 1.000000, 0.000000
383.380328, 139.260598, 1.000000, 0.000000
383.448676, 139.240568, 1.000000, 0.000000
383.692476, 139.169121, 1.000000, 0.000000
383.760825, 139.149091, 1.000000, 0.000000
383.829173, 139.129061, 1.000000, 0.000000
384.072974, 139.057614, 1.000000, 0.000000
384.141322, 139.037584, 1.000000, 0.000000
384.385122, 138.966137, 1.000000, 0.000000
384.453471, 138.946107, 1.000000, 0.000000
384.521819, 138.926077, 1.000000, 0.000000
384.768958, 138.866021, 1.000000, 0.000000
384.837306, 138.845991, 1.000000, 0.000000
385.081107, 138.774544, 1.000000, 0.000000
385.149455, 138.754514, 1.000000, 0.000000
385.217804, 138.734484, 1.000000, 0.000000
385.461604, 138.663037, 1.000000, 0.000000
385.529952, 138.643007, 1.000000, 0.000000
385.773753, 138.571559, 1.000000, 0.000000
385.842101, 138.551529, 1.000000, 0.000000
385.910450, 138.531499, 1.000000, 0.000000
386.154250, 138.460052, 1.000000, 0.000000
386.222599, 138.440022, 1.000000, 0.000000
386.466399, 138.368575, 1.000000, 0.000000
386.531409, 138.337154, 1.000000, 0.000000
386.599757, 138.317124, 1.000000, 0.000000
386.843557, 138.245677, 1.000000, 0.000000
386.911906, 138.225647, 1.000000, 0.000000
387.155707, 138.154199, 1.000000, 0.000000
387.227393, 138.145561, 1.000000, 0.000000
387.292404, 138.114139, 1.000000, 0.000000
387.536204, 138.042692, 1.000000, 0.000000
387.604552, 138.022662, 1.000000, 0.000000
387.848352, 137.951215, 1.000000, 0.000000
387.916701, 137.931185, 0.000000, 0.000000
387.985049, 137.911155, 0.000000, 0.000000
388.232188, 137.851099, 0.000000, 0.000000
388.300537, 137.831069, 0.000000, 0.000000
388.544337, 137.759622, 0.000000, 0.000000
388.612685, 137.739592, 0.000000, 0.000000
388.681034, 137.719562, 0.000000, 0.000000
388.928172, 137.659507, 0.000000, 0.000000
388.996521, 137.639477, 0.000000, 0.000000
389.239367, 137.568201, 0.000000, 0.000000
389.307705, 137.548137, 0.000000, 0.000000
389.376044, 137.528073, 0.000000, 0.000000
389.617584, 137.456864, 0.000000, 0.000000
389.689256, 137.448107, 0.000000, 0.000000
389.930861, 137.376631, 0.000000, 0.000000
389.999154, 137.356412, 0.000000, 0.000000
390.067447, 137.336193, 0.000000, 0.000000
390.309078, 137.264396, 0.000000, 0.000000
390.380731, 137.255485, 0.000000, 0.000000
390.622414, 137.183450, 0.000000, 0.000000
390.690666, 137.163094, 0.000000, 0.000000
390.758918, 137.142737, 0.000000, 0.000000
391.000619, 137.070415, 0.000000, 0.000000
391.072256, 137.061368, 0.000000, 0.000000
391.313891, 136.988865, 0.000000, 0.000000
391.382106, 136.968386, 1.000000, 0.000000
391.453734, 136.959275, 1.000000, 0.000000
391.697912, 136.898324, 1.000000, 0.000000
391.769539, 136.889203, 1.000000, 0.000000
392.008380, 136.817460, 1.000000, 0.000000
392.073177, 136.785601, 1.000000, 0.000000
392.141389, 136.765111, 1.000000, 0.000000
392.378052, 136.694022, 1.000000, 0.000000
392.446264, 136.673532, 1.000000, 0.000000
392.680751, 136.603097, 1.000000, 0.000000
392.748963, 136.582607, 1.000000, 0.000000
392.813760, 136.550748, 1.000000, 0.000000
393.046072, 136.480966, 1.000000, 0.000000
393.117700, 136.471845, 1.000000, 0.000000
393.347841, 136.402714, 1.000000, 0.000000
393.419468, 136.393593, 1.000000, 0.000000
393.487680, 136.373103, 1.000000, 0.000000
393.719175, 136.315961, 1.000000, 0.000000
393.787387, 136.295471, 1.000000, 0.000000
394.018882, 136.238329, 1.000000, 0.000000
394.087094, 136.217839, 1.000000, 0.000000
394.155306, 136.197349, 1.000000, 0.000000
394.386801, 136.140206, 1.000000, 0.000000
394.455013, 136.119717, 1.000000, 0.000000
394.686508, 136.062574, 1.000000, 0.000000
394.754720, 136.042084, 1.000000, 0.000000
394.826347, 136.032963, 1.000000, 0.000000
395.057842, 135.975821, 1.000000, 0.000000
395.126054, 135.955331, 1.000000, 0.000000
395.357549, 135.898188, 1.000000, 0.000000
395.425762, 135.877699, 1.000000, 0.000000
395.493974, 135.857209, 1.000000, 0.000000
395.722053, 135.788698, 1.000000, 0.000000
395.790266, 135.768208, 1.000000, 0.000000
396.021760, 135.711065, 1.000000, 0.000000
396.089973, 135.690575, 1.000000, 0.000000
396.158185, 135.670086, 1.000000, 0.000000
396.386265, 135.601574, 1.000000, 0.000000
396.457892, 135.592453, 1.000000, 0.000000
396.685972, 135.523942, 1.000000, 0.000000
396.754184, 135.503452, 1.000000, 0.000000
396.825811, 135.494331, 1.000000, 0.000000
397.053891, 135.425820, 1.000000, 0.000000
397.122103, 135.405330, 1.000000, 0.000000
397.350183, 135.336819, 1.000000, 0.000000
397.421810, 135.327698, 1.000000, 0.000000
397.493437, 135.318577, 1.000000, 0.000000
397.721517, 135.250066, 1.000000, 0.000000
397.793144, 135.240944, 1.000000, 0.000000
398.021224, 135.172433, 1.000000, 0.000000
398.092851, 135.163312, 1.000000, 0.000000
398.164478, 135.154191, 1.000000, 0.000000
398.392559, 135.085680, 1.000000, 0.000000
398.464186, 135.076559, 1.000000, 0.000000
398.692266, 135.008047, 1.000000, 0.000000
398.763893, 134.998926, 1.000000, 0.000000
398.832105, 134.978437, 1.000000, 0.000000
399.063798, 134.921263, 1.000000, 0.000000
399.132013, 134.900782, 1.000000, 0.000000
399.367279, 134.843006, 1.000000, 0.000000
399.438928, 134.834061, 1.000000, 0.000000
399.507190, 134.813739, 1.000000, 0.000000
399.742663, 134.756593, 1.000000, 0.000000
399.810974, 134.736435, 1.000000, 0.000000
400.046605, 134.679768, 1.000000, 0.000000
400.114965, 134.659776, 1.000000, 0.000000
400.186657, 134.651178, 1.000000, 0.000000
400.419166, 134.583775, 1.000000, 0.000000
400.490878, 134.575356, 1.000000, 0.000000
400.723577, 134.508443, 1.000000, 0.000000
400.795311, 134.500206, 1.000000, 0.000000
400.863770, 134.480558, 1.000000, 0.000000
401.096712, 134.414322, 1.000000, 0.000000
401.168467, 134.406271, 1.000000, 0.000000
401.401436, 134.340571, 1.000000, 0.000000
401.473211, 134.332701, 1.000000, 0.000000
401.541770, 134.313405, 1.000000, 0.000000
401.775236, 134.260141, 1.000000, 0.000000
401.843805, 134.240877, 1.000000, 0.000000
402.085764, 134.185233, 1.000000, 0.000000
402.157544, 134.177398, 1.000000, 0.000000
402.226112, 134.158135, 1.000000, 0.000000
402.465848, 134.103115, 1.000000, 0.000000
402.534416, 134.083852, 1.000000, 0.000000
402.783359, 134.026245, 1.000000, 0.000000
402.851927, 134.006982, 1.000000, 0.000000
402.920496, 133.987719, 1.000000, 0.000000
403.181858, 133.938954, 1.000000, 0.000000
403.253637, 133.931119, 1.000000, 0.000000
403.322205, 133.911855, 1.000000, 0.000000
403.574930, 133.840857, 1.000000, 0.000000
403.646709, 133.833021, 1.000000, 0.000000
403.715278, 133.813758, 1.000000, 0.000000
403.977217, 133.740171, 1.000000, 0.000000
404.045785, 133.720908, 1.000000, 0.000000
404.308446, 133.659448, 1.000000, 0.000000
404.377014, 133.640184, 1.000000, 0.000000
404.445583, 133.620921, 1.000000, 0.000000
404.705033, 133.548033, 1.000000, 0.000000
404.773602, 133.528770, 1.000000, 0.000000
404.842170, 133.509506, 1.000000, 0.000000
405.101620, 133.436618, 1.000000, 0.000000
405.170189, 133.417355, 1.000000, 0.000000
405.238757, 133.398092, 1.000000, 0.000000
405.498207, 133.325204, 1.000000, 0.000000
405.566776, 133.305940, 1.000000, 0.000000
405.635345, 133.286677, 1.000000, 0.000000
405.898006, 133.225217, 1.000000, 0.000000
405.966574, 133.205954, 1.000000, 0.000000
406.035143, 133.186691, 1.000000, 0.000000
406.294593, 133.113802, 1.000000, 0.000000
406.363161, 133.094539, 1.000000, 0.000000
406.431730, 133.075276, 1.000000, 0.000000
406.691180, 133.002388, 1.000000, 0.000000
406.759748, 132.983125, 1.000000, 0.000000
406.828317, 132.963861, 1.000000, 0.000000
407.087767, 132.890973, 1.000000, 0.000000
407.156336, 132.871710, 1.000000, 0.000000
407.224904, 132.852447, 1.000000, 0.000000
407.484354, 132.779559, 1.000000, 0.000000
407.552923, 132.760295, 1.000000, 0.000000
407.621491, 132.741032, 1.000000, 0.000000
407.880941, 132.668144, 1.000000, 0.000000
407.949510, 132.648881, 1.000000, 0.000000
408.014868, 132.618189, 1.000000, 0.000000
408.274318, 132.545301, 1.000000, 0.000000
408.342887, 132.526038, 1.000000, 0.000000
408.408245, 132.495347, 1.000000, 0.000000
408.667695, 132.422458, 1.000000, 0.000000
408.736264, 132.403195, 1.000000, 0.000000
408.804832, 132.383932, 1.000000, 0.000000
409.061072, 132.299616, 1.000000, 0.000000
409.129640, 132.280353, 1.000000, 0.000000
409.198209, 132.261089, 1.000000, 0.000000
409.458205, 132.188131, 1.000000, 0.000000
409.523574, 132.157464, 1.000000, 0.000000
409.592150, 132.138227, 1.000000, 0.000000
409.856616, 132.064797, 1.000000, 0.000000
409.925257, 132.045795, 1.000000, 0.000000
409.990732, 132.015354, 1.000000, 0.000000
410.255093, 131.942871, 1.000000, 0.000000
410.323795, 131.924087, 1.000000, 0.000000
410.392496, 131.905303, 1.000000, 0.000000
410.656739, 131.833701, 1.000000, 0.000000
410.725496, 131.815118, 1.000000, 0.000000
410.794252, 131.796536, 1.000000, 0.000000
411.058390, 131.725745, 1.000000, 0.000000
411.127196, 131.707349, 1.000000, 0.000000
411.196003, 131.688953, 1.000000, 0.000000
411.460048, 131.618913, 1.000000, 0.000000
411.528901, 131.600691, 1.000000, 0.000000
411.597753, 131.582469, 1.000000, 0.000000
411.861662, 131.513131, 1.000000, 0.000000
411.930557, 131.495068, 1.000000, 0.000000
411.999451, 131.477005, 1.000000, 0.000000
412.261480, 131.408506, 1.000000, 0.000000
412.330391, 131.390506, 1.000000, 0.000000
412.399302, 131.372506, 1.000000, 0.000000
412.660048, 131.304399, 1.000000, 0.000000
412.728959, 131.286399, 1.000000, 0.000000
412.797870, 131.268399, 1.000000, 0.000000
413.058616, 131.200292, 1.000000, 0.000000
413.127527, 131.182292, 1.000000, 0.000000
413.196438, 131.164292, 1.000000, 0.000000
413.456996, 131.096234, 1.000000, 0.000000
413.525907, 131.078234, 1.000000, 0.000000
413.594818, 131.060235, 1.000000, 0.000000
413.853289, 130.992721, 1.000000, 0.000000
413.922200, 130.974722, 1.000000, 0.000000
413.991111, 130.956722, 1.000000, 0.000000
414.258993, 130.886751, 1.000000, 0.000000
414.327904, 130.868751, 1.000000, 0.000000
414.396815, 130.850751, 1.000000, 0.000000
414.662633, 130.781319, 1.000000, 0.000000
414.731544, 130.763319, 1.000000, 0.000000
414.800455, 130.745319, 1.000000, 0.000000
415.064221, 130.676423, 1.000000, 0.000000
415.130132, 130.646938, 1.000000, 0.000000
415.199043, 130.628939, 1.000000, 0.000000
415.463768, 130.572060, 1.000000, 0.000000
415.532679, 130.554061, 1.000000, 0.000000
415.601590, 130.536061, 1.000000, 0.000000
415.861287, 130.468228, 1.000000, 0.000000
415.930198, 130.450228, 1.000000, 0.000000
415.999109, 130.432228, 1.000000, 0.000000
416.256970, 130.364874, 1.000000, 0.000000
416.322881, 130.335389, 1.000000, 0.000000
416.580743, 130.268035, 1.000000, 0.000000
416.649654, 130.250035, 1.000000, 0.000000
416.715565, 130.220551, 1.000000, 0.000000
416.973426, 130.153197, 1.000000, 0.000000
417.042337, 130.135197, 1.000000, 0.000000
417.111248, 130.117197, 1.000000, 0.000000
417.369109, 130.049843, 1.000000, 0.000000
417.435021, 130.020358, 1.000000, 0.000000
417.503932, 130.002359, 1.000000, 0.000000
417.761793, 129.935005, 1.000000, 0.000000
417.830704, 129.917005, 1.000000, 0.000000
417.899615, 129.899005, 1.000000, 0.000000
418.154477, 129.820166, 1.000000, 0.000000
418.223388, 129.802166, 1.000000, 0.000000
418.292299, 129.784167, 1.000000, 0.000000
418.547160, 129.705327, 1.000000, 0.000000
418.616071, 129.687328, 1.000000, 0.000000
418.873932, 129.619974, 1.000000, 0.000000
418.942843, 129.601974, 1.000000, 0.000000
419.008754, 129.572489, 1.000000, 0.000000
419.266616, 129.505135, 1.000000, 0.000000
419.332527, 129.475650, 1.000000, 0.000000
419.401438, 129.457650, 1.000000, 0.000000
419.656299, 129.378811, 1.000000, 0.000000
419.725210, 129.360812, 1.000000, 0.000000
419.791121, 129.331327, 1.000000, 0.000000
420.048983, 129.263973, 1.000000, 0.000000
420.114894, 129.234488, 1.000000, 0.000000
420.183805, 129.216488, 1.000000, 0.000000
420.438666, 129.137649, 1.000000, 0.000000
420.507577, 129.119649, 1.000000, 0.000000
420.576488, 129.101649, 1.000000, 0.000000
420.831349, 129.022810, 1.000000, 0.000000
420.900260, 129.004811, 1.000000, 0.000000
421.157366, 128.937553, 1.000000, 0.000000
421.226269, 128.919521, 1.000000, 0.000000
421.295171, 128.901489, 1.000000, 0.000000
