493.436351, -54.828621, 0.000000, 0.000000
493.450949, -54.758910, 0.000000, 0.000000
493.465547, -54.689199, 0.000000, 0.000000
493.514517, -54.397438, 0.000000, 0.000000
493.529115, -54.327727, 0.000000, 0.000000
493.543713, -54.258016, 0.000000, 0.000000
493.594539, -53.957645, 0.000000, 0.000000
493.609359, -53.887981, 0.000000, 0.000000
493.624179, -53.818317, 0.000000, 0.000000
493.638999, -53.748652, 0.000000, 0.000000
493.695971, -53.427688, 0.000000, 0.000000
493.711548, -53.358190, 0.000000, 0.000000
493.727125, -53.288691, 0.000000, 0.000000
493.800370, -52.965090, 0.000000, 0.000000
493.805302, -52.893053, 0.000000, 0.000000
493.821783, -52.823763, 0.000000, 0.000000
493.910354, -52.504332, 1.000000, 0.000000
493.939236, -52.438154, 1.000000, 0.000000
493.956605, -52.369081, 1.000000, 0.000000
493.973974, -52.300008, 1.000000, 0.000000
494.055531, -51.979660, 1.000000, 0.000000
494.073772, -51.910812, 1.000000, 0.000000
494.092013, -51.841965, 1.000000, 0.000000
494.165737, -51.519931, 1.000000, 0.000000
494.184834, -51.451316, 1.000000, 0.000000
494.203931, -51.382701, 1.000000, 0.000000
494.281258, -51.061916, 1.000000, 0.000000
494.301194, -50.993540, 1.000000, 0.000000
494.309734, -50.921841, 1.000000, 0.000000
494.329670, -50.853465, 1.000000, 0.000000
494.409850, -50.538774, 1.000000, 0.000000
494.419128, -50.467167, 1.000000, 0.000000
494.439767, -50.399000, 1.000000, 0.000000
494.527662, -50.109051, 1.000000, 0.000000
494.537126, -50.037469, 1.000000, 0.000000
494.557943, -49.969356, 1.000000, 0.000000
494.644341, -49.686660, 1.000000, 0.000000
494.665158, -49.618547, 1.000000, 0.000000
494.685974, -49.550434, 1.000000, 0.000000
494.706791, -49.482321, 1.000000, 0.000000
494.793189, -49.199624, 1.000000, 0.000000
494.814006, -49.131511, 1.000000, 0.000000
494.834823, -49.063398, 1.000000, 0.000000
494.921220, -48.780703, 1.000000, 0.000000
494.942037, -48.712590, 1.000000, 0.000000
494.962854, -48.644477, 1.000000, 0.000000
495.049252, -48.361781, 1.000000, 0.000000
495.070068, -48.293668, 1.000000, 0.000000
495.090885, -48.225555, 1.000000, 0.000000
495.100350, -48.153972, 1.000000, 0.000000
495.186748, -47.871276, 1.000000, 0.000000
495.196212, -47.799694, 1.000000, 0.000000
495.205677, -47.728111, 1.000000, 0.000000
495.292075, -47.445415, 1.000000, 0.000000
495.301539, -47.373833, 1.000000, 0.000000
495.311004, -47.302250, 1.000000, 0.000000
495.397402, -47.019555, 1.000000, 0.000000
495.406866, -46.947972, 1.000000, 0.000000
495.416331, -46.876390, 1.000000, 0.000000
495.414443, -46.801338, 0.000000, 0.000000
495.489489, -46.515172, 0.000000, 0.000000
495.510306, -46.447059, 0.000000, 0.000000
495.531123, -46.378946, 0.000000, 0.000000
495.617520, -46.096250, 0.000000, 0.000000
495.626985, -46.024668, 0.000000, 0.000000
495.647802, -45.956555, 0.000000, 0.000000
495.734200, -45.673859, 0.000000, 0.000000
495.743664, -45.602276, 0.000000, 0.000000
495.764481, -45.534163, 0.000000, 0.000000
495.785298, -45.466050, 0.000000, 0.000000
495.872163, -45.181826, 0.000000, 0.000000
495.881627, -45.110244, 0.000000, 0.000000
495.902444, -45.042131, 0.000000, 0.000000
495.989960, -44.755775, 0.000000, 0.000000
495.999425, -44.684192, 0.000000, 0.000000
496.020242, -44.616079, 0.000000, 0.000000
496.108433, -44.327515, 0.000000, 0.000000
496.117898, -44.255932, 0.000000, 0.000000
496.138715, -44.187819, 0.000000, 0.000000
496.159531, -44.119706, 0.000000, 0.000000
496.248421, -43.828857, 0.000000, 0.000000
496.257886, -43.757274, 0.000000, 0.000000
496.278702, -43.689161, 0.000000, 0.000000
496.368313, -43.395953, 0.000000, 0.000000
496.377777, -43.324371, 0.000000, 0.000000
496.398594, -43.256258, 0.000000, 0.000000
496.488948, -42.960618, 0.000000, 0.000000
496.509765, -42.892505, 0.000000, 0.000000
496.519229, -42.820923, 0.000000, 0.000000
496.540046, -42.752810, 0.000000, 0.000000
496.631165, -42.454666, 0.000000, 0.000000
496.640630, -42.383084, 0.000000, 0.000000
496.661446, -42.314971, 0.000000, 0.000000
496.752768, -42.016165, 0.000000, 0.000000
496.762232, -41.944582, 0.000000, 0.000000
496.783049, -41.876469, 0.000000, 0.000000
496.874371, -41.577663, 0.000000, 0.000000
496.895187, -41.509550, 0.000000, 0.000000
496.904652, -41.437968, 0.000000, 0.000000
496.925469, -41.369855, 0.000000, 0.000000
497.016790, -41.071048, 0.000000, 0.000000
497.026255, -40.999466, 0.000000, 0.000000
497.047072, -40.931353, 0.000000, 0.000000
497.138393, -40.632547, 0.000000, 0.000000
497.159210, -40.564434, 0.000000, 0.000000
497.168674, -40.492851, 0.000000, 0.000000
497.260849, -40.191295, 0.000000, 0.000000
497.281729, -40.123201, 0.000000, 0.000000
497.291260, -40.051628, 0.000000, 0.000000
497.312140, -39.983534, 0.000000, 0.000000
497.417497, -39.643771, 0.000000, 0.000000
497.428019, -39.572336, 0.000000, 0.000000
497.449841, -39.504539, 0.000000, 0.000000
497.565694, -39.148862, 0.000000, 0.000000
497.588845, -39.081506, 0.000000, 0.000000
497.600770, -39.010292, 0.000000, 0.000000
497.724339, -38.653607, 0.000000, 0.000000
497.748879, -38.586745, 0.000000, 0.000000
497.762274, -38.515793, 0.000000, 0.000000
497.786813, -38.448931, 0.000000, 0.000000
497.920009, -38.091918, 0.000000, 0.000000
497.945995, -38.025605, 0.000000, 0.000000
497.960930, -37.954961, 0.000000, 0.000000
498.113799, -37.601884, 1.000000, 0.000000
498.141292, -37.536181, 1.000000, 0.000000
498.179736, -37.475061, 1.000000, 0.000000
498.353849, -37.123831, 1.000000, 0.000000
498.393824, -37.063700, 1.000000, 0.000000
498.433798, -37.003569, 1.000000, 0.000000
498.462941, -36.938582, 1.000000, 0.000000
498.608263, -36.590191, 1.000000, 0.000000
498.617302, -36.515661, 1.000000, 0.000000
498.637067, -36.446214, 1.000000, 0.000000
498.770839, -36.163850, 1.000000, 0.000000
498.790605, -36.094402, 1.000000, 0.000000
501.674621, -37.381907, -1.000000, 0.000000
501.808393, -37.099542, -1.000000, 0.000000
501.838886, -37.035177, -1.000000, 0.000000
501.869379, -36.970812, -1.000000, 0.000000
501.899873, -36.906447, -1.000000, 0.000000
502.033644, -36.624082, -1.000000, 0.000000
502.064137, -36.559717, -1.000000, 0.000000
502.094631, -36.495352, -1.000000, 0.000000
502.228402, -36.212987, -1.000000, 0.000000
502.258896, -36.148622, -1.000000, 0.000000
502.289389, -36.084257, -1.000000, 0.000000
502.423160, -35.801893, -1.000000, 0.000000
502.453654, -35.737527, -1.000000, 0.000000
502.484147, -35.673162, -1.000000, 0.000000
502.514640, -35.608797, -1.000000, 0.000000
502.648412, -35.326432, -1.000000, 0.000000
502.678905, -35.262067, -1.000000, 0.000000
502.709398, -35.197702, -1.000000, 0.000000
502.843170, -34.915337, -1.000000, 0.000000
502.873663, -34.850972, -1.000000, 0.000000
502.904156, -34.786607, -1.000000, 0.000000
503.037928, -34.504243, -1.000000, 0.000000
503.068421, -34.439877, -1.000000, 0.000000
503.098914, -34.375512, -1.000000, 0.000000
503.129408, -34.311147, -1.000000, 0.000000
503.263179, -34.028782, -1.000000, 0.000000
503.293673, -33.964417, -1.000000, 0.000000
503.324166, -33.900052, -1.000000, 0.000000
503.457937, -33.617688, -1.000000, 0.000000
503.488431, -33.553322, -1.000000, 0.000000
503.518924, -33.488957, -1.000000, 0.000000
503.652453, -33.207104, -1.000000, 0.000000
503.682947, -33.142738, -1.000000, 0.000000
503.713440, -33.078373, -1.000000, 0.000000
503.743933, -33.014008, -1.000000, 0.000000
503.874044, -32.739371, -1.000000, 0.000000
503.904537, -32.675005, -1.000000, 0.000000
503.935031, -32.610640, -1.000000, 0.000000
504.061796, -32.343064, -1.000000, 0.000000
504.092290, -32.278698, -1.000000, 0.000000
504.122783, -32.214333, -1.000000, 0.000000
504.251364, -31.942925, -1.000000, 0.000000
504.281857, -31.878560, -1.000000, 0.000000
504.312350, -31.814195, -1.000000, 0.000000
504.437746, -31.549509, -1.000000, 0.000000
504.468240, -31.485144, -1.000000, 0.000000
504.498733, -31.420779, -1.000000, 0.000000
504.621030, -31.162635, -1.000000, 0.000000
504.651523, -31.098270, -1.000000, 0.000000
504.682016, -31.033905, -1.000000, 0.000000
504.806387, -30.771384, -1.000000, 0.000000
504.836880, -30.707019, -1.000000, 0.000000
504.867373, -30.642654, -1.000000, 0.000000
504.989030, -30.385860, -1.000000, 0.000000
505.019524, -30.321495, -1.000000, 0.000000
505.050017, -30.257130, -1.000000, 0.000000
505.171674, -30.000336, -1.000000, 0.000000
505.202167, -29.935971, -1.000000, 0.000000
505.232661, -29.871606, -1.000000, 0.000000
505.354318, -29.614812, -1.000000, 0.000000
505.384811, -29.550447, -1.000000, 0.000000
505.415304, -29.486082, -1.000000, 0.000000
505.536962, -29.229288, -1.000000, 0.000000
505.567487, -29.164938, -1.000000, 0.000000
505.598011, -29.100588, -1.000000, 0.000000
505.719795, -28.843854, -1.000000, 0.000000
505.751108, -28.779884, -1.000000, 0.000000
505.782421, -28.715914, -1.000000, 0.000000
505.907344, -28.460704, -1.000000, 0.000000
505.939653, -28.397231, -1.000000, 0.000000
505.971962, -28.333758, -1.000000, 0.000000
506.100860, -28.080533, -1.000000, 0.000000
506.134123, -28.017554, -1.000000, 0.000000
506.167386, -27.954576, -1.000000, 0.000000
506.300088, -27.703324, -1.000000, 0.000000
506.334264, -27.640836, -1.000000, 0.000000
506.368439, -27.578348, -1.000000, 0.000000
506.504783, -27.329054, -1.000000, 0.000000
506.539832, -27.267051, -1.000000, 0.000000
506.574881, -27.205049, -1.000000, 0.000000
506.714709, -26.957692, -1.000000, 0.000000
506.750594, -26.896170, -1.000000, 0.000000
506.786479, -26.834647, -1.000000, 0.000000
506.929640, -26.589205, -1.000000, 0.000000
506.966308, -26.528146, -1.000000, 0.000000
507.002975, -26.467087, -1.000000, 0.000000
507.149260, -26.223492, -1.000000, 0.000000
507.186342, -26.162683, -1.000000, 0.000000
507.223423, -26.101875, -1.000000, 0.000000
507.371366, -25.859272, -1.000000, 0.000000
507.408448, -25.798463, -1.000000, 0.000000
507.445530, -25.737655, -1.000000, 0.000000
507.593472, -25.495052, -1.000000, 0.000000
507.630554, -25.434244, -1.000000, 0.000000
507.667636, -25.373435, -1.000000, 0.000000
507.815579, -25.130832, -1.000000, 0.000000
507.852660, -25.070024, -1.000000, 0.000000
507.889742, -25.009216, -1.000000, 0.000000
508.037685, -24.766612, -1.000000, 0.000000
508.074767, -24.705804, -1.000000, 0.000000
508.111849, -24.644996, -1.000000, 0.000000
508.259791, -24.402393, -1.000000, 0.000000
508.296873, -24.341584, -1.000000, 0.000000
508.333955, -24.280776, -1.000000, 0.000000
508.481898, -24.038173, -1.000000, 0.000000
508.518979, -23.977365, -1.000000, 0.000000
508.556061, -23.916556, -1.000000, 0.000000
508.704004, -23.673953, -1.000000, 0.000000
508.741086, -23.613145, -1.000000, 0.000000
508.778168, -23.552336, -1.000000, 0.000000
508.926110, -23.309733, -1.000000, 0.000000
508.963192, -23.248925, -1.000000, 0.000000
509.000274, -23.188116, -1.000000, 0.000000
509.148216, -22.945514, -1.000000, 0.000000
509.185298, -22.884705, -1.000000, 0.000000
509.222380, -22.823897, -1.000000, 0.000000
509.370323, -22.581294, -1.000000, 0.000000
509.407405, -22.520485, -1.000000, 0.000000
509.444486, -22.459677, -1.000000, 0.000000
509.592429, -22.217074, -1.000000, 0.000000
509.629511, -22.156265, -1.000000, 0.000000
509.666593, -22.095457, -1.000000, 0.000000
509.814639, -21.852684, -1.000000, 0.000000
509.851721, -21.791875, -1.000000, 0.000000
509.888803, -21.731067, -1.000000, 0.000000
510.039481, -21.483978, -1.000000, 0.000000
510.076563, -21.423170, -1.000000, 0.000000
510.113645, -21.362362, -1.000000, 0.000000
510.150726, -21.301553, -1.000000, 0.000000
510.297912, -21.060192, -1.000000, 0.000000
510.334994, -20.999384, -1.000000, 0.000000
510.372075, -20.938575, -1.000000, 0.000000
510.522004, -20.692716, -1.000000, 0.000000
510.559086, -20.631907, -1.000000, 0.000000
510.596168, -20.571099, -1.000000, 0.000000
510.748892, -20.320654, -1.000000, 0.000000
510.785974, -20.259845, -1.000000, 0.000000
510.823056, -20.199037, -1.000000, 0.000000
510.978628, -19.943923, -1.000000, 0.000000
511.015710, -19.883115, -1.000000, 0.000000
511.052792, -19.822306, -1.000000, 0.000000
511.205080, -19.572577, -1.000000, 0.000000
511.242162, -19.511769, -1.000000, 0.000000
511.279244, -19.450961, -1.000000, 0.000000
511.316325, -19.390152, -1.000000, 0.000000
511.471439, -19.135789, -1.000000, 0.000000
511.508521, -19.074981, -1.000000, 0.000000
511.545603, -19.014172, -1.000000, 0.000000
511.700717, -18.759810, -1.000000, 0.000000
511.737799, -18.699001, -1.000000, 0.000000
511.774880, -18.638193, -1.000000, 0.000000
511.929994, -18.383830, -1.000000, 0.000000
511.967076, -18.323022, -1.000000, 0.000000
512.004158, -18.262214, -1.000000, 0.000000
512.041240, -18.201405, -1.000000, 0.000000
512.196354, -17.947042, -1.000000, 0.000000
512.233436, -17.886234, -1.000000, 0.000000
512.270517, -17.825426, -1.000000, 0.000000
512.425631, -17.571063, -1.000000, 0.000000
512.462713, -17.510255, -1.000000, 0.000000
512.499795, -17.449446, -1.000000, 0.000000
512.654909, -17.195084, -1.000000, 0.000000
512.692315, -17.134474, -1.000000, 0.000000
512.729720, -17.073864, -1.000000, 0.000000
512.767126, -17.013255, -1.000000, 0.000000
512.924511, -16.760328, -1.000000, 0.000000
512.963306, -16.700598, -1.000000, 0.000000
513.002101, -16.640868, -1.000000, 0.000000
513.164851, -16.391359, -1.000000, 0.000000
513.205093, -16.332594, -1.000000, 0.000000
513.245334, -16.273829, -1.000000, 0.000000
513.413649, -16.028036, -1.000000, 0.000000
513.455370, -15.970312, -1.000000, 0.000000
513.497091, -15.912587, -1.000000, 0.000000
513.538812, -15.854863, -1.000000, 0.000000
513.714319, -15.614173, -1.000000, 0.000000
513.757548, -15.557570, -1.000000, 0.000000
513.800777, -15.500967, -1.000000, 0.000000
513.982096, -15.264623, -1.000000, 0.000000
514.026858, -15.209224, -1.000000, 0.000000
514.071621, -15.153825, -1.000000, 0.000000
514.258839, -14.922121, -1.000000, 0.000000
514.305154, -14.868013, -1.000000, 0.000000
514.351469, -14.813906, -1.000000, 0.000000
514.397784, -14.759798, -1.000000, 0.000000
514.591979, -14.533917, -1.000000, 0.000000
514.639022, -14.480441, -1.000000, 0.000000
514.686066, -14.426966, -1.000000, 0.000000
514.882852, -14.203279, -1.000000, 0.000000
514.929907, -14.149814, -1.000000, 0.000000
514.976962, -14.096348, -1.000000, 0.000000
515.173794, -13.872702, -1.000000, 0.000000
515.220849, -13.819237, -1.000000, 0.000000
515.267904, -13.765771, -1.000000, 0.000000
515.314959, -13.712306, -1.000000, 0.000000
515.511791, -13.488659, -1.000000, 0.000000
515.558846, -13.435194, -1.000000, 0.000000
515.605901, -13.381728, -1.000000, 0.000000
515.802733, -13.158082, -1.000000, 0.000000
515.849788, -13.104617, -1.000000, 0.000000
515.896843, -13.051151, -1.000000, 0.000000
516.093675, -12.827505, -1.000000, 0.000000
516.140730, -12.774040, -1.000000, 0.000000
516.187785, -12.720574, -1.000000, 0.000000
516.234840, -12.667109, -1.000000, 0.000000
516.431672, -12.443462, -1.000000, 0.000000
516.478727, -12.389997, -1.000000, 0.000000
516.525783, -12.336531, -1.000000, 0.000000
516.722614, -12.112885, -1.000000, 0.000000
516.769669, -12.059420, -1.000000, 0.000000
516.816725, -12.005954, -1.000000, 0.000000
517.013556, -11.782308, -1.000000, 0.000000
517.060611, -11.728842, -1.000000, 0.000000
517.107667, -11.675377, -1.000000, 0.000000
517.154722, -11.621912, -1.000000, 0.000000
517.351554, -11.398265, -1.000000, 0.000000
517.398609, -11.344800, -1.000000, 0.000000
517.445664, -11.291334, -1.000000, 0.000000
517.642496, -11.067688, -1.000000, 0.000000
517.689551, -11.014222, -1.000000, 0.000000
517.736606, -10.960757, -1.000000, 0.000000
517.933438, -10.737111, -1.000000, 0.000000
517.980493, -10.683645, -1.000000, 0.000000
518.027548, -10.630180, -1.000000, 0.000000
518.074603, -10.576715, -1.000000, 0.000000
518.267295, -10.357772, -1.000000, 0.000000
518.314350, -10.304306, -1.000000, 0.000000
518.361405, -10.250841, -1.000000, 0.000000
518.557878, -10.027603, -1.000000, 0.000000
518.604933, -9.974138, -1.000000, 0.000000
518.651988, -9.920672, -1.000000, 0.000000
518.844569, -9.701856, -1.000000, 0.000000
518.891624, -9.648391, -1.000000, 0.000000
518.938679, -9.594925, -1.000000, 0.000000
519.127547, -9.380328, -1.000000, 0.000000
519.174602, -9.326863, -1.000000, 0.000000
519.221657, -9.273397, -1.000000, 0.000000
519.406995, -9.062810, -1.000000, 0.000000
519.454050, -9.009345, -1.000000, 0.000000
519.501105, -8.955879, -1.000000, 0.000000
519.690948, -8.740174, -1.000000, 0.000000
519.738003, -8.686709, -1.000000, 0.000000
519.785058, -8.633243, -1.000000, 0.000000
519.971762, -8.421105, -1.000000, 0.000000
520.018817, -8.367639, -1.000000, 0.000000
520.065872, -8.314174, -1.000000, 0.000000
520.252515, -8.102105, -1.000000, 0.000000
520.299570, -8.048639, -1.000000, 0.000000
520.346625, -7.995174, -1.000000, 0.000000
520.533268, -7.783105, -1.000000, 0.000000
520.580323, -7.729639, -1.000000, 0.000000
520.627378, -7.676174, -1.000000, 0.000000
520.814022, -7.464104, -1.000000, 0.000000
520.861077, -7.410639, -1.000000, 0.000000
520.908132, -7.357173, -1.000000, 0.000000
521.094775, -7.145104, -1.000000, 0.000000
521.142525, -7.092259, -1.000000, 0.000000
521.190276, -7.039414, -1.000000, 0.000000
521.379674, -6.829812, -1.000000, 0.000000
521.428653, -6.778104, -1.000000, 0.000000
521.477632, -6.726395, -1.000000, 0.000000
521.671895, -6.521310, -1.000000, 0.000000
521.722132, -6.470822, -1.000000, 0.000000
521.772368, -6.420335, -1.000000, 0.000000
521.971618, -6.220092, -1.000000, 0.000000
522.023051, -6.170824, -1.000000, 0.000000
522.074484, -6.121556, -1.000000, 0.000000
522.278478, -5.926150, -1.000000, 0.000000
522.331047, -5.878096, -1.000000, 0.000000
522.383616, -5.830042, -1.000000, 0.000000
522.592115, -5.639451, -1.000000, 0.000000
522.645760, -5.592601, -1.000000, 0.000000
522.699406, -5.545752, -1.000000, 0.000000
522.912172, -5.359940, -1.000000, 0.000000
522.966836, -5.314283, -1.000000, 0.000000
523.021500, -5.268625, -1.000000, 0.000000
523.238303, -5.087543, -1.000000, 0.000000
523.293552, -5.042594, -1.000000, 0.000000
523.348800, -4.997646, -1.000000, 0.000000
523.567939, -4.819362, -1.000000, 0.000000
523.623340, -4.774602, -1.000000, 0.000000
523.678741, -4.729842, -1.000000, 0.000000
523.898488, -4.552302, -1.000000, 0.000000
523.953889, -4.507543, -1.000000, 0.000000
524.009289, -4.462783, -1.000000, 0.000000
524.229037, -4.285243, -1.000000, 0.000000
524.284438, -4.240483, -1.000000, 0.000000
524.339838, -4.195724, -1.000000, 0.000000
524.559586, -4.018184, -1.000000, 0.000000
524.614987, -3.973424, -1.000000, 0.000000
524.670388, -3.928664, -1.000000, 0.000000
524.890135, -3.751125, -1.000000, 0.000000
524.945536, -3.706365, -1.000000, 0.000000
525.000937, -3.661605, -1.000000, 0.000000
525.220684, -3.484066, -1.000000, 0.000000
525.276085, -3.439306, -1.000000, 0.000000
525.331486, -3.394546, -1.000000, 0.000000
525.551233, -3.217006, -1.000000, 0.000000
525.606634, -3.172246, -1.000000, 0.000000
525.662035, -3.127487, -1.000000, 0.000000
525.881782, -2.949947, -1.000000, 0.000000
525.937183, -2.905187, -1.000000, 0.000000
525.992584, -2.860427, -1.000000, 0.000000
526.212331, -2.682888, -1.000000, 0.000000
526.267732, -2.638128, -1.000000, 0.000000
526.323133, -2.593368, -1.000000, 0.000000
526.542880, -2.415829, -1.000000, 0.000000
526.598281, -2.371069, -1.000000, 0.000000
526.653682, -2.326309, -1.000000, 0.000000
526.873429, -2.148770, -1.000000, 0.000000
526.928830, -2.104010, -1.000000, 0.000000
526.984231, -2.059250, -1.000000, 0.000000
527.203978, -1.881711, -1.000000, 0.000000
527.259379, -1.836951, -1.000000, 0.000000
527.314780, -1.792191, -1.000000, 0.000000
527.536045, -1.613426, -1.000000, 0.000000
527.591446, -1.568666, -1.000000, 0.000000
527.646847, -1.523906, -1.000000, 0.000000
527.870731, -1.343024, -1.000000, 0.000000
527.926132, -1.298264, -1.000000, 0.000000
527.981533, -1.253504, -1.000000, 0.000000
528.036933, -1.208745, -1.000000, 0.000000
528.254414, -1.033036, -1.000000, 0.000000
528.309815, -0.988276, -1.000000, 0.000000
528.365216, -0.943517, -1.000000, 0.000000
528.585732, -0.765356, -1.000000, 0.000000
528.641133, -0.720596, -1.000000, 0.000000
528.696534, -0.675836, -1.000000, 0.000000
528.920284, -0.495063, -1.000000, 0.000000
528.975685, -0.450303, -1.000000, 0.000000
529.031086, -0.405543, -1.000000, 0.000000
529.258264, -0.222000, -1.000000, 0.000000
529.313665, -0.177240, -1.000000, 0.000000
529.369066, -0.132480, -1.000000, 0.000000
529.599861, 0.053985, -1.000000, 0.000000
529.655262, 0.098745, -1.000000, 0.000000
529.710663, 0.143505, -1.000000, 0.000000
529.942880, 0.331119, -1.000000, 0.000000
529.998281, 0.375879, -1.000000, 0.000000
530.053682, 0.420639, -1.000000, 0.000000
530.109083, 0.465399, -1.000000, 0.000000
530.341300, 0.653013, -1.000000, 0.000000
530.396701, 0.697773, -1.000000, 0.000000
530.452102, 0.742533, -1.000000, 0.000000
530.684320, 0.930148, -1.000000, 0.000000
530.739721, 0.974907, -1.000000, 0.000000
530.795122, 1.019667, -1.000000, 0.000000
531.027339, 1.207282, -1.000000, 0.000000
531.082740, 1.252041, -1.000000, 0.000000
531.138141, 1.296801, -1.000000, 0.000000
531.370381, 1.484387, -1.000000, 0.000000
531.425850, 1.529063, -1.000000, 0.000000
531.481319, 1.573738, -1.000000, 0.000000
531.713930, 1.760862, -1.000000, 0.000000
531.770050, 1.804717, -1.000000, 0.000000
531.826169, 1.848573, -1.000000, 0.000000
532.061382, 2.032381, -1.000000, 0.000000
532.118418, 2.075039, -1.000000, 0.000000
532.175454, 2.117696, -1.000000, 0.000000
532.232490, 2.160353, -1.000000, 0.000000
532.472294, 2.338110, -1.000000, 0.000000
532.530234, 2.379532, -1.000000, 0.000000
532.588173, 2.420954, -1.000000, 0.000000
532.831602, 2.593717, -1.000000, 0.000000
532.890429, 2.633869, -1.000000, 0.000000
532.949256, 2.674020, -1.000000, 0.000000
533.196249, 2.841652, -1.000000, 0.000000
533.255946, 2.880498, -1.000000, 0.000000
533.315642, 2.919344, -1.000000, 0.000000
533.566130, 3.081713, -1.000000, 0.000000
533.626676, 3.119222, -1.000000, 0.000000
533.687222, 3.156730, -1.000000, 0.000000
533.941115, 3.313730, -1.000000, 0.000000
534.002421, 3.349984, -1.000000, 0.000000
534.063726, 3.386237, -1.000000, 0.000000
534.320681, 3.538188, -1.000000, 0.000000
534.382153, 3.574159, -1.000000, 0.000000
534.443625, 3.610130, -1.000000, 0.000000
534.505097, 3.646101, -1.000000, 0.000000
534.762761, 3.796876, -1.000000, 0.000000
534.824233, 3.832847, -1.000000, 0.000000
534.885705, 3.868818, -1.000000, 0.000000
535.143369, 4.019593, -1.000000, 0.000000
535.204841, 4.055564, -1.000000, 0.000000
535.266313, 4.091535, -1.000000, 0.000000
535.523977, 4.242310, -1.000000, 0.000000
535.585449, 4.278281, -1.000000, 0.000000
535.646921, 4.314252, -1.000000, 0.000000
535.904585, 4.465027, -1.000000, 0.000000
535.966057, 4.500998, -1.000000, 0.000000
536.027529, 4.536969, -1.000000, 0.000000
536.285194, 4.687744, -1.000000, 0.000000
536.346666, 4.723715, -1.000000, 0.000000
536.408138, 4.759686, -1.000000, 0.000000
536.665802, 4.910461, -1.000000, 0.000000
536.727274, 4.946432, -1.000000, 0.000000
536.788746, 4.982403, -1.000000, 0.000000
536.850218, 5.018374, -1.000000, 0.000000
537.107882, 5.169149, -1.000000, 0.000000
537.169354, 5.205120, -1.000000, 0.000000
537.230826, 5.241091, -1.000000, 0.000000
537.488490, 5.391866, -1.000000, 0.000000
537.549962, 5.427837, -1.000000, 0.000000
537.611434, 5.463808, -1.000000, 0.000000
537.869098, 5.614583, -1.000000, 0.000000
537.930570, 5.650554, -1.000000, 0.000000
537.992042, 5.686525, -1.000000, 0.000000
538.249706, 5.837300, -1.000000, 0.000000
538.311178, 5.873271, -1.000000, 0.000000
538.372650, 5.909243, -1.000000, 0.000000
538.630079, 6.059880, -1.000000, 0.000000
538.691551, 6.095851, -1.000000, 0.000000
538.753023, 6.131822, -1.000000, 0.000000
539.008408, 6.281264, -1.000000, 0.000000
539.069880, 6.317235, -1.000000, 0.000000
539.131352, 6.353206, -1.000000, 0.000000
539.192824, 6.389177, -1.000000, 0.000000
539.446337, 6.537522, -1.000000, 0.000000
539.507809, 6.573493, -1.000000, 0.000000
539.569281, 6.609464, -1.000000, 0.000000
539.821096, 6.756817, -1.000000, 0.000000
539.882568, 6.792788, -1.000000, 0.000000
539.944040, 6.828759, -1.000000, 0.000000
540.194334, 6.975221, -1.000000, 0.000000
540.255806, 7.011192, -1.000000, 0.000000
540.317278, 7.047163, -1.000000, 0.000000
540.566228, 7.192839, -1.000000, 0.000000
540.627700, 7.228810, -1.000000, 0.000000
540.689172, 7.264781, -1.000000, 0.000000
540.936961, 7.409778, -1.000000, 0.000000
540.998433, 7.445749, -1.000000, 0.000000
541.059905, 7.481720, -1.000000, 0.000000
541.306812, 7.626200, -1.000000, 0.000000
541.368284, 7.662171, -1.000000, 0.000000
541.429756, 7.698142, -1.000000, 0.000000
541.491228, 7.734113, -1.000000, 0.000000
541.738135, 7.878594, -1.000000, 0.000000
541.799607, 7.914565, -1.000000, 0.000000
540.092504, 10.972908, 1.000000, 0.000000
540.345407, 11.107143, 1.000000, 0.000000
540.406879, 11.143114, 1.000000, 0.000000
540.474346, 11.168840, 1.000000, 0.000000
540.722284, 11.313910, 1.000000, 0.000000
540.783769, 11.349860, 1.000000, 0.000000
540.845253, 11.385810, 1.000000, 0.000000
541.104248, 11.550760, 1.000000, 0.000000
541.165945, 11.586344, 1.000000, 0.000000
541.233572, 11.611645, 1.000000, 0.000000
541.558573, 11.797445, 0.000000, 0.000000
541.621154, 11.831450, 0.000000, 0.000000
541.683735, 11.865456, 0.000000, 0.000000
542.011771, 12.042477, 0.000000, 0.000000
542.075180, 12.074912, 0.000000, 0.000000
542.138589, 12.107347, 0.000000, 0.000000
542.201998, 12.139782, 0.000000, 0.000000
542.528284, 12.317218, 0.000000, 0.000000
542.592466, 12.348095, 0.000000, 0.000000
542.656648, 12.378971, 0.000000, 0.000000
542.990506, 12.537215, 0.000000, 0.000000
543.055408, 12.566548, 0.000000, 0.000000
543.120310, 12.595882, 0.000000, 0.000000
543.455954, 12.745626, 0.000000, 0.000000
543.521523, 12.773436, 0.000000, 0.000000
498.838947, -55.959980, 1.000000, -1.#QNAN0
498.830308, -55.885403, 1.000000, -1.#QNAN0
498.821669, -55.810826, 1.000000, -1.#QNAN0
498.859020, -55.516632, 1.000000, -1.#QNAN0
498.838763, -55.439622, 1.000000, -1.#QNAN0
498.830124, -55.365045, 1.000000, -1.#QNAN0
498.854176, -55.076563, 1.000000, -1.#QNAN0
498.834165, -54.999489, 1.000000, -1.#QNAN0
498.814153, -54.922415, 1.000000, -1.#QNAN0
498.805751, -54.847811, 1.000000, -1.#QNAN0
498.838886, -54.580355, 1.000000, -1.#QNAN0
498.831296, -54.505664, 1.000000, -1.#QNAN0
498.823706, -54.430973, 1.000000, -1.#QNAN0
498.870086, -54.170938, 1.000000, -1.#QNAN0
498.863470, -54.096154, 1.000000, -1.#QNAN0
498.868403, -54.024118, 1.000000, -1.#QNAN0
498.906611, -53.760696, 1.000000, -1.#QNAN0
498.912468, -53.688729, 1.000000, -1.#QNAN0
498.918325, -53.616761, 1.000000, -1.#QNAN0
498.935694, -53.547688, 1.000000, -1.#QNAN0
498.989602, -53.286942, 1.000000, -1.#QNAN0
499.007843, -53.218095, 1.000000, -1.#QNAN0
499.026085, -53.149247, 1.000000, -1.#QNAN0
499.083151, -52.888539, 1.000000, -1.#QNAN0
499.102248, -52.819924, 1.000000, -1.#QNAN0
499.121345, -52.751309, 1.000000, -1.#QNAN0
499.192931, -52.493990, 1.000000, -1.#QNAN0
499.212867, -52.425614, 1.000000, -1.#QNAN0
499.232803, -52.357238, 1.000000, -1.#QNAN0
499.252739, -52.288862, 1.000000, -1.#QNAN0
499.329244, -52.028213, 1.000000, -1.#QNAN0
499.349883, -51.960046, 1.000000, -1.#QNAN0
499.381883, -51.895319, 1.000000, -1.#QNAN0
499.465854, -51.618267, 1.000000, -1.#QNAN0
499.486671, -51.550154, 1.000000, -1.#QNAN0
499.496136, -51.478571, 1.000000, -1.#QNAN0
499.571181, -51.192406, 1.000000, -1.#QNAN0
499.580646, -51.120823, 1.000000, -1.#QNAN0
499.601463, -51.052710, 1.000000, -1.#QNAN0
499.610927, -50.981128, 1.000000, -1.#QNAN0
499.685973, -50.694962, 1.000000, -1.#QNAN0
499.706790, -50.626849, 1.000000, -1.#QNAN0
499.716254, -50.555267, 1.000000, -1.#QNAN0
499.802652, -50.272571, 1.000000, -1.#QNAN0
499.823469, -50.204458, 1.000000, -1.#QNAN0
499.832934, -50.132875, 1.000000, -1.#QNAN0
499.907979, -49.846710, 1.000000, -1.#QNAN0
499.928796, -49.778597, 1.000000, -1.#QNAN0
499.938261, -49.707015, 1.000000, -1.#QNAN0
499.959077, -49.638902, 1.000000, -1.#QNAN0
500.045475, -49.356205, 1.000000, -1.#QNAN0
500.066292, -49.288092, 1.000000, -1.#QNAN0
500.087109, -49.219979, 1.000000, -1.#QNAN0
500.173507, -48.937284, 1.000000, -1.#QNAN0
500.194323, -48.869171, 1.000000, -1.#QNAN0
500.203788, -48.797588, 1.000000, -1.#QNAN0
500.290186, -48.514892, 1.000000, -1.#QNAN0
500.322355, -48.450249, 1.000000, -1.#QNAN0
500.343171, -48.382136, 1.000000, -1.#QNAN0
500.363988, -48.314023, 1.000000, -1.#QNAN0
500.450386, -48.031326, 1.000000, -1.#QNAN0
500.471203, -47.963213, 1.000000, -1.#QNAN0
500.480667, -47.891631, 1.000000, -1.#QNAN0
500.567065, -47.608935, 1.000000, -1.#QNAN0
500.587882, -47.540822, 1.000000, -1.#QNAN0
500.608699, -47.472709, 1.000000, -1.#QNAN0
500.683744, -47.186544, 1.000000, -1.#QNAN0
500.693209, -47.114961, 1.000000, -1.#QNAN0
500.714026, -47.046848, 1.000000, -1.#QNAN0
500.723490, -46.975266, 1.000000, -1.#QNAN0
500.810355, -46.691042, 1.000000, -1.#QNAN0
500.819820, -46.619459, 1.000000, -1.#QNAN0
500.840637, -46.551346, 1.000000, -1.#QNAN0
500.928153, -46.264990, 1.000000, -1.#QNAN0
500.948970, -46.196877, 1.000000, -1.#QNAN0
500.969787, -46.128764, 1.000000, -1.#QNAN0
501.046626, -45.836730, 1.000000, -1.#QNAN0
501.067443, -45.768617, 1.000000, -1.#QNAN0
501.088259, -45.700504, 1.000000, -1.#QNAN0
501.097724, -45.628922, 1.000000, -1.#QNAN0
501.186614, -45.338072, 1.000000, -1.#QNAN0
501.196078, -45.266490, 1.000000, -1.#QNAN0
501.216895, -45.198377, 1.000000, -1.#QNAN0
501.306505, -44.905169, 1.000000, -1.#QNAN0
501.327322, -44.837056, 1.000000, -1.#QNAN0
501.359491, -44.772412, 1.000000, -1.#QNAN0
501.449845, -44.476773, 1.000000, -1.#QNAN0
501.470662, -44.408660, 1.000000, -1.#QNAN0
501.491478, -44.340547, 1.000000, -1.#QNAN0
501.512295, -44.272434, 1.000000, -1.#QNAN0
501.614766, -43.977760, 1.000000, -1.#QNAN0
501.635583, -43.909647, 1.000000, -1.#QNAN0
501.656400, -43.841534, 1.000000, -1.#QNAN0
501.747721, -43.542728, 1.000000, -1.#QNAN0
501.768538, -43.474615, 1.000000, -1.#QNAN0
501.789355, -43.406502, 1.000000, -1.#QNAN0
501.880676, -43.107696, 1.000000, -1.#QNAN0
501.901493, -43.039583, 1.000000, -1.#QNAN0
501.922310, -42.971470, 1.000000, -1.#QNAN0
501.943126, -42.903357, 1.000000, -1.#QNAN0
502.034448, -42.604550, 1.000000, -1.#QNAN0
502.055265, -42.536437, 1.000000, -1.#QNAN0
502.076082, -42.468324, 1.000000, -1.#QNAN0
502.167403, -42.169518, 1.000000, -1.#QNAN0
502.188220, -42.101405, 1.000000, -1.#QNAN0
502.209036, -42.033292, 1.000000, -1.#QNAN0
502.299783, -41.736402, 1.000000, -1.#QNAN0
502.320663, -41.668308, 1.000000, -1.#QNAN0
502.341542, -41.600215, 1.000000, -1.#QNAN0
502.351073, -41.528641, 1.000000, -1.#QNAN0
502.434528, -41.258581, 1.000000, -1.#QNAN0
502.456349, -41.190783, 1.000000, -1.#QNAN0
502.478171, -41.122986, 1.000000, -1.#QNAN0
502.561216, -40.865903, 1.000000, -1.#QNAN0
502.584367, -40.798547, 1.000000, -1.#QNAN0
502.607519, -40.731192, 1.000000, -1.#QNAN0
502.694429, -40.477679, 1.000000, -1.#QNAN0
502.718968, -40.410817, 1.000000, -1.#QNAN0
502.743507, -40.343955, 1.000000, -1.#QNAN0
502.768046, -40.277093, 1.000000, -1.#QNAN0
502.860332, -40.027910, 1.000000, -1.#QNAN0
502.886318, -39.961597, 1.000000, -1.#QNAN0
502.923357, -39.899615, 1.000000, -1.#QNAN0
503.019585, -39.654743, 1.000000, -1.#QNAN0
503.036128, -39.584458, 1.000000, -1.#QNAN0
503.052671, -39.514174, 1.000000, -1.#QNAN0
503.152112, -39.275551, 1.000000, -1.#QNAN0
503.181255, -39.210563, 1.000000, -1.#QNAN0
503.221229, -39.150432, 1.000000, -1.#QNAN0
503.261203, -39.090302, 1.000000, -1.#QNAN0
503.371287, -38.846695, 1.000000, -1.#QNAN0
503.401781, -38.782330, 1.000000, -1.#QNAN0
503.432274, -38.717965, 1.000000, -1.#QNAN0
503.566045, -38.435601, 1.000000, -1.#QNAN0
503.607266, -38.376318, 1.000000, -1.#QNAN0
503.637759, -38.311953, 1.000000, -1.#QNAN0
503.771531, -38.029588, 1.000000, -1.#QNAN0
503.802024, -37.965223, 1.000000, -1.#QNAN0
503.843245, -37.905940, 1.000000, -1.#QNAN0
503.873738, -37.841575, 1.000000, -1.#QNAN0
504.007510, -37.559210, 1.000000, -1.#QNAN0
504.048731, -37.499927, 1.000000, -1.#QNAN0
504.079224, -37.435562, 1.000000, -1.#QNAN0
504.212996, -37.153197, 1.000000, -1.#QNAN0
504.243489, -37.088832, 1.000000, -1.#QNAN0
504.273982, -37.024467, 1.000000, -1.#QNAN0
504.407753, -36.742103, 1.000000, -1.#QNAN0
504.438247, -36.677738, 1.000000, -1.#QNAN0
504.468740, -36.613372, 1.000000, -1.#QNAN0
504.499233, -36.549007, 1.000000, -1.#QNAN0
504.633005, -36.266642, 1.000000, -1.#QNAN0
504.663498, -36.202277, 1.000000, -1.#QNAN0
504.704719, -36.142994, 1.000000, -1.#QNAN0
504.838491, -35.860630, 1.000000, -1.#QNAN0
504.868984, -35.796265, 1.000000, -1.#QNAN0
504.899477, -35.731899, 1.000000, -1.#QNAN0
505.033249, -35.449535, 1.000000, -1.#QNAN0
505.063742, -35.385170, 1.000000, -1.#QNAN0
505.104963, -35.325887, 1.000000, -1.#QNAN0
505.135456, -35.261522, 1.000000, -1.#QNAN0
505.279955, -34.984239, 1.000000, -1.#QNAN0
505.321176, -34.924956, 1.000000, -1.#QNAN0
505.351669, -34.860591, 1.000000, -1.#QNAN0
505.496168, -34.583309, 1.000000, -1.#QNAN0
505.526662, -34.518944, 1.000000, -1.#QNAN0
505.567882, -34.459661, 1.000000, -1.#QNAN0
505.712139, -34.182889, 1.000000, -1.#QNAN0
505.742633, -34.118524, 1.000000, -1.#QNAN0
505.783854, -34.059241, 1.000000, -1.#QNAN0
505.814347, -33.994876, 1.000000, -1.#QNAN0
505.955185, -33.725321, 1.000000, -1.#QNAN0
505.985678, -33.660955, 1.000000, -1.#QNAN0
506.016172, -33.596590, 1.000000, -1.#QNAN0
506.142937, -33.329014, 1.000000, -1.#QNAN0
506.173431, -33.264648, 1.000000, -1.#QNAN0
506.203924, -33.200283, 1.000000, -1.#QNAN0
506.332505, -32.928875, 1.000000, -1.#QNAN0
506.352271, -32.859428, 1.000000, -1.#QNAN0
506.382764, -32.795062, 1.000000, -1.#QNAN0
506.508160, -32.530377, 1.000000, -1.#QNAN0
506.538653, -32.466012, 1.000000, -1.#QNAN0
506.569147, -32.401646, 1.000000, -1.#QNAN0
506.691443, -32.143503, 1.000000, -1.#QNAN0
506.721937, -32.079138, 1.000000, -1.#QNAN0
506.752430, -32.014772, 1.000000, -1.#QNAN0
506.866073, -31.747170, 1.000000, -1.#QNAN0
506.885838, -31.677722, 1.000000, -1.#QNAN0
506.916332, -31.613357, 1.000000, -1.#QNAN0
507.027261, -31.351481, 1.000000, -1.#QNAN0
507.047027, -31.282034, 1.000000, -1.#QNAN0
507.066793, -31.212586, 1.000000, -1.#QNAN0
507.188450, -30.955793, 1.000000, -1.#QNAN0
507.208216, -30.886346, 1.000000, -1.#QNAN0
507.238709, -30.821981, 1.000000, -1.#QNAN0
507.349639, -30.560105, 1.000000, -1.#QNAN0
507.380132, -30.495740, 1.000000, -1.#QNAN0
507.410625, -30.431374, 1.000000, -1.#QNAN0
507.521093, -30.170473, 1.000000, -1.#QNAN0
507.551618, -30.106123, 1.000000, -1.#QNAN0
507.582143, -30.041773, 1.000000, -1.#QNAN0
507.681553, -29.804121, 1.000000, -1.#QNAN0
507.712866, -29.740151, 1.000000, -1.#QNAN0
507.744180, -29.676180, 1.000000, -1.#QNAN0
507.864430, -29.456906, 1.000000, -1.#QNAN0
507.896739, -29.393433, 1.000000, -1.#QNAN0
507.939627, -29.335345, 1.000000, -1.#QNAN0
508.053194, -29.111685, 1.000000, -1.#QNAN0
508.086457, -29.048706, 1.000000, -1.#QNAN0
508.119720, -28.985728, 1.000000, -1.#QNAN0
508.247627, -28.768468, 1.000000, -1.#QNAN0
508.281803, -28.705980, 1.000000, -1.#QNAN0
508.315979, -28.643492, 1.000000, -1.#QNAN0
508.437186, -28.421419, 1.000000, -1.#QNAN0
508.472235, -28.359416, 1.000000, -1.#QNAN0
508.507284, -28.297414, 1.000000, -1.#QNAN0
508.632157, -28.076099, 1.000000, -1.#QNAN0
508.668042, -28.014577, 1.000000, -1.#QNAN0
508.714180, -27.959035, 1.000000, -1.#QNAN0
508.842826, -27.738119, 1.000000, -1.#QNAN0
508.879493, -27.677060, 1.000000, -1.#QNAN0
508.916160, -27.616001, 1.000000, -1.#QNAN0
509.054589, -27.385388, 1.000000, -1.#QNAN0
509.081536, -27.318399, 1.000000, -1.#QNAN0
509.118618, -27.257591, 1.000000, -1.#QNAN0
509.266561, -27.014988, 1.000000, -1.#QNAN0
509.303643, -26.954179, 1.000000, -1.#QNAN0
509.340724, -26.893371, 1.000000, -1.#QNAN0
509.488667, -26.650768, 1.000000, -1.#QNAN0
509.525749, -26.589960, 1.000000, -1.#QNAN0
509.562831, -26.529151, 1.000000, -1.#QNAN0
509.710773, -26.286548, 1.000000, -1.#QNAN0
509.747855, -26.225740, 1.000000, -1.#QNAN0
509.784937, -26.164932, 1.000000, -1.#QNAN0
509.932880, -25.922328, 1.000000, -1.#QNAN0
509.980096, -25.867700, 1.000000, -1.#QNAN0
510.017178, -25.806892, 1.000000, -1.#QNAN0
510.154986, -25.558109, 1.000000, -1.#QNAN0
510.181933, -25.491120, 1.000000, -1.#QNAN0
510.219015, -25.430312, 1.000000, -1.#QNAN0
510.366957, -25.187709, 1.000000, -1.#QNAN0
510.414174, -25.133081, 1.000000, -1.#QNAN0
510.471525, -25.084633, 1.000000, -1.#QNAN0
510.629603, -24.848210, 1.000000, -1.#QNAN0
510.666684, -24.787401, 1.000000, -1.#QNAN0
510.703766, -24.726593, 1.000000, -1.#QNAN0
510.851709, -24.483990, 1.000000, -1.#QNAN0
510.888791, -24.423182, 1.000000, -1.#QNAN0
510.925873, -24.362373, 1.000000, -1.#QNAN0
511.073815, -24.119771, 1.000000, -1.#QNAN0
511.110897, -24.058962, 1.000000, -1.#QNAN0
511.147979, -23.998154, 1.000000, -1.#QNAN0
511.295922, -23.755550, 1.000000, -1.#QNAN0
511.333003, -23.694742, 1.000000, -1.#QNAN0
511.370085, -23.633934, 1.000000, -1.#QNAN0
511.507893, -23.385150, 1.000000, -1.#QNAN0
511.534840, -23.318162, 1.000000, -1.#QNAN0
511.571922, -23.257353, 1.000000, -1.#QNAN0
511.709834, -23.008400, 1.000000, -1.#QNAN0
511.746916, -22.947591, 1.000000, -1.#QNAN0
511.783997, -22.886783, 1.000000, -1.#QNAN0
511.873867, -22.602613, 1.000000, -1.#QNAN0
511.900814, -22.535624, 1.000000, -1.#QNAN0
511.937896, -22.474816, 1.000000, -1.#QNAN0
511.974978, -22.414007, 1.000000, -1.#QNAN0
512.122163, -22.172646, 1.000000, -1.#QNAN0
512.159245, -22.111837, 1.000000, -1.#QNAN0
512.196327, -22.051029, 1.000000, -1.#QNAN0
512.346255, -21.805170, 1.000000, -1.#QNAN0
512.383337, -21.744361, 1.000000, -1.#QNAN0
512.420419, -21.683553, 1.000000, -1.#QNAN0
512.573144, -21.433108, 1.000000, -1.#QNAN0
512.620360, -21.378480, 1.000000, -1.#QNAN0
512.657442, -21.317671, 1.000000, -1.#QNAN0
512.813014, -21.062557, 1.000000, -1.#QNAN0
512.850096, -21.001749, 1.000000, -1.#QNAN0
512.887178, -20.940941, 1.000000, -1.#QNAN0
513.049601, -20.697392, 1.000000, -1.#QNAN0
513.086683, -20.636583, 1.000000, -1.#QNAN0
513.123764, -20.575775, 1.000000, -1.#QNAN0
513.160846, -20.514967, 1.000000, -1.#QNAN0
513.315960, -20.260604, 1.000000, -1.#QNAN0
513.363177, -20.205976, 1.000000, -1.#QNAN0
513.400259, -20.145167, 1.000000, -1.#QNAN0
513.555372, -19.890805, 1.000000, -1.#QNAN0
513.592454, -19.829996, 1.000000, -1.#QNAN0
513.639671, -19.775368, 1.000000, -1.#QNAN0
513.794785, -19.521006, 1.000000, -1.#QNAN0
513.831866, -19.460197, 1.000000, -1.#QNAN0
513.868948, -19.399389, 1.000000, -1.#QNAN0
513.916165, -19.344761, 1.000000, -1.#QNAN0
514.071279, -19.090398, 1.000000, -1.#QNAN0
514.108361, -19.029589, 1.000000, -1.#QNAN0
514.155577, -18.974961, 1.000000, -1.#QNAN0
514.310691, -18.720599, 1.000000, -1.#QNAN0
514.347773, -18.659790, 1.000000, -1.#QNAN0
514.384855, -18.598982, 1.000000, -1.#QNAN0
514.543907, -18.360899, 1.000000, -1.#QNAN0
514.581313, -18.300289, 1.000000, -1.#QNAN0
514.618719, -18.239680, 1.000000, -1.#QNAN0
514.656125, -18.179070, 1.000000, -1.#QNAN0
514.786091, -17.969444, 1.000000, -1.#QNAN0
514.834841, -17.916180, 1.000000, -1.#QNAN0
514.873636, -17.856450, 1.000000, -1.#QNAN0
515.006158, -17.652260, 1.000000, -1.#QNAN0
515.046400, -17.593494, 1.000000, -1.#QNAN0
515.086641, -17.534729, 1.000000, -1.#QNAN0
515.231964, -17.342242, 1.000000, -1.#QNAN0
515.273685, -17.284517, 1.000000, -1.#QNAN0
515.315406, -17.226793, 1.000000, -1.#QNAN0
515.357127, -17.169069, 1.000000, -1.#QNAN0
515.497326, -16.975897, 1.000000, -1.#QNAN0
515.540555, -16.919293, 1.000000, -1.#QNAN0
515.583784, -16.862690, 1.000000, -1.#QNAN0
515.727162, -16.674641, 1.000000, -1.#QNAN0
515.771924, -16.619242, 1.000000, -1.#QNAN0
515.816687, -16.563843, 1.000000, -1.#QNAN0
515.963229, -16.381045, 1.000000, -1.#QNAN0
516.009544, -16.326937, 1.000000, -1.#QNAN0
516.055859, -16.272830, 1.000000, -1.#QNAN0
516.102174, -16.218722, 1.000000, -1.#QNAN0
516.276466, -16.015777, 1.000000, -1.#QNAN0
516.323510, -15.962301, 1.000000, -1.#QNAN0
516.379465, -15.916666, 1.000000, -1.#QNAN0
516.611565, -15.724725, 1.000000, -1.#QNAN0
516.658620, -15.671259, 1.000000, -1.#QNAN0
516.705675, -15.617794, 1.000000, -1.#QNAN0
516.893596, -15.386305, 1.000000, -1.#QNAN0
516.940651, -15.332840, 1.000000, -1.#QNAN0
516.987706, -15.279375, 1.000000, -1.#QNAN0
517.034761, -15.225909, 1.000000, -1.#QNAN0
517.231593, -15.002262, 1.000000, -1.#QNAN0
517.278648, -14.948797, 1.000000, -1.#QNAN0
517.325703, -14.895332, 1.000000, -1.#QNAN0
517.531446, -14.679528, 1.000000, -1.#QNAN0
517.578501, -14.626062, 1.000000, -1.#QNAN0
517.634467, -14.580440, 1.000000, -1.#QNAN0
517.831299, -14.356793, 1.000000, -1.#QNAN0
517.878354, -14.303328, 1.000000, -1.#QNAN0
517.934320, -14.257705, 1.000000, -1.#QNAN0
517.981375, -14.204240, 1.000000, -1.#QNAN0
518.178207, -13.980593, 1.000000, -1.#QNAN0
518.225262, -13.927128, 1.000000, -1.#QNAN0
518.272317, -13.873662, 1.000000, -1.#QNAN0
518.469149, -13.650016, 1.000000, -1.#QNAN0
518.516204, -13.596550, 1.000000, -1.#QNAN0
518.572170, -13.550928, 1.000000, -1.#QNAN0
518.760091, -13.319439, 1.000000, -1.#QNAN0
518.807146, -13.265973, 1.000000, -1.#QNAN0
518.863112, -13.220350, 1.000000, -1.#QNAN0
518.910167, -13.166885, 1.000000, -1.#QNAN0
519.106999, -12.943238, 1.000000, -1.#QNAN0
519.162965, -12.897615, 1.000000, -1.#QNAN0
519.210020, -12.844150, 1.000000, -1.#QNAN0
519.415763, -12.628346, 1.000000, -1.#QNAN0
519.471729, -12.582723, 1.000000, -1.#QNAN0
519.518784, -12.529258, 1.000000, -1.#QNAN0
519.724527, -12.313454, 1.000000, -1.#QNAN0
519.771582, -12.259989, 1.000000, -1.#QNAN0
519.827548, -12.214366, 1.000000, -1.#QNAN0
519.883514, -12.168743, 1.000000, -1.#QNAN0
520.076206, -11.949800, 1.000000, -1.#QNAN0
520.132172, -11.904177, 1.000000, -1.#QNAN0
520.188138, -11.858555, 1.000000, -1.#QNAN0
520.384610, -11.635317, 1.000000, -1.#QNAN0
520.440576, -11.589694, 1.000000, -1.#QNAN0
520.496542, -11.544071, 1.000000, -1.#QNAN0
520.689123, -11.325254, 1.000000, -1.#QNAN0
520.745089, -11.279632, 1.000000, -1.#QNAN0
520.792144, -11.226166, 1.000000, -1.#QNAN0
520.981012, -11.011569, 1.000000, -1.#QNAN0
521.036978, -10.965946, 1.000000, -1.#QNAN0
521.084033, -10.912481, 1.000000, -1.#QNAN0
521.269371, -10.701894, 1.000000, -1.#QNAN0
521.316426, -10.648428, 1.000000, -1.#QNAN0
521.363481, -10.594963, 1.000000, -1.#QNAN0
521.553325, -10.379257, 1.000000, -1.#QNAN0
521.591469, -10.317949, 1.000000, -1.#QNAN0
521.647435, -10.272327, 1.000000, -1.#QNAN0
521.834139, -10.060188, 1.000000, -1.#QNAN0
521.872283, -9.998880, 1.000000, -1.#QNAN0
521.901516, -9.929730, 1.000000, -1.#QNAN0
522.070337, -9.701975, 1.000000, -1.#QNAN0
522.117392, -9.648510, 1.000000, -1.#QNAN0
522.155536, -9.587202, 1.000000, -1.#QNAN0
522.333268, -9.367290, 1.000000, -1.#QNAN0
522.380323, -9.313825, 1.000000, -1.#QNAN0
522.418467, -9.252517, 1.000000, -1.#QNAN0
522.605111, -9.040447, 1.000000, -1.#QNAN0
522.652166, -8.986982, 1.000000, -1.#QNAN0
522.708132, -8.941359, 1.000000, -1.#QNAN0
522.865077, -8.744756, 1.000000, -1.#QNAN0
522.904021, -8.683953, 1.000000, -1.#QNAN0
522.934156, -8.615191, 1.000000, -1.#QNAN0
523.086046, -8.446131, 1.000000, -1.#QNAN0
523.135025, -8.394422, 1.000000, -1.#QNAN0
523.192622, -8.350877, 1.000000, -1.#QNAN0
523.346393, -8.187499, 1.000000, -1.#QNAN0
523.396630, -8.137011, 1.000000, -1.#QNAN0
523.446867, -8.086524, 1.000000, -1.#QNAN0
523.605674, -7.925962, 1.000000, -1.#QNAN0
523.657107, -7.876694, 1.000000, -1.#QNAN0
523.708540, -7.827426, 1.000000, -1.#QNAN0
523.872274, -7.669694, 1.000000, -1.#QNAN0
523.924843, -7.621640, 1.000000, -1.#QNAN0
523.977412, -7.573586, 1.000000, -1.#QNAN0
524.153763, -7.427637, 1.000000, -1.#QNAN0
524.215217, -7.389728, 1.000000, -1.#QNAN0
524.268863, -7.342879, 1.000000, -1.#QNAN0
524.441692, -7.191176, 1.000000, -1.#QNAN0
524.496356, -7.145519, 1.000000, -1.#QNAN0
524.512972, -7.054309, 1.000000, -1.#QNAN0
524.706614, -6.892319, 1.000000, -1.#QNAN0
524.761862, -6.847371, 1.000000, -1.#QNAN0
524.817110, -6.802423, 1.000000, -1.#QNAN0
525.030095, -6.629127, 1.000000, -1.#QNAN0
525.092956, -6.593601, 1.000000, -1.#QNAN0
525.155817, -6.558075, 1.000000, -1.#QNAN0
525.375564, -6.380535, 1.000000, -1.#QNAN0
525.438425, -6.345009, 1.000000, -1.#QNAN0
525.493826, -6.300249, 1.000000, -1.#QNAN0
525.721033, -6.131943, 1.000000, -1.#QNAN0
525.776434, -6.087183, 1.000000, -1.#QNAN0
525.831835, -6.042423, 1.000000, -1.#QNAN0
526.059042, -5.874117, 1.000000, -1.#QNAN0
526.114443, -5.829357, 1.000000, -1.#QNAN0
526.177304, -5.793831, 1.000000, -1.#QNAN0
526.397052, -5.616292, 1.000000, -1.#QNAN0
526.452453, -5.571532, 1.000000, -1.#QNAN0
526.515314, -5.536005, 1.000000, -1.#QNAN0
526.735060, -5.358466, 1.000000, -1.#QNAN0
526.790461, -5.313706, 1.000000, -1.#QNAN0
526.845862, -5.268946, 1.000000, -1.#QNAN0
527.073070, -5.100640, 1.000000, -1.#QNAN0
527.128471, -5.055880, 1.000000, -1.#QNAN0
527.183872, -5.011120, 1.000000, -1.#QNAN0
527.403619, -4.833581, 1.000000, -1.#QNAN0
527.459020, -4.788821, 1.000000, -1.#QNAN0
527.514421, -4.744061, 1.000000, -1.#QNAN0
527.771468, -4.612689, 1.000000, -1.#QNAN0
527.834329, -4.577163, 1.000000, -1.#QNAN0
527.889730, -4.532403, 1.000000, -1.#QNAN0
528.109477, -4.354864, 1.000000, -1.#QNAN0
528.164878, -4.310104, 1.000000, -1.#QNAN0
528.220279, -4.265344, 1.000000, -1.#QNAN0
528.440026, -4.087804, 1.000000, -1.#QNAN0
528.495427, -4.043045, 1.000000, -1.#QNAN0
528.550828, -3.998285, 1.000000, -1.#QNAN0
528.770575, -3.820745, 1.000000, -1.#QNAN0
528.825976, -3.775985, 1.000000, -1.#QNAN0
528.881377, -3.731226, 1.000000, -1.#QNAN0
529.102641, -3.552460, 1.000000, -1.#QNAN0
529.158042, -3.507701, 1.000000, -1.#QNAN0
529.213443, -3.462941, 1.000000, -1.#QNAN0
529.437327, -3.282059, 1.000000, -1.#QNAN0
529.492728, -3.237299, 1.000000, -1.#QNAN0
529.555589, -3.201773, 1.000000, -1.#QNAN0
529.610990, -3.157013, 1.000000, -1.#QNAN0
529.828471, -2.981305, 1.000000, -1.#QNAN0
529.891332, -2.945778, 1.000000, -1.#QNAN0
529.946733, -2.901018, 1.000000, -1.#QNAN0
530.174709, -2.732091, 1.000000, -1.#QNAN0
530.237570, -2.696565, 1.000000, -1.#QNAN0
530.300431, -2.661038, 1.000000, -1.#QNAN0
530.524181, -2.480265, 1.000000, -1.#QNAN0
530.587041, -2.444739, 1.000000, -1.#QNAN0
530.649902, -2.409212, 1.000000, -1.#QNAN0
530.884541, -2.234902, 1.000000, -1.#QNAN0
530.947402, -2.199376, 1.000000, -1.#QNAN0
531.010263, -2.163850, 1.000000, -1.#QNAN0
531.248518, -1.986618, 1.000000, -1.#QNAN0
531.311379, -1.951091, 1.000000, -1.#QNAN0
531.381700, -1.924799, 1.000000, -1.#QNAN0
531.621377, -1.746418, 1.000000, -1.#QNAN0
531.684238, -1.710891, 1.000000, -1.#QNAN0
531.747099, -1.675365, 1.000000, -1.#QNAN0
531.809960, -1.639839, 1.000000, -1.#QNAN0
532.042177, -1.452225, 1.000000, -1.#QNAN0
532.097578, -1.407465, 1.000000, -1.#QNAN0
532.152979, -1.362705, 1.000000, -1.#QNAN0
532.377736, -1.165857, 1.000000, -1.#QNAN0
532.433137, -1.121097, 1.000000, -1.#QNAN0
532.488538, -1.076337, 1.000000, -1.#QNAN0
532.713295, -0.879489, 1.000000, -1.#QNAN0
532.761236, -0.825496, 1.000000, -1.#QNAN0
532.809177, -0.771502, 1.000000, -1.#QNAN0
533.030820, -0.577213, 1.000000, -1.#QNAN0
533.078843, -0.523293, 1.000000, -1.#QNAN0
533.126866, -0.469373, 1.000000, -1.#QNAN0
533.314647, -0.287511, 1.000000, -1.#QNAN0
533.363458, -0.234303, 1.000000, -1.#QNAN0
533.412268, -0.181094, 1.000000, -1.#QNAN0
533.597036, -0.020911, 1.000000, -1.#QNAN0
533.646963, 0.031252, 1.000000, -1.#QNAN0
533.696889, 0.083415, 1.000000, -1.#QNAN0
533.746815, 0.135578, 1.000000, -1.#QNAN0
533.942776, 0.281273, 1.000000, -1.#QNAN0
533.993811, 0.332352, 1.000000, -1.#QNAN0
534.051750, 0.373774, 1.000000, -1.#QNAN0
534.250281, 0.515170, 1.000000, -1.#QNAN0
534.302416, 0.565126, 1.000000, -1.#QNAN0
534.361242, 0.605277, 1.000000, -1.#QNAN0
534.562342, 0.742320, 1.000000, -1.#QNAN0
534.628513, 0.771217, 1.000000, -1.#QNAN0
534.688210, 0.810063, 1.000000, -1.#QNAN0
534.891432, 0.942418, 1.000000, -1.#QNAN0
534.951978, 0.979927, 1.000000, -1.#QNAN0
535.018775, 1.007345, 1.000000, -1.#QNAN0
535.228110, 1.137371, 1.000000, -1.#QNAN0
535.295458, 1.163407, 1.000000, -1.#QNAN0
535.362806, 1.189443, 1.000000, -1.#QNAN0
535.609642, 1.335442, 1.000000, -1.#QNAN0
535.671114, 1.371413, 1.000000, -1.#QNAN0
535.738581, 1.397138, 1.000000, -1.#QNAN0
535.800053, 1.433109, 1.000000, -1.#QNAN0
536.063713, 1.573639, 1.000000, -1.#QNAN0
536.131180, 1.599365, 1.000000, -1.#QNAN0
536.192652, 1.635336, 1.000000, -1.#QNAN0
536.456311, 1.775865, 1.000000, -1.#QNAN0
536.517783, 1.811837, 1.000000, -1.#QNAN0
536.579255, 1.847808, 1.000000, -1.#QNAN0
536.836919, 1.998582, 1.000000, -1.#QNAN0
536.904386, 2.024308, 1.000000, -1.#QNAN0
536.965858, 2.060279, 1.000000, -1.#QNAN0
537.223523, 2.211054, 1.000000, -1.#QNAN0
537.290990, 2.236780, 1.000000, -1.#QNAN0
537.352462, 2.272751, 1.000000, -1.#QNAN0
537.610126, 2.423526, 1.000000, -1.#QNAN0
537.677593, 2.449252, 1.000000, -1.#QNAN0
537.745060, 2.474977, 1.000000, -1.#QNAN0
538.002725, 2.625752, 1.000000, -1.#QNAN0
538.070192, 2.651478, 1.000000, -1.#QNAN0
538.131664, 2.687449, 1.000000, -1.#QNAN0
538.193136, 2.723420, 1.000000, -1.#QNAN0
538.450800, 2.874195, 1.000000, -1.#QNAN0
538.512272, 2.910166, 1.000000, -1.#QNAN0
538.573744, 2.946137, 1.000000, -1.#QNAN0
538.831408, 3.096912, 1.000000, -1.#QNAN0
538.892880, 3.132883, 1.000000, -1.#QNAN0
538.960347, 3.158609, 1.000000, -1.#QNAN0
539.218011, 3.309384, 1.000000, -1.#QNAN0
539.279483, 3.345355, 1.000000, -1.#QNAN0
539.346950, 3.371081, 1.000000, -1.#QNAN0
539.604614, 3.521856, 1.000000, -1.#QNAN0
539.666086, 3.557827, 1.000000, -1.#QNAN0
539.727558, 3.593798, 1.000000, -1.#QNAN0
539.990983, 3.734190, 1.000000, -1.#QNAN0
540.052455, 3.770161, 1.000000, -1.#QNAN0
540.113927, 3.806132, 1.000000, -1.#QNAN0
540.369312, 3.955573, 1.000000, -1.#QNAN0
540.430784, 3.991544, 1.000000, -1.#QNAN0
540.498251, 4.017270, 1.000000, -1.#QNAN0
540.559723, 4.053241, 1.000000, -1.#QNAN0
540.813236, 4.201587, 1.000000, -1.#QNAN0
540.874708, 4.237558, 1.000000, -1.#QNAN0
540.942175, 4.263284, 1.000000, -1.#QNAN0
541.193990, 4.410636, 1.000000, -1.#QNAN0
541.255462, 4.446607, 1.000000, -1.#QNAN0
541.322929, 4.472333, 1.000000, -1.#QNAN0
541.573223, 4.618795, 1.000000, -1.#QNAN0
541.640690, 4.644521, 1.000000, -1.#QNAN0
541.708157, 4.670246, 1.000000, -1.#QNAN0
541.957108, 4.815923, 1.000000, -1.#QNAN0
542.018580, 4.851894, 1.000000, -1.#QNAN0
542.080052, 4.887865, 1.000000, -1.#QNAN0
542.327840, 5.032861, 1.000000, -1.#QNAN0
542.389312, 5.068832, 1.000000, -1.#QNAN0
542.450784, 5.104803, 1.000000, -1.#QNAN0
542.697691, 5.249283, 1.000000, -1.#QNAN0
542.759163, 5.285254, 1.000000, -1.#QNAN0
542.820635, 5.321225, 1.000000, -1.#QNAN0
542.876112, 5.367442, 1.000000, -1.#QNAN0
543.123019, 5.511922, 1.000000, -1.#QNAN0
543.184491, 5.547893, 1.000000, -1.#QNAN0
543.245963, 5.583864, 1.000000, -1.#QNAN0
543.492871, 5.728345, 1.000000, -1.#QNAN0
543.554343, 5.764316, 1.000000, -1.#QNAN0
543.615815, 5.800287, 1.000000, -1.#QNAN0
543.855928, 5.954531, 1.000000, -1.#QNAN0
543.911420, 6.000729, 1.000000, -1.#QNAN0
543.966913, 6.046926, 1.000000, -1.#QNAN0
544.200012, 6.183112, 1.000000, -1.#QNAN0
544.261710, 6.218696, 1.000000, -1.#QNAN0
544.323407, 6.254279, 1.000000, -1.#QNAN0
544.511384, 6.363354, 0.000000, -1.#QNAN0
544.573965, 6.397359, 0.000000, -1.#QNAN0
544.642213, 6.420934, 0.000000, -1.#QNAN0
544.833616, 6.525901, 0.000000, -1.#QNAN0
544.897025, 6.558336, 0.000000, -1.#QNAN0
544.960434, 6.590771, 0.000000, -1.#QNAN0
545.029249, 6.612638, 0.000000, -1.#QNAN0
545.224816, 6.711961, 0.000000, -1.#QNAN0
545.288998, 6.742838, 0.000000, -1.#QNAN0
545.353180, 6.773714, 0.000000, -1.#QNAN0
545.557189, 6.858294, 0.000000, -1.#QNAN0
545.622091, 6.887628, 0.000000, -1.#QNAN0
545.686993, 6.916961, 0.000000, -1.#QNAN0
545.889356, 7.008330, 0.000000, -1.#QNAN0
545.959560, 7.025212, 0.000000, -1.#QNAN0
