516.848095, -11.970311, -1.000000, 0.000000
517.044926, -11.746664, -1.000000, 0.000000
517.091982, -11.693199, -1.000000, 0.000000
517.139037, -11.639734, -1.000000, 0.000000
517.335869, -11.416087, -1.000000, 0.000000
517.382924, -11.362621, -1.000000, 0.000000
517.429979, -11.309156, -1.000000, 0.000000
517.626811, -11.085510, -1.000000, 0.000000
517.673866, -11.032044, -1.000000, 0.000000
517.720921, -10.978579, -1.000000, 0.000000
517.767976, -10.925114, -1.000000, 0.000000
517.964808, -10.701467, -1.000000, 0.000000
518.011863, -10.648002, -1.000000, 0.000000
518.058918, -10.594536, -1.000000, 0.000000
518.251610, -10.375594, -1.000000, 0.000000
518.298665, -10.322128, -1.000000, 0.000000
518.345720, -10.268663, -1.000000, 0.000000
518.542193, -10.045425, -1.000000, 0.000000
518.589248, -9.991960, -1.000000, 0.000000
518.636303, -9.938494, -1.000000, 0.000000
518.828884, -9.719678, -1.000000, 0.000000
518.875939, -9.666212, -1.000000, 0.000000
518.922994, -9.612747, -1.000000, 0.000000
518.970049, -9.559282, -1.000000, 0.000000
519.158917, -9.344684, -1.000000, 0.000000
519.205972, -9.291219, -1.000000, 0.000000
519.253027, -9.237754, -1.000000, 0.000000
519.438365, -9.027167, -1.000000, 0.000000
519.485420, -8.973701, -1.000000, 0.000000
519.532475, -8.920236, -1.000000, 0.000000
519.722318, -8.704530, -1.000000, 0.000000
519.769373, -8.651065, -1.000000, 0.000000
519.816428, -8.597600, -1.000000, 0.000000
520.003132, -8.385461, -1.000000, 0.000000
520.050187, -8.331996, -1.000000, 0.000000
520.097242, -8.278530, -1.000000, 0.000000
520.283885, -8.066461, -1.000000, 0.000000
520.330940, -8.012996, -1.000000, 0.000000
520.377995, -7.959530, -1.000000, 0.000000
520.564638, -7.747461, -1.000000, 0.000000
520.611693, -7.693996, -1.000000, 0.000000
520.658748, -7.640530, -1.000000, 0.000000
520.845392, -7.428461, -1.000000, 0.000000
520.892447, -7.374995, -1.000000, 0.000000
520.939502, -7.321530, -1.000000, 0.000000
521.126608, -7.109874, -1.000000, 0.000000
521.174359, -7.057029, -1.000000, 0.000000
521.222110, -7.004184, -1.000000, 0.000000
521.412327, -6.795340, -1.000000, 0.000000
521.461306, -6.743632, -1.000000, 0.000000
521.510285, -6.691923, -1.000000, 0.000000
521.705386, -6.487652, -1.000000, 0.000000
521.755623, -6.437164, -1.000000, 0.000000
521.805860, -6.386677, -1.000000, 0.000000
522.005907, -6.187247, -1.000000, 0.000000
522.057340, -6.137979, -1.000000, 0.000000
522.108773, -6.088711, -1.000000, 0.000000
522.313524, -5.894114, -1.000000, 0.000000
522.366093, -5.846060, -1.000000, 0.000000
522.418663, -5.798006, -1.000000, 0.000000
522.627879, -5.608218, -1.000000, 0.000000
522.681524, -5.561368, -1.000000, 0.000000
522.735170, -5.514519, -1.000000, 0.000000
522.948615, -5.329502, -1.000000, 0.000000
523.003279, -5.283844, -1.000000, 0.000000
523.057942, -5.238187, -1.000000, 0.000000
523.275136, -5.057577, -1.000000, 0.000000
523.330384, -5.012629, -1.000000, 0.000000
523.385632, -4.967680, -1.000000, 0.000000
523.604873, -4.789522, -1.000000, 0.000000
523.660274, -4.744762, -1.000000, 0.000000
523.715675, -4.700002, -1.000000, 0.000000
523.935422, -4.522463, -1.000000, 0.000000
523.990823, -4.477703, -1.000000, 0.000000
524.046223, -4.432943, -1.000000, 0.000000
524.265971, -4.255403, -1.000000, 0.000000
524.321371, -4.210644, -1.000000, 0.000000
524.376772, -4.165884, -1.000000, 0.000000
524.596520, -3.988344, -1.000000, 0.000000
524.651921, -3.943584, -1.000000, 0.000000
524.707322, -3.898824, -1.000000, 0.000000
524.927069, -3.721285, -1.000000, 0.000000
524.982470, -3.676525, -1.000000, 0.000000
525.037871, -3.631765, -1.000000, 0.000000
525.257618, -3.454226, -1.000000, 0.000000
525.313019, -3.409466, -1.000000, 0.000000
525.368420, -3.364706, -1.000000, 0.000000
525.588167, -3.187166, -1.000000, 0.000000
525.643568, -3.142407, -1.000000, 0.000000
525.698969, -3.097647, -1.000000, 0.000000
525.918716, -2.920107, -1.000000, 0.000000
525.974117, -2.875347, -1.000000, 0.000000
526.029518, -2.830588, -1.000000, 0.000000
526.249265, -2.653048, -1.000000, 0.000000
526.304666, -2.608288, -1.000000, 0.000000
526.360067, -2.563528, -1.000000, 0.000000
526.579814, -2.385989, -1.000000, 0.000000
526.635215, -2.341229, -1.000000, 0.000000
526.690616, -2.296469, -1.000000, 0.000000
526.910363, -2.118930, -1.000000, 0.000000
526.965764, -2.074170, -1.000000, 0.000000
527.021165, -2.029410, -1.000000, 0.000000
527.240912, -1.851871, -1.000000, 0.000000
527.296313, -1.807111, -1.000000, 0.000000
527.351714, -1.762351, -1.000000, 0.000000
527.572979, -1.583586, -1.000000, 0.000000
527.628380, -1.538826, -1.000000, 0.000000
527.683781, -1.494066, -1.000000, 0.000000
527.907665, -1.313184, -1.000000, 0.000000
527.963066, -1.268424, -1.000000, 0.000000
528.018466, -1.223665, -1.000000, 0.000000
528.235947, -1.047956, -1.000000, 0.000000
528.291348, -1.003196, -1.000000, 0.000000
528.346749, -0.958437, -1.000000, 0.000000
528.567265, -0.780276, -1.000000, 0.000000
528.622666, -0.735516, -1.000000, 0.000000
528.678067, -0.690756, -1.000000, 0.000000
528.901817, -0.509983, -1.000000, 0.000000
528.957218, -0.465223, -1.000000, 0.000000
529.012619, -0.420463, -1.000000, 0.000000
529.239797, -0.236920, -1.000000, 0.000000
529.295198, -0.192160, -1.000000, 0.000000
529.350599, -0.147400, -1.000000, 0.000000
529.406000, -0.102640, -1.000000, 0.000000
529.636795, 0.083825, -1.000000, 0.000000
529.692196, 0.128585, -1.000000, 0.000000
529.747597, 0.173345, -1.000000, 0.000000
529.979814, 0.360959, -1.000000, 0.000000
530.035215, 0.405719, -1.000000, 0.000000
530.090616, 0.450479, -1.000000, 0.000000
530.322833, 0.638093, -1.000000, 0.000000
530.378234, 0.682853, -1.000000, 0.000000
530.433635, 0.727613, -1.000000, 0.000000
530.665853, 0.915228, -1.000000, 0.000000
530.721254, 0.959987, -1.000000, 0.000000
530.776655, 1.004747, -1.000000, 0.000000
531.008872, 1.192362, -1.000000, 0.000000
531.064273, 1.237121, -1.000000, 0.000000
531.119674, 1.281881, -1.000000, 0.000000
531.351891, 1.469496, -1.000000, 0.000000
531.407360, 1.514171, -1.000000, 0.000000
531.462829, 1.558846, -1.000000, 0.000000
531.518298, 1.603522, -1.000000, 0.000000
531.751343, 1.790099, -1.000000, 0.000000
531.807463, 1.833954, -1.000000, 0.000000
531.863583, 1.877810, -1.000000, 0.000000
532.099406, 2.060820, -1.000000, 0.000000
532.156442, 2.103477, -1.000000, 0.000000
532.213478, 2.146134, -1.000000, 0.000000
532.452981, 2.324303, -1.000000, 0.000000
532.510921, 2.365725, -1.000000, 0.000000
532.568860, 2.407147, -1.000000, 0.000000
532.811993, 2.580334, -1.000000, 0.000000
532.870820, 2.620485, -1.000000, 0.000000
532.929647, 2.660636, -1.000000, 0.000000
533.176350, 2.828703, -1.000000, 0.000000
533.236047, 2.867549, -1.000000, 0.000000
533.295744, 2.906396, -1.000000, 0.000000
533.545948, 3.069211, -1.000000, 0.000000
533.606494, 3.106719, -1.000000, 0.000000
533.667040, 3.144228, -1.000000, 0.000000
533.727586, 3.181736, -1.000000, 0.000000
533.981985, 3.337899, -1.000000, 0.000000
534.043291, 3.374152, -1.000000, 0.000000
534.104597, 3.410406, -1.000000, 0.000000
534.361662, 3.562168, -1.000000, 0.000000
534.423134, 3.598139, -1.000000, 0.000000
534.484606, 3.634110, -1.000000, 0.000000
534.742270, 3.784885, -1.000000, 0.000000
534.803742, 3.820856, -1.000000, 0.000000
534.865214, 3.856827, -1.000000, 0.000000
535.122879, 4.007603, -1.000000, 0.000000
535.184351, 4.043574, -1.000000, 0.000000
535.245823, 4.079545, -1.000000, 0.000000
535.503487, 4.230320, -1.000000, 0.000000
535.564959, 4.266291, -1.000000, 0.000000
535.626431, 4.302262, -1.000000, 0.000000
535.884095, 4.453037, -1.000000, 0.000000
535.945567, 4.489008, -1.000000, 0.000000
536.007039, 4.524979, -1.000000, 0.000000
536.068511, 4.560950, -1.000000, 0.000000
536.326175, 4.711725, -1.000000, 0.000000
536.387647, 4.747696, -1.000000, 0.000000
536.449119, 4.783667, -1.000000, 0.000000
536.706783, 4.934442, -1.000000, 0.000000
536.768255, 4.970413, -1.000000, 0.000000
536.829727, 5.006384, -1.000000, 0.000000
537.087391, 5.157159, -1.000000, 0.000000
537.148863, 5.193130, -1.000000, 0.000000
537.210335, 5.229101, -1.000000, 0.000000
537.467999, 5.379876, -1.000000, 0.000000
537.529471, 5.415847, -1.000000, 0.000000
537.590943, 5.451818, -1.000000, 0.000000
537.848607, 5.602593, -1.000000, 0.000000
537.910079, 5.638564, -1.000000, 0.000000
537.971551, 5.674535, -1.000000, 0.000000
538.229215, 5.825310, -1.000000, 0.000000
538.290687, 5.861281, -1.000000, 0.000000
538.352159, 5.897252, -1.000000, 0.000000
538.413631, 5.933223, -1.000000, 0.000000
538.671061, 6.083861, -1.000000, 0.000000
538.732533, 6.119832, -1.000000, 0.000000
538.794005, 6.155803, -1.000000, 0.000000
539.049390, 6.305244, -1.000000, 0.000000
539.110862, 6.341215, -1.000000, 0.000000
539.172333, 6.377186, -1.000000, 0.000000
539.425846, 6.525532, -1.000000, 0.000000
539.487318, 6.561503, -1.000000, 0.000000
539.548790, 6.597474, -1.000000, 0.000000
539.800606, 6.744827, -1.000000, 0.000000
539.862078, 6.780798, -1.000000, 0.000000
539.923550, 6.816769, -1.000000, 0.000000
540.173843, 6.963231, -1.000000, 0.000000
540.235315, 6.999202, -1.000000, 0.000000
540.296787, 7.035173, -1.000000, 0.000000
540.545738, 7.180849, -1.000000, 0.000000
540.607210, 7.216820, -1.000000, 0.000000
540.668682, 7.252791, -1.000000, 0.000000
540.730154, 7.288762, -1.000000, 0.000000
540.977942, 7.433758, -1.000000, 0.000000
541.039414, 7.469729, -1.000000, 0.000000
541.100886, 7.505700, -1.000000, 0.000000
541.347793, 7.650181, -1.000000, 0.000000
541.409265, 7.686152, -1.000000, 0.000000
541.470737, 7.722123, -1.000000, 0.000000
541.717644, 7.866603, -1.000000, 0.000000
541.779116, 7.902574, -1.000000, 0.000000
541.840588, 7.938545, -1.000000, 0.000000
542.087496, 8.083026, -1.000000, 0.000000
542.148968, 8.118997, -1.000000, 0.000000
542.210440, 8.154968, -1.000000, 0.000000
542.457349, 8.299445, -1.000000, 0.000000
542.518833, 8.335395, -1.000000, 0.000000
542.580317, 8.371345, -1.000000, 0.000000
542.827274, 8.515741, -1.000000, 0.000000
542.888971, 8.551324, -1.000000, 0.000000
542.950668, 8.586908, -1.000000, 0.000000
543.012365, 8.622491, -1.000000, 0.000000
543.260896, 8.764091, -1.000000, 0.000000
543.323476, 8.798096, -1.000000, 0.000000
543.386057, 8.832102, -1.000000, 0.000000
543.637953, 8.967631, -1.000000, 0.000000
543.701362, 9.000066, -1.000000, 0.000000
543.764771, 9.032501, -1.000000, 0.000000
544.019829, 9.161992, -1.000000, 0.000000
544.084012, 9.192868, -1.000000, 0.000000
544.148194, 9.223745, -1.000000, 0.000000
544.406214, 9.347241, -1.000000, 0.000000
544.471116, 9.376575, -1.000000, 0.000000
544.536018, 9.405908, -1.000000, 0.000000
544.796803, 9.523470, -1.000000, 0.000000
544.862372, 9.551281, -1.000000, 0.000000
544.927941, 9.579091, -1.000000, 0.000000
545.191297, 9.690790, -1.000000, 0.000000
545.257482, 9.717103, -1.000000, 0.000000
545.323666, 9.743415, -1.000000, 0.000000
545.389850, 9.769728, -1.000000, 0.000000
545.656134, 9.874244, -1.000000, 0.000000
545.722859, 9.899153, -1.000000, 0.000000
545.789585, 9.924062, -1.000000, 0.000000
546.057592, 10.024112, -1.000000, 0.000000
546.124317, 10.049021, -1.000000, 0.000000
546.191042, 10.073930, -1.000000, 0.000000
546.459050, 10.173979, -1.000000, 0.000000
546.525775, 10.198888, -1.000000, 0.000000
546.592500, 10.223797, -1.000000, 0.000000
546.860508, 10.323847, -1.000000, 0.000000
546.927233, 10.348756, -1.000000, 0.000000
546.993958, 10.373665, -1.000000, 0.000000
547.261966, 10.473714, -1.000000, 0.000000
547.328691, 10.498623, -1.000000, 0.000000
547.395416, 10.523532, -1.000000, 0.000000
547.663423, 10.623581, -1.000000, 0.000000
547.730149, 10.648490, -1.000000, 0.000000
547.796874, 10.673399, -1.000000, 0.000000
547.863599, 10.698308, -1.000000, 0.000000
548.131607, 10.798358, -1.000000, 0.000000
548.198332, 10.823267, -1.000000, 0.000000
548.265057, 10.848176, -1.000000, 0.000000
548.533064, 10.948225, -1.000000, 0.000000
548.599790, 10.973134, -1.000000, 0.000000
548.666515, 10.998043, -1.000000, 0.000000
548.934522, 11.098093, -1.000000, 0.000000
549.001247, 11.123002, -1.000000, 0.000000
549.067973, 11.147911, -1.000000, 0.000000
549.335980, 11.247960, -1.000000, 0.000000
549.402705, 11.272869, -1.000000, 0.000000
549.469431, 11.297778, -1.000000, 0.000000
549.737438, 11.397828, -1.000000, 0.000000
549.804163, 11.422737, -1.000000, 0.000000
549.870888, 11.447646, -1.000000, 0.000000
550.138896, 11.547695, -1.000000, 0.000000
550.205621, 11.572604, -1.000000, 0.000000
550.272346, 11.597513, -1.000000, 0.000000
550.339071, 11.622422, -1.000000, 0.000000
550.607255, 11.722537, -1.000000, 0.000000
550.673981, 11.747447, -1.000000, 0.000000
550.740706, 11.772356, -1.000000, 0.000000
551.011243, 11.873349, -1.000000, 0.000000
551.077968, 11.898258, -1.000000, 0.000000
551.144694, 11.923167, -1.000000, 0.000000
551.417853, 12.025140, -1.000000, 0.000000
551.484578, 12.050049, -1.000000, 0.000000
551.551304, 12.074958, -1.000000, 0.000000
551.827350, 12.178008, -1.000000, 0.000000
551.894075, 12.202918, -1.000000, 0.000000
551.960800, 12.227827, -1.000000, 0.000000
552.239991, 12.332051, -1.000000, 0.000000
552.306716, 12.356960, -1.000000, 0.000000
552.373441, 12.381869, -1.000000, 0.000000
552.656029, 12.487361, -1.000000, 0.000000
552.722754, 12.512270, -1.000000, 0.000000
552.789479, 12.537179, -1.000000, 0.000000
552.856204, 12.562088, -1.000000, 0.000000
553.131316, 12.664789, -1.000000, 0.000000
553.198041, 12.689698, -1.000000, 0.000000
553.264766, 12.714607, -1.000000, 0.000000
553.543442, 12.818639, -1.000000, 0.000000
553.610167, 12.843549, -1.000000, 0.000000
553.676893, 12.868458, -1.000000, 0.000000
553.955569, 12.972490, -1.000000, 0.000000
554.022294, 12.997399, -1.000000, 0.000000
554.089019, 13.022308, -1.000000, 0.000000
554.155744, 13.047217, -1.000000, 0.000000
554.434421, 13.151249, -1.000000, 0.000000
554.501146, 13.176158, -1.000000, 0.000000
554.567871, 13.201067, -1.000000, 0.000000
554.846547, 13.305099, -1.000000, 0.000000
554.913273, 13.330008, -1.000000, 0.000000
554.979998, 13.354917, -1.000000, 0.000000
555.258674, 13.458949, -1.000000, 0.000000
555.325446, 13.483731, -1.000000, 0.000000
555.392219, 13.508514, -1.000000, 0.000000
555.458991, 13.533296, -1.000000, 0.000000
555.738008, 13.636398, -1.000000, 0.000000
555.805000, 13.660582, -1.000000, 0.000000
555.871992, 13.684766, -1.000000, 0.000000
556.151878, 13.785467, -1.000000, 0.000000
556.219185, 13.808757, -1.000000, 0.000000
556.286493, 13.832048, -1.000000, 0.000000
556.567593, 13.929316, -1.000000, 0.000000
556.635203, 13.951711, -1.000000, 0.000000
556.702814, 13.974106, -1.000000, 0.000000
556.770424, 13.996501, -1.000000, 0.000000
557.052984, 14.089433, -1.000000, 0.000000
557.120885, 14.110931, -1.000000, 0.000000
557.188786, 14.132429, -1.000000, 0.000000
557.472458, 14.221914, -1.000000, 0.000000
557.540637, 14.242515, -1.000000, 0.000000
557.608816, 14.263115, -1.000000, 0.000000
557.893555, 14.349151, -1.000000, 0.000000
557.961999, 14.368853, -1.000000, 0.000000
558.030442, 14.388556, -1.000000, 0.000000
558.098886, 14.408259, -1.000000, 0.000000
558.384878, 14.490026, -1.000000, 0.000000
558.453541, 14.508950, -1.000000, 0.000000
558.522204, 14.527873, -1.000000, 0.000000
558.809000, 14.606805, -1.000000, 0.000000
558.877746, 14.625425, -1.000000, 0.000000
558.946492, 14.644044, -1.000000, 0.000000
559.233609, 14.721805, -1.000000, 0.000000
559.302355, 14.740424, -1.000000, 0.000000
559.371102, 14.759043, -1.000000, 0.000000
559.439848, 14.777662, -1.000000, 0.000000
559.726965, 14.855424, -1.000000, 0.000000
559.795711, 14.874043, -1.000000, 0.000000
559.864458, 14.892662, -1.000000, 0.000000
560.151575, 14.970424, -1.000000, 0.000000
560.220321, 14.989043, -1.000000, 0.000000
560.289067, 15.007662, -1.000000, 0.000000
560.576184, 15.085424, -1.000000, 0.000000
560.644930, 15.104043, -1.000000, 0.000000
560.713677, 15.122662, -1.000000, 0.000000
560.782423, 15.141281, -1.000000, 0.000000
561.069540, 15.219043, -1.000000, 0.000000
561.138286, 15.237662, -1.000000, 0.000000
561.207033, 15.256281, -1.000000, 0.000000
561.494149, 15.334043, -1.000000, 0.000000
561.562896, 15.352662, -1.000000, 0.000000
561.631642, 15.371281, -1.000000, 0.000000
561.918759, 15.449043, -1.000000, 0.000000
561.987505, 15.467662, -1.000000, 0.000000
562.056251, 15.486281, -1.000000, 0.000000
562.124998, 15.504900, -1.000000, 0.000000
562.412115, 15.582662, -1.000000, 0.000000
562.480861, 15.601281, -1.000000, 0.000000
562.549608, 15.619900, -1.000000, 0.000000
562.836724, 15.697662, -1.000000, 0.000000
562.905471, 15.716281, -1.000000, 0.000000
562.974217, 15.734900, -1.000000, 0.000000
563.261334, 15.812662, -1.000000, 0.000000
563.330080, 15.831281, -1.000000, 0.000000
563.398826, 15.849900, -1.000000, 0.000000
563.467573, 15.868519, -1.000000, 0.000000
563.754807, 15.946313, -1.000000, 0.000000
563.823553, 15.964932, -1.000000, 0.000000
563.892300, 15.983551, -1.000000, 0.000000
564.179805, 16.061418, -1.000000, 0.000000
564.248551, 16.080037, -1.000000, 0.000000
564.317297, 16.098656, -1.000000, 0.000000
564.605153, 16.176618, -1.000000, 0.000000
564.673899, 16.195237, -1.000000, 0.000000
564.742645, 16.213856, -1.000000, 0.000000
564.811392, 16.232475, -1.000000, 0.000000
565.099677, 16.310553, -1.000000, 0.000000
565.168423, 16.329172, -1.000000, 0.000000
565.237170, 16.347791, -1.000000, 0.000000
565.525963, 16.426007, -1.000000, 0.000000
565.594710, 16.444626, -1.000000, 0.000000
565.663456, 16.463245, -1.000000, 0.000000
565.952837, 16.541620, -1.000000, 0.000000
566.021583, 16.560239, -1.000000, 0.000000
566.090330, 16.578858, -1.000000, 0.000000
566.159076, 16.597477, -1.000000, 0.000000
566.449123, 16.676033, -1.000000, 0.000000
566.517869, 16.694652, -1.000000, 0.000000
566.586616, 16.713271, -1.000000, 0.000000
566.876980, 16.791912, -1.000000, 0.000000
566.945726, 16.810531, -1.000000, 0.000000
567.014472, 16.829150, -1.000000, 0.000000
567.304837, 16.907792, -1.000000, 0.000000
567.373583, 16.926411, -1.000000, 0.000000
567.442329, 16.945030, -1.000000, 0.000000
567.511075, 16.963649, -1.000000, 0.000000
567.801440, 17.042290, -1.000000, 0.000000
567.870186, 17.060909, -1.000000, 0.000000
567.938933, 17.079528, -1.000000, 0.000000
568.229297, 17.158169, -1.000000, 0.000000
568.298043, 17.176788, -1.000000, 0.000000
568.366789, 17.195408, -1.000000, 0.000000
568.657154, 17.274049, -1.000000, 0.000000
568.725928, 17.292564, -1.000000, 0.000000
568.794703, 17.311079, -1.000000, 0.000000
568.863477, 17.329593, -1.000000, 0.000000
569.154115, 17.407192, -1.000000, 0.000000
569.223126, 17.424805, -1.000000, 0.000000
569.292137, 17.442417, -1.000000, 0.000000
569.583737, 17.516258, -1.000000, 0.000000
569.653144, 17.532239, -1.000000, 0.000000
569.722551, 17.548219, -1.000000, 0.000000
570.015696, 17.615712, -1.000000, 0.000000
570.085445, 17.630126, -1.000000, 0.000000
570.155194, 17.644541, -1.000000, 0.000000
570.224943, 17.658955, -1.000000, 0.000000
570.519733, 17.718835, -1.000000, 0.000000
570.589775, 17.731750, -1.000000, 0.000000
570.659817, 17.744664, -1.000000, 0.000000
570.955744, 17.798699, -1.000000, 0.000000
571.026052, 17.810077, -1.000000, 0.000000
571.096361, 17.821455, -1.000000, 0.000000
571.393322, 17.869513, -1.000000, 0.000000
571.463843, 17.879493, -1.000000, 0.000000
571.534363, 17.889473, -1.000000, 0.000000
571.604883, 17.899453, -1.000000, 0.000000
571.902851, 17.940720, -1.000000, 0.000000
571.973547, 17.949374, -1.000000, 0.000000
572.044242, 17.958028, -1.000000, 0.000000
572.342856, 17.994317, -1.000000, 0.000000
572.413643, 18.002189, -1.000000, 0.000000
572.484429, 18.010060, -1.000000, 0.000000
572.783407, 18.043305, -1.000000, 0.000000
572.854216, 18.050975, -1.000000, 0.000000
572.925025, 18.058644, -1.000000, 0.000000
572.995834, 18.066314, -1.000000, 0.000000
573.294910, 18.098707, -1.000000, 0.000000
573.365719, 18.106376, -1.000000, 0.000000
573.436528, 18.114046, -1.000000, 0.000000
573.735604, 18.146439, -1.000000, 0.000000
573.806413, 18.154108, -1.000000, 0.000000
573.877222, 18.161778, -1.000000, 0.000000
574.176298, 18.194171, -1.000000, 0.000000
574.247107, 18.201840, -1.000000, 0.000000
574.317916, 18.209510, -1.000000, 0.000000
574.388725, 18.217179, -1.000000, 0.000000
574.687801, 18.249572, -1.000000, 0.000000
574.758610, 18.257242, -1.000000, 0.000000
574.829419, 18.264911, -1.000000, 0.000000
575.128495, 18.297305, -1.000000, 0.000000
575.199304, 18.304974, -1.000000, 0.000000
575.270113, 18.312643, -1.000000, 0.000000
575.569189, 18.345037, -1.000000, 0.000000
575.639998, 18.352706, -1.000000, 0.000000
575.710807, 18.360375, -1.000000, 0.000000
575.781616, 18.368045, -1.000000, 0.000000
576.080693, 18.400438, -1.000000, 0.000000
576.151502, 18.408107, -1.000000, 0.000000
576.222310, 18.415777, -1.000000, 0.000000
576.521387, 18.448170, -1.000000, 0.000000
576.592195, 18.455839, -1.000000, 0.000000
576.663004, 18.463509, -1.000000, 0.000000
576.962080, 18.495902, -1.000000, 0.000000
577.032889, 18.503571, -1.000000, 0.000000
577.103698, 18.511241, -1.000000, 0.000000
577.174507, 18.518910, -1.000000, 0.000000
577.476902, 18.551663, -1.000000, 0.000000
577.547711, 18.559332, -1.000000, 0.000000
577.618520, 18.567002, -1.000000, 0.000000
577.529373, 22.282604, 1.000000, 0.000000
577.598903, 22.302075, 1.000000, 0.000000
577.668434, 22.321546, 1.000000, 0.000000
577.740521, 22.317414, 1.000000, 0.000000
578.052308, 22.291484, 1.000000, 0.000000
578.124395, 22.287352, 1.000000, 0.000000
578.195204, 22.295021, 1.000000, 0.000000
578.508393, 22.328943, 1.000000, 0.000000
578.579202, 22.336612, 1.000000, 0.000000
578.648732, 22.356083, 1.000000, 0.000000
578.719541, 22.363753, 1.000000, 0.000000
579.040769, 22.398545, 1.000000, 0.000000
579.111578, 22.406215, 1.000000, 0.000000
579.182387, 22.413884, 1.000000, 0.000000
579.500085, 22.448294, 1.000000, 0.000000
579.570894, 22.455964, 1.000000, 0.000000
579.641703, 22.463633, 1.000000, 0.000000
579.711234, 22.483104, 1.000000, 0.000000
580.037428, 22.518434, 1.000000, 0.000000
580.108237, 22.526104, 1.000000, 0.000000
580.179046, 22.533773, 1.000000, 0.000000
580.249854, 22.541442, 1.000000, 0.000000
580.579358, 22.589071, 1.000000, 0.000000
580.651445, 22.584939, 1.000000, 0.000000
580.722254, 22.592609, 1.000000, 0.000000
581.053036, 22.628436, 1.000000, 0.000000
581.125123, 22.624304, 1.000000, 0.000000
581.195932, 22.631973, 1.000000, 0.000000
581.265463, 22.651444, 1.000000, 0.000000
581.596246, 22.687271, 1.000000, 0.000000
581.667054, 22.694941, 1.000000, 0.000000
581.737863, 22.702610, 1.000000, 0.000000
581.807394, 22.722081, 1.000000, 0.000000
582.138176, 22.757908, 1.000000, 0.000000
582.208985, 22.765578, 1.000000, 0.000000
582.281072, 22.761446, 1.000000, 0.000000
582.610576, 22.809075, 1.000000, 0.000000
582.681385, 22.816744, 1.000000, 0.000000
582.753472, 22.812612, 1.000000, 0.000000
582.823002, 22.832083, 1.000000, 0.000000
583.153785, 22.867910, 1.000000, 0.000000
583.224594, 22.875580, 1.000000, 0.000000
583.296681, 22.871447, 1.000000, 0.000000
583.367490, 22.879117, 1.000000, 0.000000
583.694293, 22.914576, 1.000000, 0.000000
583.765094, 22.922323, 1.000000, 0.000000
583.835894, 22.930069, 1.000000, 0.000000
584.152640, 22.964744, 1.000000, 0.000000
584.223410, 22.972762, 1.000000, 0.000000
584.294180, 22.980780, 1.000000, 0.000000
584.364951, 22.988799, 1.000000, 0.000000
584.679186, 23.024525, 1.000000, 0.000000
584.749920, 23.032860, 1.000000, 0.000000
584.820653, 23.041196, 1.000000, 0.000000
584.891387, 23.049531, 1.000000, 0.000000
585.205318, 23.086759, 1.000000, 0.000000
585.277456, 23.083632, 1.000000, 0.000000
585.348151, 23.092287, 1.000000, 0.000000
585.661864, 23.130712, 1.000000, 0.000000
585.732519, 23.139689, 1.000000, 0.000000
585.804670, 23.136891, 1.000000, 0.000000
585.875325, 23.145868, 1.000000, 0.000000
586.188774, 23.185821, 1.000000, 0.000000
586.257836, 23.206891, 1.000000, 0.000000
586.328450, 23.216193, 1.000000, 0.000000
586.397512, 23.237263, 1.000000, 0.000000
586.710523, 23.278732, 1.000000, 0.000000
586.776278, 23.323645, 1.000000, 0.000000
586.842033, 23.368558, 1.000000, 0.000000
587.164462, 23.376627, 1.000000, 0.000000
587.234999, 23.386487, 1.000000, 0.000000
587.305537, 23.396346, 1.000000, 0.000000
587.376074, 23.406206, 1.000000, 0.000000
587.703481, 23.451991, 1.000000, 0.000000
587.778962, 23.426626, 1.000000, 0.000000
587.849494, 23.436526, 1.000000, 0.000000
587.920026, 23.446426, 1.000000, 0.000000
588.251162, 23.480920, 1.000000, 0.000000
588.320044, 23.502575, 1.000000, 0.000000
588.390575, 23.512475, 1.000000, 0.000000
588.720062, 23.558724, 1.000000, 0.000000
588.790594, 23.568624, 1.000000, 0.000000
588.854525, 23.625545, 1.000000, 0.000000
588.931657, 23.588425, 1.000000, 0.000000
589.264444, 23.611163, 1.000000, 0.000000
589.334975, 23.621063, 1.000000, 0.000000
589.405507, 23.630963, 1.000000, 0.000000
589.474389, 23.652619, 1.000000, 0.000000
589.803875, 23.698867, 1.000000, 0.000000
589.866157, 23.767544, 1.000000, 0.000000
589.938338, 23.765689, 1.000000, 0.000000
590.267825, 23.811937, 1.000000, 0.000000
590.336706, 23.833593, 1.000000, 0.000000
590.407238, 23.843493, 1.000000, 0.000000
590.484370, 23.806372, 1.000000, 0.000000
590.815507, 23.840866, 1.000000, 0.000000
590.887688, 23.839011, 1.000000, 0.000000
590.958220, 23.848911, 1.000000, 0.000000
591.028752, 23.858811, 1.000000, 0.000000
591.358238, 23.905060, 1.000000, 0.000000
591.428770, 23.914960, 1.000000, 0.000000
591.497651, 23.936615, 1.000000, 0.000000
591.828788, 23.971109, 1.000000, 0.000000
591.899320, 23.981009, 1.000000, 0.000000
591.969851, 23.990909, 1.000000, 0.000000
592.040383, 24.000810, 1.000000, 0.000000
592.368794, 24.046907, 1.000000, 0.000000
592.439325, 24.056807, 1.000000, 0.000000
592.508207, 24.078463, 1.000000, 0.000000
592.578738, 24.088363, 1.000000, 0.000000
592.905813, 24.134273, 1.000000, 0.000000
592.976344, 24.144173, 1.000000, 0.000000
593.046876, 24.154074, 1.000000, 0.000000
593.372624, 24.199797, 1.000000, 0.000000
593.443156, 24.209698, 1.000000, 0.000000
593.513688, 24.219598, 1.000000, 0.000000
593.584219, 24.229498, 1.000000, 0.000000
593.908653, 24.275038, 1.000000, 0.000000
593.979184, 24.284938, 1.000000, 0.000000
594.049716, 24.294838, 1.000000, 0.000000
594.120248, 24.304738, 1.000000, 0.000000
594.443376, 24.350094, 1.000000, 0.000000
594.513907, 24.359995, 1.000000, 0.000000
594.582789, 24.381650, 1.000000, 0.000000
594.904623, 24.426824, 1.000000, 0.000000
594.975154, 24.436725, 1.000000, 0.000000
595.045686, 24.446625, 1.000000, 0.000000
595.116217, 24.456525, 1.000000, 0.000000
595.436768, 24.501519, 1.000000, 0.000000
595.507299, 24.511420, 1.000000, 0.000000
595.577831, 24.521320, 1.000000, 0.000000
595.648363, 24.531220, 1.000000, 0.000000
595.968657, 24.576178, 1.000000, 0.000000
596.039189, 24.586079, 1.000000, 0.000000
596.109720, 24.595979, 1.000000, 0.000000
596.430015, 24.640937, 1.000000, 0.000000
596.500546, 24.650837, 1.000000, 0.000000
596.571078, 24.660738, 1.000000, 0.000000
596.641609, 24.670638, 1.000000, 0.000000
596.961905, 24.715596, 1.000000, 0.000000
597.032436, 24.725497, 1.000000, 0.000000
597.102968, 24.735397, 1.000000, 0.000000
597.173499, 24.745297, 1.000000, 0.000000
597.493794, 24.790255, 1.000000, 0.000000
597.564325, 24.800156, 1.000000, 0.000000
597.634857, 24.810056, 1.000000, 0.000000
597.955151, 24.855014, 1.000000, 0.000000
598.025683, 24.864914, 1.000000, 0.000000
598.096215, 24.874815, 1.000000, 0.000000
598.166746, 24.884715, 1.000000, 0.000000
598.487041, 24.929673, 1.000000, 0.000000
598.557573, 24.939574, 1.000000, 0.000000
598.628104, 24.949474, 1.000000, 0.000000
598.698636, 24.959374, 1.000000, 0.000000
599.017280, 25.016088, 1.000000, 0.000000
599.087812, 25.025988, 1.000000, 0.000000
599.158343, 25.035888, 1.000000, 0.000000
599.472894, 25.092038, 1.000000, 0.000000
599.543414, 25.102017, 1.000000, 0.000000
599.613935, 25.111996, 1.000000, 0.000000
599.684455, 25.121976, 1.000000, 0.000000
599.993567, 25.177786, 1.000000, 0.000000
600.064061, 25.187947, 1.000000, 0.000000
600.134556, 25.198108, 1.000000, 0.000000
600.205050, 25.208269, 1.000000, 0.000000
600.514299, 25.253005, 1.000000, 0.000000
600.584763, 25.263375, 1.000000, 0.000000
600.655227, 25.273745, 1.000000, 0.000000
600.964911, 25.319338, 1.000000, 0.000000
601.035346, 25.329906, 1.000000, 0.000000
601.105780, 25.340473, 1.000000, 0.000000
601.176215, 25.351041, 1.000000, 0.000000
601.486273, 25.397644, 1.000000, 0.000000
601.556679, 25.408400, 1.000000, 0.000000
601.627085, 25.419156, 1.000000, 0.000000
601.697491, 25.429911, 1.000000, 0.000000
602.007893, 25.477472, 1.000000, 0.000000
602.078272, 25.488406, 1.000000, 0.000000
602.148651, 25.499341, 1.000000, 0.000000
602.459398, 25.547640, 1.000000, 0.000000
602.529750, 25.558745, 1.000000, 0.000000
602.600102, 25.569850, 1.000000, 0.000000
602.670454, 25.580955, 1.000000, 0.000000
602.982224, 25.630234, 1.000000, 0.000000
603.052553, 25.641487, 1.000000, 0.000000
603.122881, 25.652740, 1.000000, 0.000000
603.191334, 25.675714, 1.000000, 0.000000
603.507426, 25.726343, 1.000000, 0.000000
603.577745, 25.737658, 1.000000, 0.000000
603.648063, 25.748974, 1.000000, 0.000000
603.967390, 25.800360, 1.000000, 0.000000
604.039594, 25.799955, 1.000000, 0.000000
604.109912, 25.811271, 1.000000, 0.000000
604.180231, 25.822587, 1.000000, 0.000000
604.499557, 25.873972, 1.000000, 0.000000
604.569876, 25.885288, 1.000000, 0.000000
604.640194, 25.896604, 1.000000, 0.000000
604.712399, 25.896199, 1.000000, 0.000000
605.031725, 25.947585, 1.000000, 0.000000
605.102043, 25.958901, 1.000000, 0.000000
605.172362, 25.970216, 1.000000, 0.000000
605.493574, 26.009882, 1.000000, 0.000000
605.563892, 26.021198, 1.000000, 0.000000
605.634211, 26.032514, 1.000000, 0.000000
605.704529, 26.043829, 1.000000, 0.000000
606.023856, 26.095215, 1.000000, 0.000000
606.096060, 26.094811, 1.000000, 0.000000
606.166379, 26.106127, 1.000000, 0.000000
606.236697, 26.117442, 1.000000, 0.000000
606.556023, 26.168828, 1.000000, 0.000000
606.626342, 26.180143, 1.000000, 0.000000
606.696660, 26.191459, 1.000000, 0.000000
607.015987, 26.242845, 1.000000, 0.000000
607.086305, 26.254160, 1.000000, 0.000000
607.158509, 26.253756, 1.000000, 0.000000
607.228828, 26.265072, 1.000000, 0.000000
607.548154, 26.316458, 1.000000, 0.000000
607.618473, 26.327773, 1.000000, 0.000000
607.688791, 26.339089, 1.000000, 0.000000
607.755338, 26.373844, 1.000000, 0.000000
608.078229, 26.437827, 0.000000, 0.000000
608.148547, 26.449142, 0.000000, 0.000000
608.218866, 26.460458, 0.000000, 0.000000
608.554617, 26.502463, 0.000000, 0.000000
608.624935, 26.513779, 0.000000, 0.000000
608.695253, 26.525095, 0.000000, 0.000000
608.765572, 26.536410, 0.000000, 0.000000
609.096811, 26.589713, 0.000000, 0.000000
609.167130, 26.601029, 0.000000, 0.000000
609.239334, 26.600624, 0.000000, 0.000000
609.309652, 26.611940, 0.000000, 0.000000
609.649989, 26.666707, 0.000000, 0.000000
609.720307, 26.678022, 0.000000, 0.000000
609.790626, 26.689338, 0.000000, 0.000000
609.860944, 26.700653, 0.000000, 0.000000
610.198663, 26.754999, 0.000000, 0.000000
610.270867, 26.754595, 0.000000, 0.000000
610.341186, 26.765910, 0.000000, 0.000000
610.411504, 26.777226, 0.000000, 0.000000
610.758330, 26.833037, 0.000000, 0.000000
610.828649, 26.844353, 0.000000, 0.000000
610.898967, 26.855668, 0.000000, 0.000000
610.971171, 26.855264, 0.000000, 0.000000
611.327107, 26.912541, 0.000000, 0.000000
611.397426, 26.923857, 0.000000, 0.000000
611.467744, 26.935172, 0.000000, 0.000000
611.538062, 26.946488, 0.000000, 0.000000
611.885924, 27.002465, 0.000000, 0.000000
611.956242, 27.013781, 0.000000, 0.000000
612.028446, 27.013377, 0.000000, 0.000000
612.098765, 27.024692, 0.000000, 0.000000
612.446627, 27.080670, 0.000000, 0.000000
612.516945, 27.091986, 0.000000, 0.000000
612.587263, 27.103301, 0.000000, 0.000000
612.657582, 27.114617, 0.000000, 0.000000
613.007329, 27.158875, 0.000000, 0.000000
613.077647, 27.170190, 0.000000, 0.000000
613.147966, 27.181506, 0.000000, 0.000000
613.218284, 27.192821, 0.000000, 0.000000
613.288603, 27.204137, 0.000000, 0.000000
613.636464, 27.260115, 0.000000, 0.000000
613.706782, 27.271430, 0.000000, 0.000000
613.778987, 27.271026, 0.000000, 0.000000
613.849305, 27.282342, 0.000000, 0.000000
614.197167, 27.338319, 0.000000, 0.000000
614.267485, 27.349635, 0.000000, 0.000000
614.337804, 27.360951, 0.000000, 0.000000
614.408122, 27.372266, 0.000000, 0.000000
614.757869, 27.416524, 0.000000, 0.000000
614.828188, 27.427840, 0.000000, 0.000000
614.898506, 27.439155, 0.000000, 0.000000
614.968825, 27.450471, 0.000000, 0.000000
615.316686, 27.506448, 0.000000, 0.000000
615.387004, 27.517764, 0.000000, 0.000000
615.457323, 27.529080, 0.000000, 0.000000
615.529527, 27.528675, 0.000000, 0.000000
615.875591, 27.584369, 0.000000, 0.000000
615.945904, 27.595721, 0.000000, 0.000000
616.016216, 27.607072, 0.000000, 0.000000
616.086529, 27.618423, 0.000000, 0.000000
616.430533, 27.673957, 0.000000, 0.000000
616.502738, 27.673668, 0.000000, 0.000000
616.573039, 27.685095, 0.000000, 0.000000
616.643339, 27.696523, 0.000000, 0.000000
616.713639, 27.707950, 0.000000, 0.000000
617.057409, 27.763896, 0.000000, 0.000000
617.127697, 27.775403, 0.000000, 0.000000
617.197984, 27.786910, 0.000000, 0.000000
617.270189, 27.786702, 0.000000, 0.000000
617.614063, 27.843049, 0.000000, 0.000000
617.684338, 27.854632, 0.000000, 0.000000
617.754613, 27.866215, 0.000000, 0.000000
617.824888, 27.877799, 0.000000, 0.000000
618.168845, 27.934529, 0.000000, 0.000000
618.241051, 27.934476, 0.000000, 0.000000
618.311313, 27.946133, 0.000000, 0.000000
618.381576, 27.957790, 0.000000, 0.000000
618.725624, 28.014892, 0.000000, 0.000000
618.795875, 28.026620, 0.000000, 0.000000
618.866126, 28.038348, 0.000000, 0.000000
618.936377, 28.050076, 0.000000, 0.000000
619.282465, 28.095829, 0.000000, 0.000000
619.352705, 28.107625, 0.000000, 0.000000
619.422944, 28.119421, 0.000000, 0.000000
619.493183, 28.131218, 0.000000, 0.000000
619.838298, 28.189176, 0.000000, 0.000000
619.908530, 28.201020, 0.000000, 0.000000
619.980735, 28.201159, 0.000000, 0.000000
620.050966, 28.213002, 0.000000, 0.000000
620.121198, 28.224846, 0.000000, 0.000000
620.467773, 28.283306, 0.000000, 0.000000
518.603540, -13.515284, 1.000000, -1.#QNAN0
518.791461, -13.283795, 1.000000, -1.#QNAN0
518.847427, -13.238172, 1.000000, -1.#QNAN0
518.894482, -13.184707, 1.000000, -1.#QNAN0
519.091314, -12.961060, 1.000000, -1.#QNAN0
519.147280, -12.915437, 1.000000, -1.#QNAN0
519.194335, -12.861972, 1.000000, -1.#QNAN0
519.400078, -12.646168, 1.000000, -1.#QNAN0
519.447133, -12.592703, 1.000000, -1.#QNAN0
519.503099, -12.547080, 1.000000, -1.#QNAN0
519.550154, -12.493615, 1.000000, -1.#QNAN0
519.755897, -12.277810, 1.000000, -1.#QNAN0
519.811863, -12.232188, 1.000000, -1.#QNAN0
519.858918, -12.178722, 1.000000, -1.#QNAN0
520.060521, -11.967622, 1.000000, -1.#QNAN0
520.116487, -11.921999, 1.000000, -1.#QNAN0
520.163542, -11.868534, 1.000000, -1.#QNAN0
520.368925, -11.653138, 1.000000, -1.#QNAN0
520.424891, -11.607516, 1.000000, -1.#QNAN0
520.480857, -11.561893, 1.000000, -1.#QNAN0
520.673438, -11.343076, 1.000000, -1.#QNAN0
520.720493, -11.289611, 1.000000, -1.#QNAN0
520.776459, -11.243988, 1.000000, -1.#QNAN0
520.823514, -11.190523, 1.000000, -1.#QNAN0
521.021293, -10.983768, 1.000000, -1.#QNAN0
521.068348, -10.930302, 1.000000, -1.#QNAN0
521.115403, -10.876837, 1.000000, -1.#QNAN0
521.300741, -10.666250, 1.000000, -1.#QNAN0
521.347796, -10.612785, 1.000000, -1.#QNAN0
521.394851, -10.559319, 1.000000, -1.#QNAN0
521.575784, -10.335771, 1.000000, -1.#QNAN0
521.631750, -10.290148, 1.000000, -1.#QNAN0
521.678805, -10.236683, 1.000000, -1.#QNAN0
521.856598, -10.016702, 1.000000, -1.#QNAN0
521.894742, -9.955394, 1.000000, -1.#QNAN0
521.923975, -9.886244, 1.000000, -1.#QNAN0
522.101707, -9.666332, 1.000000, -1.#QNAN0
522.139851, -9.605024, 1.000000, -1.#QNAN0
522.186906, -9.551559, 1.000000, -1.#QNAN0
522.364638, -9.331647, 1.000000, -1.#QNAN0
522.402782, -9.270339, 1.000000, -1.#QNAN0
522.449837, -9.216874, 1.000000, -1.#QNAN0
522.636481, -9.004804, 1.000000, -1.#QNAN0
522.692447, -8.959181, 1.000000, -1.#QNAN0
522.730591, -8.897873, 1.000000, -1.#QNAN0
522.888104, -8.701568, 1.000000, -1.#QNAN0
522.927047, -8.640765, 1.000000, -1.#QNAN0
522.965990, -8.579961, 1.000000, -1.#QNAN0
523.118698, -8.411658, 1.000000, -1.#QNAN0
523.176296, -8.368113, 1.000000, -1.#QNAN0
523.225275, -8.316405, 1.000000, -1.#QNAN0
523.379885, -8.153841, 1.000000, -1.#QNAN0
523.430122, -8.103353, 1.000000, -1.#QNAN0
523.480358, -8.052866, 1.000000, -1.#QNAN0
523.639963, -7.893117, 1.000000, -1.#QNAN0
523.691396, -7.843849, 1.000000, -1.#QNAN0
523.742829, -7.794581, 1.000000, -1.#QNAN0
523.907320, -7.637658, 1.000000, -1.#QNAN0
523.959889, -7.589604, 1.000000, -1.#QNAN0
524.012458, -7.541550, 1.000000, -1.#QNAN0
524.189527, -7.396404, 1.000000, -1.#QNAN0
524.250981, -7.358495, 1.000000, -1.#QNAN0
524.304626, -7.311646, 1.000000, -1.#QNAN0
524.478135, -7.160738, 1.000000, -1.#QNAN0
524.532799, -7.115081, 1.000000, -1.#QNAN0
524.587462, -7.069424, 1.000000, -1.#QNAN0
524.780903, -6.908394, 1.000000, -1.#QNAN0
524.843642, -6.872654, 1.000000, -1.#QNAN0
524.868925, -6.790873, 1.000000, -1.#QNAN0
525.089409, -6.626988, 1.000000, -1.#QNAN0
525.144810, -6.582228, 1.000000, -1.#QNAN0
525.207671, -6.546702, 1.000000, -1.#QNAN0
525.427418, -6.369162, 1.000000, -1.#QNAN0
525.482819, -6.324402, 1.000000, -1.#QNAN0
525.545680, -6.288876, 1.000000, -1.#QNAN0
525.765427, -6.111337, 1.000000, -1.#QNAN0
525.820828, -6.066577, 1.000000, -1.#QNAN0
525.883689, -6.031050, 1.000000, -1.#QNAN0
526.103436, -5.853511, 1.000000, -1.#QNAN0
526.158837, -5.808751, 1.000000, -1.#QNAN0
526.221698, -5.773225, 1.000000, -1.#QNAN0
526.441446, -5.595685, 1.000000, -1.#QNAN0
526.496847, -5.550925, 1.000000, -1.#QNAN0
526.559707, -5.515399, 1.000000, -1.#QNAN0
526.779454, -5.337860, 1.000000, -1.#QNAN0
526.834855, -5.293100, 1.000000, -1.#QNAN0
526.890256, -5.248340, 1.000000, -1.#QNAN0
527.110004, -5.070800, 1.000000, -1.#QNAN0
527.172865, -5.035274, 1.000000, -1.#QNAN0
527.228266, -4.990514, 1.000000, -1.#QNAN0
527.448013, -4.812975, 1.000000, -1.#QNAN0
527.503414, -4.768215, 1.000000, -1.#QNAN0
527.558815, -4.723455, 1.000000, -1.#QNAN0
527.778562, -4.545916, 1.000000, -1.#QNAN0
527.833963, -4.501156, 1.000000, -1.#QNAN0
527.926664, -4.502563, 1.000000, -1.#QNAN0
528.146411, -4.325024, 1.000000, -1.#QNAN0
528.201812, -4.280264, 1.000000, -1.#QNAN0
528.257213, -4.235504, 1.000000, -1.#QNAN0
528.476960, -4.057964, 1.000000, -1.#QNAN0
528.539821, -4.022438, 1.000000, -1.#QNAN0
528.595222, -3.977678, 1.000000, -1.#QNAN0
528.814969, -3.800139, 1.000000, -1.#QNAN0
528.870370, -3.755379, 1.000000, -1.#QNAN0
528.918311, -3.701386, 1.000000, -1.#QNAN0
529.139575, -3.522621, 1.000000, -1.#QNAN0
529.194976, -3.477861, 1.000000, -1.#QNAN0
529.250377, -3.433101, 1.000000, -1.#QNAN0
529.474261, -3.252219, 1.000000, -1.#QNAN0
529.537122, -3.216693, 1.000000, -1.#QNAN0
529.592523, -3.171933, 1.000000, -1.#QNAN0
529.810004, -2.996225, 1.000000, -1.#QNAN0
529.872865, -2.960698, 1.000000, -1.#QNAN0
529.935726, -2.925172, 1.000000, -1.#QNAN0
530.156242, -2.747011, 1.000000, -1.#QNAN0
530.219103, -2.711485, 1.000000, -1.#QNAN0
530.281964, -2.675958, 1.000000, -1.#QNAN0
530.513174, -2.504418, 1.000000, -1.#QNAN0
530.568574, -2.459659, 1.000000, -1.#QNAN0
530.631435, -2.424132, 1.000000, -1.#QNAN0
530.858614, -2.240589, 0.000000, -1.#QNAN0
530.914015, -2.195829, 0.000000, -1.#QNAN0
530.969416, -2.151069, 0.000000, -1.#QNAN0
531.024817, -2.106309, 1.000000, -1.#QNAN0
531.263072, -1.929077, 1.000000, -1.#QNAN0
531.325933, -1.893551, 1.000000, -1.#QNAN0
531.388794, -1.858025, 1.000000, -1.#QNAN0
531.621011, -1.670410, 1.000000, -1.#QNAN0
531.683872, -1.634884, 1.000000, -1.#QNAN0
531.746733, -1.599358, 1.000000, -1.#QNAN0
531.978950, -1.411743, 1.000000, -1.#QNAN0
532.041811, -1.376217, 1.000000, -1.#QNAN0
532.097212, -1.331457, 1.000000, -1.#QNAN0
532.329429, -1.143843, 1.000000, -1.#QNAN0
532.414670, -1.136017, 1.000000, -1.#QNAN0
532.470071, -1.091257, 1.000000, -1.#QNAN0
532.702288, -0.903643, 1.000000, -1.#QNAN0
532.750229, -0.849649, 1.000000, -1.#QNAN0
532.798170, -0.795656, 1.000000, -1.#QNAN0
533.019776, -0.601350, 1.000000, -1.#QNAN0
533.067799, -0.547430, 1.000000, -1.#QNAN0
533.115822, -0.493509, 1.000000, -1.#QNAN0
533.156400, -0.430344, 1.000000, -1.#QNAN0
533.352060, -0.258274, 1.000000, -1.#QNAN0
533.400871, -0.205066, 1.000000, -1.#QNAN0
533.449682, -0.151857, 1.000000, -1.#QNAN0
533.635060, 0.007527, 1.000000, -1.#QNAN0
533.684987, 0.059690, 1.000000, -1.#QNAN0
533.734913, 0.111853, 1.000000, -1.#QNAN0
533.923463, 0.267466, 1.000000, -1.#QNAN0
533.981402, 0.308888, 1.000000, -1.#QNAN0
534.032437, 0.359966, 1.000000, -1.#QNAN0
534.230672, 0.501786, 1.000000, -1.#QNAN0
534.289498, 0.541938, 1.000000, -1.#QNAN0
534.348325, 0.582089, 1.000000, -1.#QNAN0
534.548918, 0.719422, 1.000000, -1.#QNAN0
534.608614, 0.758268, 1.000000, -1.#QNAN0
534.668311, 0.797115, 1.000000, -1.#QNAN0
534.871250, 0.929916, 1.000000, -1.#QNAN0
534.938047, 0.957333, 1.000000, -1.#QNAN0
534.998593, 0.994842, 1.000000, -1.#QNAN0
535.065391, 1.022259, 1.000000, -1.#QNAN0
535.275022, 1.151323, 1.000000, -1.#QNAN0
535.342370, 1.177358, 1.000000, -1.#QNAN0
535.403676, 1.213612, 1.000000, -1.#QNAN0
535.650624, 1.359422, 1.000000, -1.#QNAN0
535.718091, 1.385148, 1.000000, -1.#QNAN0
535.785558, 1.410874, 1.000000, -1.#QNAN0
536.043222, 1.561649, 1.000000, -1.#QNAN0
536.110689, 1.587374, 1.000000, -1.#QNAN0
536.178156, 1.613100, 1.000000, -1.#QNAN0
536.435821, 1.763875, 1.000000, -1.#QNAN0
536.503288, 1.789601, 1.000000, -1.#QNAN0
536.564760, 1.825572, 1.000000, -1.#QNAN0
536.822424, 1.976347, 1.000000, -1.#QNAN0
536.883896, 2.012318, 1.000000, -1.#QNAN0
536.945368, 2.048289, 1.000000, -1.#QNAN0
537.203032, 2.199064, 1.000000, -1.#QNAN0
537.270499, 2.224789, 1.000000, -1.#QNAN0
537.331971, 2.260761, 1.000000, -1.#QNAN0
537.399438, 2.286486, 1.000000, -1.#QNAN0
537.657103, 2.437261, 1.000000, -1.#QNAN0
537.724570, 2.462987, 1.000000, -1.#QNAN0
537.786042, 2.498958, 1.000000, -1.#QNAN0
538.049701, 2.639488, 1.000000, -1.#QNAN0
538.111173, 2.675459, 1.000000, -1.#QNAN0
538.172645, 2.711430, 1.000000, -1.#QNAN0
538.430309, 2.862205, 1.000000, -1.#QNAN0
538.491781, 2.898176, 1.000000, -1.#QNAN0
538.553253, 2.934147, 1.000000, -1.#QNAN0
538.810917, 3.084922, 1.000000, -1.#QNAN0
538.878385, 3.110648, 1.000000, -1.#QNAN0
538.939856, 3.146619, 1.000000, -1.#QNAN0
539.197521, 3.297394, 1.000000, -1.#QNAN0
539.264988, 3.323119, 1.000000, -1.#QNAN0
539.326460, 3.359090, 1.000000, -1.#QNAN0
539.584124, 3.509865, 1.000000, -1.#QNAN0
539.651591, 3.535591, 1.000000, -1.#QNAN0
539.713063, 3.571562, 1.000000, -1.#QNAN0
539.774535, 3.607533, 1.000000, -1.#QNAN0
540.031964, 3.758171, 1.000000, -1.#QNAN0
540.093436, 3.794142, 1.000000, -1.#QNAN0
540.160903, 3.819867, 1.000000, -1.#QNAN0
540.416288, 3.969309, 1.000000, -1.#QNAN0
540.477760, 4.005280, 1.000000, -1.#QNAN0
540.539232, 4.041251, 1.000000, -1.#QNAN0
540.792745, 4.189597, 1.000000, -1.#QNAN0
540.860212, 4.215322, 1.000000, -1.#QNAN0
540.921684, 4.251293, 1.000000, -1.#QNAN0
541.173499, 4.398646, 1.000000, -1.#QNAN0
541.240967, 4.424372, 1.000000, -1.#QNAN0
541.302439, 4.460343, 1.000000, -1.#QNAN0
541.558727, 4.596559, 1.000000, -1.#QNAN0
541.620199, 4.632530, 1.000000, -1.#QNAN0
541.687666, 4.658256, 1.000000, -1.#QNAN0
541.936617, 4.803932, 1.000000, -1.#QNAN0
542.004084, 4.829658, 1.000000, -1.#QNAN0
542.065556, 4.865629, 1.000000, -1.#QNAN0
542.121033, 4.911845, 1.000000, -1.#QNAN0
542.368822, 5.056842, 1.000000, -1.#QNAN0
542.430294, 5.092813, 1.000000, -1.#QNAN0
542.485770, 5.139029, 1.000000, -1.#QNAN0
542.732677, 5.283509, 1.000000, -1.#QNAN0
542.800145, 5.309235, 1.000000, -1.#QNAN0
542.855621, 5.355451, 1.000000, -1.#QNAN0
543.102529, 5.499932, 1.000000, -1.#QNAN0
543.164001, 5.535903, 1.000000, -1.#QNAN0
543.225472, 5.571874, 1.000000, -1.#QNAN0
543.472380, 5.716355, 1.000000, -1.#QNAN0
543.533852, 5.752326, 1.000000, -1.#QNAN0
543.595324, 5.788297, 1.000000, -1.#QNAN0
543.841425, 5.932301, 1.000000, -1.#QNAN0
543.896917, 5.978498, 1.000000, -1.#QNAN0
543.952410, 6.024696, 1.000000, -1.#QNAN0
544.179447, 6.171251, 1.000000, -1.#QNAN0
544.241144, 6.206834, 1.000000, -1.#QNAN0
542.950668, 8.586908, -1.000000, -1.#QNAN0
544.364538, 6.278001, 0.000000, -1.#QNAN0
544.558772, 6.375594, 0.000000, -1.#QNAN0
544.621353, 6.409599, 0.000000, -1.#QNAN0
544.683934, 6.443605, 0.000000, -1.#QNAN0
544.875889, 6.547525, 0.000000, -1.#QNAN0
544.939298, 6.579960, 0.000000, -1.#QNAN0
545.008112, 6.601827, 0.000000, -1.#QNAN0
545.203422, 6.701669, 0.000000, -1.#QNAN0
545.267604, 6.732546, 0.000000, -1.#QNAN0
545.331786, 6.763422, 0.000000, -1.#QNAN0
545.535555, 6.848516, 0.000000, -1.#QNAN0
545.600457, 6.877850, 0.000000, -1.#QNAN0
545.665359, 6.907183, 0.000000, -1.#QNAN0
545.867499, 6.999060, 0.000000, -1.#QNAN0
545.937704, 7.015942, 0.000000, -1.#QNAN0
546.003273, 7.043753, 0.000000, -1.#QNAN0
546.208716, 7.131662, 0.000000, -1.#QNAN0
546.274901, 7.157975, 0.000000, -1.#QNAN0
546.345470, 7.173256, 0.000000, -1.#QNAN0
546.411655, 7.199569, 0.000000, -1.#QNAN0
546.623436, 7.283081, 0.000000, -1.#QNAN0
546.690162, 7.307990, 0.000000, -1.#QNAN0
546.761038, 7.321778, 0.000000, -1.#QNAN0
547.029046, 7.421827, 0.000000, -1.#QNAN0
547.095771, 7.446736, 1.000000, -1.#QNAN0
547.162496, 7.471645, 1.000000, -1.#QNAN0
547.426352, 7.582816, 1.000000, -1.#QNAN0
547.493077, 7.607725, 1.000000, -1.#QNAN0
547.555651, 7.643755, 1.000000, -1.#QNAN0
547.827810, 7.732683, 1.000000, -1.#QNAN0
547.894535, 7.757592, 1.000000, -1.#QNAN0
547.965412, 7.771380, 1.000000, -1.#QNAN0
548.233419, 7.871430, 1.000000, -1.#QNAN0
548.300144, 7.896339, 1.000000, -1.#QNAN0
548.366870, 7.921248, 1.000000, -1.#QNAN0
548.639028, 8.010176, 1.000000, -1.#QNAN0
548.705754, 8.035085, 1.000000, -1.#QNAN0
548.772479, 8.059994, 1.000000, -1.#QNAN0
548.839204, 8.084903, 1.000000, -1.#QNAN0
549.111363, 8.173832, 1.000000, -1.#QNAN0
549.178089, 8.198741, 1.000000, -1.#QNAN0
549.248965, 8.212529, 1.000000, -1.#QNAN0
549.516972, 8.312578, 1.000000, -1.#QNAN0
549.583698, 8.337487, 1.000000, -1.#QNAN0
549.650423, 8.362397, 1.000000, -1.#QNAN0
549.918430, 8.462446, 1.000000, -1.#QNAN0
549.985155, 8.487355, 1.000000, -1.#QNAN0
550.051881, 8.512264, 1.000000, -1.#QNAN0
550.319888, 8.612313, 1.000000, -1.#QNAN0
550.382462, 8.648343, 1.000000, -1.#QNAN0
550.449187, 8.673252, 1.000000, -1.#QNAN0
550.717194, 8.773302, 1.000000, -1.#QNAN0
550.783920, 8.798211, 1.000000, -1.#QNAN0
550.850645, 8.823120, 1.000000, -1.#QNAN0
551.118652, 8.923169, 1.000000, -1.#QNAN0
551.185377, 8.948078, 1.000000, -1.#QNAN0
551.247951, 8.984108, 1.000000, -1.#QNAN0
551.314676, 9.009017, 1.000000, -1.#QNAN0
551.582861, 9.109132, 1.000000, -1.#QNAN0
551.649586, 9.134041, 1.000000, -1.#QNAN0
551.716311, 9.158950, 1.000000, -1.#QNAN0
551.986848, 9.259944, 1.000000, -1.#QNAN0
552.053573, 9.284853, 1.000000, -1.#QNAN0
552.120299, 9.309762, 1.000000, -1.#QNAN0
552.393458, 9.411735, 1.000000, -1.#QNAN0
552.460184, 9.436644, 1.000000, -1.#QNAN0
552.522757, 9.472674, 1.000000, -1.#QNAN0
552.798803, 9.575724, 1.000000, -1.#QNAN0
552.861377, 9.611754, 1.000000, -1.#QNAN0
552.923951, 9.647784, 1.000000, -1.#QNAN0
553.203141, 9.752008, 1.000000, -1.#QNAN0
553.265715, 9.788038, 1.000000, -1.#QNAN0
553.332440, 9.812947, 1.000000, -1.#QNAN0
553.610876, 9.929560, 1.000000, -1.#QNAN0
553.677602, 9.954469, 1.000000, -1.#QNAN0
553.744327, 9.979378, 1.000000, -1.#QNAN0
553.806900, 10.015408, 1.000000, -1.#QNAN0
554.082012, 10.118109, 1.000000, -1.#QNAN0
554.144585, 10.154139, 1.000000, -1.#QNAN0
554.211311, 10.179048, 1.000000, -1.#QNAN0
554.485835, 10.294201, 1.000000, -1.#QNAN0
554.552560, 10.319110, 1.000000, -1.#QNAN0
554.619286, 10.344019, 1.000000, -1.#QNAN0
554.893810, 10.459172, 1.000000, -1.#QNAN0
554.960535, 10.484081, 1.000000, -1.#QNAN0
555.027261, 10.508990, 1.000000, -1.#QNAN0
555.089834, 10.545020, 1.000000, -1.#QNAN0
555.368511, 10.649053, 1.000000, -1.#QNAN0
555.435236, 10.673962, 1.000000, -1.#QNAN0
555.497810, 10.709992, 1.000000, -1.#QNAN0
555.776486, 10.814024, 1.000000, -1.#QNAN0
555.843211, 10.838933, 1.000000, -1.#QNAN0
555.905785, 10.874963, 1.000000, -1.#QNAN0
556.175617, 10.988369, 1.000000, -1.#QNAN0
556.242389, 11.013151, 1.000000, -1.#QNAN0
556.305032, 11.049062, 1.000000, -1.#QNAN0
556.367674, 11.084973, 1.000000, -1.#QNAN0
556.620709, 11.191205, 1.000000, -1.#QNAN0
556.687700, 11.215389, 1.000000, -1.#QNAN0
556.750661, 11.250738, 1.000000, -1.#QNAN0
556.998092, 11.339966, 1.000000, -1.#QNAN0
557.061518, 11.374475, 1.000000, -1.#QNAN0
557.124944, 11.408983, 1.000000, -1.#QNAN0
557.373810, 11.495337, 1.000000, -1.#QNAN0
557.437688, 11.529000, 1.000000, -1.#QNAN0
557.501566, 11.562664, 1.000000, -1.#QNAN0
557.569177, 11.585059, 1.000000, -1.#QNAN0
557.816168, 11.678947, 1.000000, -1.#QNAN0
557.880486, 11.711762, 1.000000, -1.#QNAN0
557.948387, 11.733260, 1.000000, -1.#QNAN0
558.196911, 11.824296, 1.000000, -1.#QNAN0
558.261656, 11.856260, 1.000000, -1.#QNAN0
558.326402, 11.888223, 1.000000, -1.#QNAN0
558.576586, 11.976441, 1.000000, -1.#QNAN0
558.645030, 11.996144, 1.000000, -1.#QNAN0
558.710190, 12.027254, 1.000000, -1.#QNAN0
558.775349, 12.058364, 1.000000, -1.#QNAN0
559.031436, 12.144039, 1.000000, -1.#QNAN0
559.100099, 12.162962, 1.000000, -1.#QNAN0
559.165608, 12.193330, 1.000000, -1.#QNAN0
559.442047, 12.269432, 1.000000, -1.#QNAN0
559.507690, 12.299509, 1.000000, -1.#QNAN0
559.573333, 12.329586, 1.000000, -1.#QNAN0
559.860450, 12.407347, 1.000000, -1.#QNAN0
559.926093, 12.437424, 1.000000, -1.#QNAN0
559.991736, 12.467501, 1.000000, -1.#QNAN0
560.057379, 12.497578, 1.000000, -1.#QNAN0
560.341393, 12.586797, 1.000000, -1.#QNAN0
560.410139, 12.605416, 1.000000, -1.#QNAN0
560.475782, 12.635493, 1.000000, -1.#QNAN0
560.759796, 12.724713, 1.000000, -1.#QNAN0
560.825439, 12.754789, 1.000000, -1.#QNAN0
560.894186, 12.773408, 1.000000, -1.#QNAN0
561.178199, 12.862628, 1.000000, -1.#QNAN0
561.243842, 12.892705, 1.000000, -1.#QNAN0
561.309485, 12.922781, 1.000000, -1.#QNAN0
561.378232, 12.941400, 1.000000, -1.#QNAN0
561.662246, 13.030620, 1.000000, -1.#QNAN0
561.730992, 13.049239, 1.000000, -1.#QNAN0
561.796635, 13.079316, 1.000000, -1.#QNAN0
562.080649, 13.168535, 1.000000, -1.#QNAN0
562.149395, 13.187154, 1.000000, -1.#QNAN0
562.215038, 13.217231, 1.000000, -1.#QNAN0
562.502155, 13.294993, 1.000000, -1.#QNAN0
562.567798, 13.325070, 1.000000, -1.#QNAN0
562.636544, 13.343689, 1.000000, -1.#QNAN0
562.702188, 13.373765, 1.000000, -1.#QNAN0
562.989305, 13.451527, 1.000000, -1.#QNAN0
563.054948, 13.481604, 1.000000, -1.#QNAN0
563.123694, 13.500223, 1.000000, -1.#QNAN0
563.407708, 13.589443, 1.000000, -1.#QNAN0
563.473351, 13.619519, 1.000000, -1.#QNAN0
563.542097, 13.638139, 1.000000, -1.#QNAN0
563.829214, 13.715900, 1.000000, -1.#QNAN0
563.894857, 13.745977, 1.000000, -1.#QNAN0
563.963603, 13.764596, 1.000000, -1.#QNAN0
564.032350, 13.783215, 1.000000, -1.#QNAN0
564.319584, 13.861009, 1.000000, -1.#QNAN0
564.388330, 13.879628, 1.000000, -1.#QNAN0
564.457077, 13.898247, 1.000000, -1.#QNAN0
564.741479, 13.987572, 1.000000, -1.#QNAN0
564.810225, 14.006191, 1.000000, -1.#QNAN0
564.878971, 14.024810, 1.000000, -1.#QNAN0
565.163724, 14.114229, 1.000000, -1.#QNAN0
565.232470, 14.132848, 1.000000, -1.#QNAN0
565.301216, 14.151467, 1.000000, -1.#QNAN0
565.366859, 14.181544, 1.000000, -1.#QNAN0
565.655145, 14.259622, 1.000000, -1.#QNAN0
565.723891, 14.278241, 1.000000, -1.#QNAN0
565.792637, 14.296860, 1.000000, -1.#QNAN0
566.081431, 14.375076, 1.000000, -1.#QNAN0
566.147074, 14.405153, 1.000000, -1.#QNAN0
566.215821, 14.423772, 1.000000, -1.#QNAN0
566.502098, 14.513605, 1.000000, -1.#QNAN0
566.570845, 14.532224, 1.000000, -1.#QNAN0
566.639591, 14.550843, 1.000000, -1.#QNAN0
566.708337, 14.569462, 1.000000, -1.#QNAN0
566.995281, 14.659475, 1.000000, -1.#QNAN0
567.064027, 14.678094, 1.000000, -1.#QNAN0
567.132774, 14.696713, 1.000000, -1.#QNAN0
567.423138, 14.775355, 1.000000, -1.#QNAN0
567.491884, 14.793974, 1.000000, -1.#QNAN0
567.557527, 14.824050, 1.000000, -1.#QNAN0
567.847892, 14.902692, 1.000000, -1.#QNAN0
567.916638, 14.921311, 1.000000, -1.#QNAN0
567.982281, 14.951388, 1.000000, -1.#QNAN0
568.051027, 14.970007, 1.000000, -1.#QNAN0
568.341392, 15.048648, 1.000000, -1.#QNAN0
568.410138, 15.067267, 1.000000, -1.#QNAN0
568.478884, 15.085886, 1.000000, -1.#QNAN0
568.766146, 15.175985, 1.000000, -1.#QNAN0
568.834892, 15.194604, 1.000000, -1.#QNAN0
568.903638, 15.213223, 1.000000, -1.#QNAN0
569.190998, 15.291053, 1.000000, -1.#QNAN0
569.259773, 15.309568, 1.000000, -1.#QNAN0
569.328547, 15.328083, 1.000000, -1.#QNAN0
569.397322, 15.346598, 1.000000, -1.#QNAN0
569.661937, 15.417374, 1.000000, -1.#QNAN0
569.730948, 15.434986, 1.000000, -1.#QNAN0
569.797023, 15.464100, 1.000000, -1.#QNAN0
570.041836, 15.526587, 1.000000, -1.#QNAN0
570.111243, 15.542567, 1.000000, -1.#QNAN0
570.177987, 15.570115, 1.000000, -1.#QNAN0
570.426504, 15.627861, 1.000000, -1.#QNAN0
570.496253, 15.642275, 1.000000, -1.#QNAN0
570.566002, 15.656689, 1.000000, -1.#QNAN0
570.635751, 15.671104, 1.000000, -1.#QNAN0
570.887793, 15.722627, 1.000000, -1.#QNAN0
570.955683, 15.747215, 1.000000, -1.#QNAN0
571.025725, 15.760130, 1.000000, -1.#QNAN0
571.278127, 15.806631, 1.000000, -1.#QNAN0
571.348436, 15.818009, 1.000000, -1.#QNAN0
571.418744, 15.829387, 1.000000, -1.#QNAN0
571.674423, 15.883190, 1.000000, -1.#QNAN0
571.744943, 15.893170, 1.000000, -1.#QNAN0
571.815464, 15.903150, 1.000000, -1.#QNAN0
571.885984, 15.913130, 1.000000, -1.#QNAN0
572.145161, 15.961251, 1.000000, -1.#QNAN0
572.215856, 15.969905, 1.000000, -1.#QNAN0
572.286551, 15.978559, 1.000000, -1.#QNAN0
572.563252, 16.012289, 1.000000, -1.#QNAN0
572.634039, 16.020160, 1.000000, -1.#QNAN0
572.704826, 16.028031, 1.000000, -1.#QNAN0
572.996871, 16.072458, 1.000000, -1.#QNAN0
573.067680, 16.080127, 1.000000, -1.#QNAN0
573.139768, 16.075995, 1.000000, -1.#QNAN0
573.210576, 16.083665, 1.000000, -1.#QNAN0
573.508375, 16.127859, 1.000000, -1.#QNAN0
573.579184, 16.135529, 1.000000, -1.#QNAN0
573.649993, 16.143198, 1.000000, -1.#QNAN0
573.949069, 16.175591, 1.000000, -1.#QNAN0
574.019878, 16.183261, 1.000000, -1.#QNAN0
574.090687, 16.190930, 1.000000, -1.#QNAN0
574.389763, 16.223323, 1.000000, -1.#QNAN0
574.460572, 16.230993, 1.000000, -1.#QNAN0
574.531381, 16.238662, 1.000000, -1.#QNAN0
574.602189, 16.246332, 1.000000, -1.#QNAN0
574.901266, 16.278725, 1.000000, -1.#QNAN0
574.972075, 16.286394, 1.000000, -1.#QNAN0
575.041606, 16.305865, 1.000000, -1.#QNAN0
575.340682, 16.338258, 1.000000, -1.#QNAN0
575.411491, 16.345928, 1.000000, -1.#QNAN0
575.481021, 16.365399, 1.000000, -1.#QNAN0
575.780097, 16.397792, 1.000000, -1.#QNAN0
575.850906, 16.405461, 1.000000, -1.#QNAN0
575.920437, 16.424932, 1.000000, -1.#QNAN0
575.991246, 16.432602, 1.000000, -1.#QNAN0
576.290323, 16.464995, 1.000000, -1.#QNAN0
576.361131, 16.472664, 1.000000, -1.#QNAN0
576.431940, 16.480334, 1.000000, -1.#QNAN0
576.731017, 16.512727, 1.000000, -1.#QNAN0
576.801825, 16.520396, 1.000000, -1.#QNAN0
576.872634, 16.528066, 1.000000, -1.#QNAN0
577.171710, 16.560459, 1.000000, -1.#QNAN0
577.242519, 16.568128, 1.000000, -1.#QNAN0
577.313328, 16.575798, 1.000000, -1.#QNAN0
577.384137, 16.583467, 1.000000, -1.#QNAN0
577.686532, 16.616220, 1.000000, -1.#QNAN0
577.757341, 16.623889, 1.000000, -1.#QNAN0
577.828150, 16.631559, 1.000000, -1.#QNAN0
578.137811, 16.665098, 1.000000, -1.#QNAN0
578.208620, 16.672768, 1.000000, -1.#QNAN0
578.279428, 16.680437, 1.000000, -1.#QNAN0
578.350237, 16.688107, 1.000000, -1.#QNAN0
578.655633, 16.721184, 1.000000, -1.#QNAN0
578.726442, 16.728854, 1.000000, -1.#QNAN0
578.797250, 16.736523, 1.000000, -1.#QNAN0
579.110440, 16.770445, 1.000000, -1.#QNAN0
579.181249, 16.778114, 1.000000, -1.#QNAN0
579.250779, 16.797585, 1.000000, -1.#QNAN0
579.321588, 16.805255, 1.000000, -1.#QNAN0
579.642816, 16.840047, 1.000000, -1.#QNAN0
579.713625, 16.847716, 1.000000, -1.#QNAN0
579.784434, 16.855386, 1.000000, -1.#QNAN0
580.102132, 16.889796, 1.000000, -1.#QNAN0
580.171663, 16.909267, 1.000000, -1.#QNAN0
580.242472, 16.916936, 1.000000, -1.#QNAN0
580.313281, 16.924606, 1.000000, -1.#QNAN0
580.639475, 16.959936, 1.000000, -1.#QNAN0
580.709005, 16.979407, 1.000000, -1.#QNAN0
580.779814, 16.987076, 1.000000, -1.#QNAN0
580.850623, 16.994746, 1.000000, -1.#QNAN0
581.181405, 17.030573, 1.000000, -1.#QNAN0
581.252214, 17.038243, 1.000000, -1.#QNAN0
581.321745, 17.057713, 1.000000, -1.#QNAN0
581.652527, 17.093541, 1.000000, -1.#QNAN0
581.722057, 17.113012, 1.000000, -1.#QNAN0
581.792866, 17.120681, 1.000000, -1.#QNAN0
581.862397, 17.140152, 1.000000, -1.#QNAN0
582.193180, 17.175979, 1.000000, -1.#QNAN0
582.263988, 17.183649, 1.000000, -1.#QNAN0
582.334797, 17.191318, 1.000000, -1.#QNAN0
582.405606, 17.198987, 1.000000, -1.#QNAN0
582.735110, 17.246616, 1.000000, -1.#QNAN0
582.805919, 17.254286, 1.000000, -1.#QNAN0
582.876728, 17.261955, 1.000000, -1.#QNAN0
583.206232, 17.309584, 1.000000, -1.#QNAN0
583.277040, 17.317253, 1.000000, -1.#QNAN0
583.347849, 17.324923, 1.000000, -1.#QNAN0
583.418658, 17.332592, 1.000000, -1.#QNAN0
583.749441, 17.368420, 1.000000, -1.#QNAN0
583.818972, 17.387890, 1.000000, -1.#QNAN0
583.889780, 17.395560, 1.000000, -1.#QNAN0
583.960589, 17.403229, 1.000000, -1.#QNAN0
584.292066, 17.451138, 1.000000, -1.#QNAN0
584.362866, 17.458884, 1.000000, -1.#QNAN0
584.433667, 17.466631, 1.000000, -1.#QNAN0
584.772713, 17.491845, 1.000000, -1.#QNAN0
584.843483, 17.499863, 1.000000, -1.#QNAN0
584.914253, 17.507881, 1.000000, -1.#QNAN0
584.985024, 17.515900, 1.000000, -1.#QNAN0
585.323806, 17.554463, 1.000000, -1.#QNAN0
585.394540, 17.562798, 1.000000, -1.#QNAN0
585.465273, 17.571134, 1.000000, -1.#QNAN0
585.536007, 17.579470, 1.000000, -1.#QNAN0
585.873221, 17.631450, 1.000000, -1.#QNAN0
585.943916, 17.640106, 1.000000, -1.#QNAN0
586.014611, 17.648761, 1.000000, -1.#QNAN0
586.353119, 17.690278, 1.000000, -1.#QNAN0
586.423774, 17.699256, 1.000000, -1.#QNAN0
586.494429, 17.708233, 1.000000, -1.#QNAN0
586.565084, 17.717210, 1.000000, -1.#QNAN0
586.901898, 17.772156, 1.000000, -1.#QNAN0
586.972511, 17.781457, 1.000000, -1.#QNAN0
587.043124, 17.790759, 1.000000, -1.#QNAN0
587.113737, 17.800061, 1.000000, -1.#QNAN0
587.451894, 17.844902, 1.000000, -1.#QNAN0
587.522464, 17.854530, 1.000000, -1.#QNAN0
587.593033, 17.864158, 1.000000, -1.#QNAN0
587.928594, 17.909990, 1.000000, -1.#QNAN0
587.999131, 17.919850, 1.000000, -1.#QNAN0
588.069668, 17.929709, 1.000000, -1.#QNAN0
588.140205, 17.939569, 1.000000, -1.#QNAN0
588.470748, 17.985793, 1.000000, -1.#QNAN0
588.541279, 17.995694, 1.000000, -1.#QNAN0
588.611811, 18.005594, 1.000000, -1.#QNAN0
588.682343, 18.015494, 1.000000, -1.#QNAN0
589.011829, 18.061743, 1.000000, -1.#QNAN0
589.082361, 18.071643, 1.000000, -1.#QNAN0
589.151242, 18.093298, 1.000000, -1.#QNAN0
589.480729, 18.139547, 1.000000, -1.#QNAN0
589.551260, 18.149447, 1.000000, -1.#QNAN0
589.620142, 18.171103, 1.000000, -1.#QNAN0
589.690674, 18.181003, 1.000000, -1.#QNAN0
590.020161, 18.227252, 1.000000, -1.#QNAN0
590.090692, 18.237152, 1.000000, -1.#QNAN0
590.161224, 18.247052, 1.000000, -1.#QNAN0
590.231755, 18.256952, 1.000000, -1.#QNAN0
590.561242, 18.303201, 1.000000, -1.#QNAN0
590.631774, 18.313101, 1.000000, -1.#QNAN0
590.700655, 18.334757, 1.000000, -1.#QNAN0
591.030142, 18.381005, 1.000000, -1.#QNAN0
591.100673, 18.390906, 1.000000, -1.#QNAN0
591.169555, 18.412561, 1.000000, -1.#QNAN0
591.240086, 18.422461, 1.000000, -1.#QNAN0
591.571224, 18.456955, 1.000000, -1.#QNAN0
591.641755, 18.466855, 1.000000, -1.#QNAN0
591.712287, 18.476755, 1.000000, -1.#QNAN0
591.782818, 18.486655, 1.000000, -1.#QNAN0
592.112305, 18.532904, 1.000000, -1.#QNAN0
592.182837, 18.542804, 1.000000, -1.#QNAN0
592.253368, 18.552704, 1.000000, -1.#QNAN0
592.582855, 18.598953, 1.000000, -1.#QNAN0
592.653386, 18.608853, 1.000000, -1.#QNAN0
592.723918, 18.618754, 1.000000, -1.#QNAN0
592.794449, 18.628654, 1.000000, -1.#QNAN0
593.124510, 18.662996, 1.000000, -1.#QNAN0
593.195042, 18.672896, 1.000000, -1.#QNAN0
593.265574, 18.682797, 1.000000, -1.#QNAN0
593.336105, 18.692697, 1.000000, -1.#QNAN0
593.663179, 18.738607, 1.000000, -1.#QNAN0
593.733711, 18.748507, 1.000000, -1.#QNAN0
593.804243, 18.758407, 1.000000, -1.#QNAN0
594.129991, 18.804131, 1.000000, -1.#QNAN0
594.200523, 18.814031, 1.000000, -1.#QNAN0
594.271054, 18.823932, 1.000000, -1.#QNAN0
594.339936, 18.845587, 1.000000, -1.#QNAN0
594.664370, 18.891127, 1.000000, -1.#QNAN0
594.734901, 18.901027, 1.000000, -1.#QNAN0
594.805433, 18.910927, 1.000000, -1.#QNAN0
594.875964, 18.920827, 1.000000, -1.#QNAN0
595.199092, 18.966183, 1.000000, -1.#QNAN0
595.269624, 18.976084, 1.000000, -1.#QNAN0
595.340156, 18.985984, 1.000000, -1.#QNAN0
595.663639, 19.019403, 1.000000, -1.#QNAN0
595.734171, 19.029303, 1.000000, -1.#QNAN0
595.804703, 19.039203, 1.000000, -1.#QNAN0
595.875234, 19.049104, 1.000000, -1.#QNAN0
596.195785, 19.094098, 1.000000, -1.#QNAN0
596.266316, 19.103998, 1.000000, -1.#QNAN0
596.335198, 19.125654, 1.000000, -1.#QNAN0
596.405729, 19.135554, 1.000000, -1.#QNAN0
596.726024, 19.180512, 1.000000, -1.#QNAN0
596.796555, 19.190412, 1.000000, -1.#QNAN0
596.867087, 19.200313, 1.000000, -1.#QNAN0
597.187382, 19.245271, 1.000000, -1.#QNAN0
597.257913, 19.255171, 1.000000, -1.#QNAN0
597.328445, 19.265071, 1.000000, -1.#QNAN0
597.398976, 19.274972, 1.000000, -1.#QNAN0
597.719271, 19.319930, 1.000000, -1.#QNAN0
597.789803, 19.329830, 1.000000, -1.#QNAN0
597.860334, 19.339731, 1.000000, -1.#QNAN0
597.930866, 19.349631, 1.000000, -1.#QNAN0
598.251161, 19.394589, 1.000000, -1.#QNAN0
598.320042, 19.416245, 1.000000, -1.#QNAN0
598.390574, 19.426145, 1.000000, -1.#QNAN0
598.712518, 19.459348, 1.000000, -1.#QNAN0
598.783050, 19.469248, 1.000000, -1.#QNAN0
598.853581, 19.479148, 1.000000, -1.#QNAN0
598.924113, 19.489049, 1.000000, -1.#QNAN0
599.242758, 19.545762, 1.000000, -1.#QNAN0
599.313290, 19.555663, 1.000000, -1.#QNAN0
599.385471, 19.553808, 1.000000, -1.#QNAN0
599.456003, 19.563708, 1.000000, -1.#QNAN0
599.776297, 19.608666, 1.000000, -1.#QNAN0
599.848479, 19.606811, 1.000000, -1.#QNAN0
599.919010, 19.616711, 1.000000, -1.#QNAN0
600.241290, 19.661963, 1.000000, -1.#QNAN0
600.311810, 19.671942, 1.000000, -1.#QNAN0
600.382331, 19.681921, 1.000000, -1.#QNAN0
600.452851, 19.691900, 1.000000, -1.#QNAN0
600.777659, 19.737962, 1.000000, -1.#QNAN0
600.849847, 19.736374, 1.000000, -1.#QNAN0
600.920342, 19.746535, 1.000000, -1.#QNAN0
600.990836, 19.756696, 1.000000, -1.#QNAN0
601.316223, 19.803782, 1.000000, -1.#QNAN0
601.388415, 19.802408, 1.000000, -1.#QNAN0
601.458879, 19.812778, 1.000000, -1.#QNAN0
601.783912, 19.860652, 1.000000, -1.#QNAN0
601.854347, 19.871219, 1.000000, -1.#QNAN0
601.924781, 19.881787, 1.000000, -1.#QNAN0
601.995216, 19.892355, 1.000000, -1.#QNAN0
602.319853, 19.941165, 1.000000, -1.#QNAN0
602.390259, 19.951921, 1.000000, -1.#QNAN0
602.460665, 19.962677, 1.000000, -1.#QNAN0
602.531072, 19.973433, 1.000000, -1.#QNAN0
602.857156, 20.011398, 1.000000, -1.#QNAN0
602.927535, 20.022333, 1.000000, -1.#QNAN0
602.997913, 20.033268, 1.000000, -1.#QNAN0
603.321876, 20.083636, 1.000000, -1.#QNAN0
603.392228, 20.094741, 1.000000, -1.#QNAN0
603.462580, 20.105846, 1.000000, -1.#QNAN0
603.532932, 20.116951, 1.000000, -1.#QNAN0
603.858073, 20.156336, 1.000000, -1.#QNAN0
603.928402, 20.167589, 1.000000, -1.#QNAN0
603.998730, 20.178842, 1.000000, -1.#QNAN0
604.069059, 20.190095, 1.000000, -1.#QNAN0
604.391928, 20.229788, 1.000000, -1.#QNAN0
604.462247, 20.241104, 1.000000, -1.#QNAN0
604.532565, 20.252419, 1.000000, -1.#QNAN0
604.851891, 20.303805, 1.000000, -1.#QNAN0
604.922210, 20.315121, 1.000000, -1.#QNAN0
604.994414, 20.314717, 1.000000, -1.#QNAN0
605.064732, 20.326032, 1.000000, -1.#QNAN0
605.384059, 20.377418, 1.000000, -1.#QNAN0
605.454378, 20.388734, 1.000000, -1.#QNAN0
605.524696, 20.400049, 1.000000, -1.#QNAN0
605.595014, 20.411365, 1.000000, -1.#QNAN0
605.914341, 20.462751, 1.000000, -1.#QNAN0
605.984659, 20.474066, 1.000000, -1.#QNAN0
606.054977, 20.485382, 1.000000, -1.#QNAN0
606.374304, 20.536768, 1.000000, -1.#QNAN0
606.444622, 20.548083, 1.000000, -1.#QNAN0
606.514941, 20.559399, 1.000000, -1.#QNAN0
606.587145, 20.558995, 1.000000, -1.#QNAN0
606.906472, 20.610380, 1.000000, -1.#QNAN0
606.976790, 20.621696, 1.000000, -1.#QNAN0
607.047109, 20.633012, 1.000000, -1.#QNAN0
607.119313, 20.632608, 1.000000, -1.#QNAN0
607.438639, 20.683993, 1.000000, -1.#QNAN0
607.508958, 20.695309, 1.000000, -1.#QNAN0
607.579276, 20.706624, 1.000000, -1.#QNAN0
607.898602, 20.758010, 1.000000, -1.#QNAN0
607.968921, 20.769326, 1.000000, -1.#QNAN0
608.039239, 20.780641, 1.000000, -1.#QNAN0
608.109558, 20.791957, 1.000000, -1.#QNAN0
608.430770, 20.831623, 1.000000, -1.#QNAN0
608.501089, 20.842939, 1.000000, -1.#QNAN0
608.571407, 20.854254, 1.000000, -1.#QNAN0
608.641726, 20.865570, 1.000000, -1.#QNAN0
608.966502, 20.917833, 1.000000, -1.#QNAN0
609.036821, 20.929148, 1.000000, -1.#QNAN0
609.107139, 20.940464, 1.000000, -1.#QNAN0
609.441004, 20.994189, 1.000000, -1.#QNAN0
609.505665, 21.040664, 1.000000, -1.#QNAN0
609.575983, 21.051980, 1.000000, -1.#QNAN0
609.646302, 21.063295, 1.000000, -1.#QNAN0
609.979427, 21.104878, 1.000000, -1.#QNAN0
610.051631, 21.104474, 1.000000, -1.#QNAN0
610.125722, 21.092350, 1.000000, -1.#QNAN0
610.196040, 21.103666, 1.000000, -1.#QNAN0
610.534491, 21.170152, 1.000000, -1.#QNAN0
610.601037, 21.204907, 1.000000, -1.#QNAN0
610.671356, 21.216223, 1.000000, -1.#QNAN0
610.741674, 21.227539, 1.000000, -1.#QNAN0
611.081279, 21.270164, 1.000000, -1.#QNAN0
611.151597, 21.281480, 1.000000, -1.#QNAN0
611.221916, 21.292796, 1.000000, -1.#QNAN0
611.294120, 21.292391, 1.000000, -1.#QNAN0
611.640946, 21.348202, 1.000000, -1.#QNAN0
611.713150, 21.347798, 1.000000, -1.#QNAN0
611.783469, 21.359114, 1.000000, -1.#QNAN0
611.855673, 21.358710, 1.000000, -1.#QNAN0
612.211609, 21.415987, 1.000000, -1.#QNAN0
612.281927, 21.427302, 1.000000, -1.#QNAN0
612.352246, 21.438618, 1.000000, -1.#QNAN0
612.422564, 21.449933, 1.000000, -1.#QNAN0
612.770425, 21.505911, 1.000000, -1.#QNAN0
612.842630, 21.505507, 1.000000, -1.#QNAN0
612.914834, 21.505103, 1.000000, -1.#QNAN0
612.985153, 21.516418, 1.000000, -1.#QNAN0
613.333014, 21.572396, 1.000000, -1.#QNAN0
613.399561, 21.607151, 1.000000, -1.#QNAN0
613.466107, 21.641906, 1.000000, -1.#QNAN0
613.536426, 21.653222, 1.000000, -1.#QNAN0
613.886173, 21.697480, 1.000000, -1.#QNAN0
613.958377, 21.697075, 1.000000, -1.#QNAN0
614.030582, 21.696671, 1.000000, -1.#QNAN0
614.104672, 21.684547, 1.000000, -1.#QNAN0
614.176876, 21.684143, 1.000000, -1.#QNAN0
614.526624, 21.728401, 1.000000, -1.#QNAN0
614.596942, 21.739717, 1.000000, -1.#QNAN0
614.665374, 21.762752, 1.000000, -1.#QNAN0
614.737579, 21.762348, 0.000000, -1.#QNAN0
615.085441, 21.818326, 0.000000, -1.#QNAN0
615.157645, 21.817921, 0.000000, -1.#QNAN0
615.227963, 21.829237, 0.000000, -1.#QNAN0
615.300168, 21.828833, 0.000000, -1.#QNAN0
615.648029, 21.884811, 0.000000, -1.#QNAN0
615.720233, 21.884406, 0.000000, -1.#QNAN0
615.788666, 21.907442, 1.000000, -1.#QNAN0
615.858984, 21.918757, 1.000000, -1.#QNAN0
616.204959, 21.986455, 1.000000, -1.#QNAN0
616.275278, 21.997770, 1.000000, -1.#QNAN0
616.345596, 22.009086, 1.000000, -1.#QNAN0
616.417801, 22.008682, 1.000000, -1.#QNAN0
616.766667, 22.064827, 1.000000, -1.#QNAN0
616.836980, 22.076179, 1.000000, -1.#QNAN0
616.909184, 22.075811, 1.000000, -1.#QNAN0
616.979497, 22.087162, 1.000000, -1.#QNAN0
617.329485, 22.143666, 1.000000, -1.#QNAN0
617.399785, 22.155093, 1.000000, -1.#QNAN0
617.471990, 22.154804, 1.000000, -1.#QNAN0
617.542290, 22.166231, 1.000000, -1.#QNAN0
617.612590, 22.177658, 1.000000, -1.#QNAN0
617.962619, 22.234625, 1.000000, -1.#QNAN0
618.034824, 22.234417, 1.000000, -1.#QNAN0
618.105111, 22.245924, 1.000000, -1.#QNAN0
618.177316, 22.245717, 1.000000, -1.#QNAN0
618.529153, 22.291342, 1.000000, -1.#QNAN0
618.601358, 22.291213, 1.000000, -1.#QNAN0
618.675494, 22.279371, 1.000000, -1.#QNAN0
618.747700, 22.279242, 1.000000, -1.#QNAN0
619.097523, 22.336943, 1.000000, -1.#QNAN0
619.169729, 22.336889, 1.000000, -1.#QNAN0
619.238049, 22.360257, 1.000000, -1.#QNAN0
619.308311, 22.371914, 1.000000, -1.#QNAN0
619.657996, 22.429954, 1.000000, -1.#QNAN0
619.728246, 22.441682, 1.000000, -1.#QNAN0
619.798497, 22.453410, 1.000000, -1.#QNAN0
619.868748, 22.465138, 1.000000, -1.#QNAN0
620.220265, 22.511800, 1.000000, -1.#QNAN0
620.290505, 22.523596, 1.000000, -1.#QNAN0
620.360744, 22.535392, 1.000000, -1.#QNAN0
620.430983, 22.547188, 1.000000, -1.#QNAN0
620.781842, 22.594077, 1.000000, -1.#QNAN0
620.852074, 22.605920, 1.000000, -1.#QNAN0
620.924279, 22.606059, 1.000000, -1.#QNAN0
620.994510, 22.617902, 1.000000, -1.#QNAN0
621.066716, 22.618041, 1.000000, -1.#QNAN0
621.414667, 22.676733, 1.000000, -1.#QNAN0
