285.748635, -39.749852, -1.000000, 0.000000
285.736562, -39.820045, -1.000000, 0.000000
285.724488, -39.890237, -1.000000, 0.000000
285.712415, -39.960429, -1.000000, 0.000000
285.661211, -40.258124, -1.000000, 0.000000
285.649138, -40.328316, -1.000000, 0.000000
285.637064, -40.398509, -1.000000, 0.000000
285.585860, -40.696203, -1.000000, 0.000000
285.573787, -40.766395, -1.000000, 0.000000
285.561714, -40.836587, -1.000000, 0.000000
285.510509, -41.134282, -1.000000, 0.000000
285.498436, -41.204474, -1.000000, 0.000000
285.486363, -41.274666, -1.000000, 0.000000
285.435158, -41.572361, -1.000000, 0.000000
285.423085, -41.642553, -1.000000, 0.000000
285.411012, -41.712746, -1.000000, 0.000000
285.359796, -42.010438, -1.000000, 0.000000
285.347654, -42.080618, -1.000000, 0.000000
285.335511, -42.150799, -1.000000, 0.000000
285.284014, -42.448442, -1.000000, 0.000000
285.271694, -42.518592, -1.000000, 0.000000
285.259374, -42.588741, -1.000000, 0.000000
285.247054, -42.658890, -1.000000, 0.000000
285.194622, -42.956371, -1.000000, 0.000000
285.182085, -43.026482, -1.000000, 0.000000
285.169548, -43.096593, -1.000000, 0.000000
285.116236, -43.393916, -1.000000, 0.000000
285.103487, -43.463989, -1.000000, 0.000000
285.090739, -43.534062, -1.000000, 0.000000
285.036569, -43.831230, -1.000000, 0.000000
285.023615, -43.901265, -1.000000, 0.000000
285.010661, -43.971300, -1.000000, 0.000000
288.537203, -44.941390, 1.000000, 0.000000
288.512382, -45.009196, 1.000000, 0.000000
288.487561, -45.077001, 1.000000, 0.000000
288.406537, -45.379347, 1.000000, 0.000000
288.381527, -45.447082, 1.000000, 0.000000
288.356517, -45.514818, 1.000000, 0.000000
288.286753, -45.817040, 1.000000, 0.000000
288.273248, -45.886971, 1.000000, 0.000000
288.248089, -45.954651, 1.000000, 0.000000
288.234584, -46.024582, 1.000000, 0.000000
288.165045, -46.321800, 1.000000, 0.000000
288.151483, -46.391720, 1.000000, 0.000000
288.126266, -46.459379, 1.000000, 0.000000
288.068744, -46.755918, 1.000000, 0.000000
288.055181, -46.825837, 1.000000, 0.000000
288.041619, -46.895757, 1.000000, 0.000000
287.972443, -47.190035, 1.000000, 0.000000
287.947227, -47.257694, 1.000000, 0.000000
287.922011, -47.325354, 1.000000, 0.000000
287.864489, -47.621892, 1.000000, 0.000000
287.839273, -47.689552, 1.000000, 0.000000
287.825710, -47.759471, 1.000000, 0.000000
287.768188, -48.056010, 1.000000, 0.000000
287.742972, -48.123669, 1.000000, 0.000000
287.729409, -48.193589, 1.000000, 0.000000
287.660233, -48.487866, 1.000000, 0.000000
287.635017, -48.555526, 1.000000, 0.000000
287.621454, -48.625445, 1.000000, 0.000000
287.596238, -48.693105, 1.000000, 0.000000
287.538716, -48.989643, 1.000000, 0.000000
287.513500, -49.057303, 1.000000, 0.000000
287.499937, -49.127222, 1.000000, 0.000000
287.430762, -49.421500, 1.000000, 0.000000
287.417199, -49.491420, 1.000000, 0.000000
287.391983, -49.559079, 1.000000, 0.000000
287.322807, -49.853357, 1.000000, 0.000000
287.297591, -49.921016, 1.000000, 0.000000
287.272375, -49.988676, 1.000000, 0.000000
287.203200, -50.282954, 1.000000, 0.000000
287.177983, -50.350613, 1.000000, 0.000000
287.152767, -50.418272, 1.000000, 0.000000
287.083592, -50.712550, 1.000000, 0.000000
287.046722, -50.777949, 1.000000, 0.000000
287.021506, -50.845608, 1.000000, 0.000000
286.996290, -50.913267, 1.000000, 0.000000
286.928935, -51.198163, 1.000000, 0.000000
286.903719, -51.265822, 1.000000, 0.000000
286.878502, -51.333481, 1.000000, 0.000000
286.822040, -51.624556, 1.000000, 0.000000
286.796824, -51.692215, 1.000000, 0.000000
286.771608, -51.759875, 1.000000, 0.000000
286.702731, -52.052612, 1.000000, 0.000000
286.677515, -52.120271, 1.000000, 0.000000
286.652299, -52.187930, 1.000000, 0.000000
286.627083, -52.255589, 1.000000, 0.000000
286.557445, -52.552254, 1.000000, 0.000000
286.532228, -52.619913, 1.000000, 0.000000
286.507012, -52.687572, 1.000000, 0.000000
286.436611, -52.988169, 1.000000, 0.000000
286.411395, -53.055828, 1.000000, 0.000000
286.374526, -53.121227, 1.000000, 0.000000
286.303361, -53.425759, 1.000000, 0.000000
286.266492, -53.491158, 1.000000, 0.000000
286.241276, -53.558817, 1.000000, 0.000000
286.216059, -53.626476, 1.000000, 0.000000
286.158045, -53.925555, 1.000000, 0.000000
286.132828, -53.993214, 1.000000, 0.000000
286.107612, -54.060874, 1.000000, 0.000000
286.049276, -54.361609, 1.000000, 0.000000
286.024060, -54.429268, 1.000000, 0.000000
285.998844, -54.496928, 1.000000, 0.000000
285.973627, -54.564587, 1.000000, 0.000000
285.915291, -54.865322, 1.000000, 0.000000
285.890075, -54.932981, 1.000000, 0.000000
285.864859, -55.000640, 1.000000, 0.000000
285.794870, -55.299115, 1.000000, 0.000000
285.781307, -55.369035, 1.000000, 0.000000
285.756091, -55.436694, 1.000000, 0.000000
285.730874, -55.504353, 1.000000, 0.000000
285.660885, -55.802828, 1.000000, 0.000000
285.624015, -55.868227, 1.000000, 0.000000
285.598799, -55.935886, 1.000000, 0.000000
285.540463, -56.236621, 1.000000, 0.000000
285.515247, -56.304280, 1.000000, 0.000000
285.490031, -56.371939, 1.000000, 0.000000
285.476468, -56.441859, 1.000000, 0.000000
285.405940, -56.742874, 1.000000, 0.000000
285.392312, -56.812782, 1.000000, 0.000000
285.367034, -56.880418, 1.000000, 0.000000
285.295672, -57.184299, 1.000000, 0.000000
285.281905, -57.254179, 1.000000, 0.000000
285.256491, -57.321764, 1.000000, 0.000000
285.231077, -57.389349, 1.000000, 0.000000
285.170559, -57.695945, 1.000000, 0.000000
285.144994, -57.763473, 1.000000, 0.000000
285.119430, -57.831002, 1.000000, 0.000000
285.058270, -58.137649, 1.000000, 0.000000
285.032549, -58.205118, 1.000000, 0.000000
285.018464, -58.274934, 1.000000, 0.000000
284.992743, -58.342403, 1.000000, 0.000000
284.930752, -58.649071, 1.000000, 0.000000
284.916499, -58.718854, 1.000000, 0.000000
284.890616, -58.786261, 1.000000, 0.000000
284.839551, -59.095415, 1.000000, 0.000000
284.825125, -59.165162, 1.000000, 0.000000
284.810698, -59.234909, 1.000000, 0.000000
284.796272, -59.304655, 1.000000, 0.000000
284.744284, -59.613950, 1.000000, 0.000000
284.729677, -59.683659, 1.000000, 0.000000
284.703452, -59.750933, 1.000000, 0.000000
284.651721, -60.055627, 1.000000, 0.000000
284.637051, -60.125323, 1.000000, 0.000000
284.622380, -60.195018, 1.000000, 0.000000
284.607710, -60.264714, 1.000000, 0.000000
284.544572, -60.564648, 1.000000, 0.000000
284.529898, -60.634343, 1.000000, 0.000000
284.515223, -60.704038, 1.000000, 0.000000
284.463720, -61.006251, 1.000000, 0.000000
284.449046, -61.075946, 1.000000, 0.000000
284.434371, -61.145641, 1.000000, 0.000000
284.419696, -61.215336, 1.000000, 0.000000
284.356578, -61.515104, 1.000000, 0.000000
284.341903, -61.584799, 1.000000, 0.000000
284.327228, -61.654494, 1.000000, 0.000000
284.264110, -61.954261, 1.000000, 0.000000
284.249435, -62.023956, 1.000000, 0.000000
284.223144, -62.091205, 1.000000, 0.000000
284.208470, -62.160900, 1.000000, 0.000000
284.145351, -62.460668, 1.000000, 0.000000
284.119061, -62.527917, 1.000000, 0.000000
284.092770, -62.595166, 1.000000, 0.000000
284.029652, -62.894934, 1.000000, 0.000000
284.014977, -62.964629, 1.000000, 0.000000
283.988686, -63.031878, 1.000000, 0.000000
283.974011, -63.101573, 1.000000, 0.000000
283.899277, -63.398895, 1.000000, 0.000000
283.884602, -63.468590, 1.000000, 0.000000
283.858312, -63.535839, 1.000000, 0.000000
283.795193, -63.835606, 1.000000, 0.000000
283.768903, -63.902855, 1.000000, 0.000000
283.754228, -63.972550, 1.000000, 0.000000
283.727938, -64.039799, 1.000000, 0.000000
283.664819, -64.339567, 1.000000, 0.000000
283.650144, -64.409262, 1.000000, 0.000000
283.623854, -64.476511, 1.000000, 0.000000
283.560735, -64.776279, 1.000000, 0.000000
283.534445, -64.843528, 1.000000, 0.000000
283.519770, -64.913223, 1.000000, 0.000000
283.505095, -64.982918, 1.000000, 0.000000
283.440540, -65.289508, 1.000000, 0.000000
283.425865, -65.359203, 1.000000, 0.000000
283.411191, -65.428898, 1.000000, 0.000000
283.347822, -65.729852, 1.000000, 0.000000
283.321532, -65.797101, 1.000000, 0.000000
283.306857, -65.866796, 1.000000, 0.000000
283.244675, -66.162115, 1.000000, 0.000000
283.230001, -66.231810, 1.000000, 0.000000
283.203710, -66.299059, 1.000000, 0.000000
283.189035, -66.368754, 1.000000, 0.000000
283.128039, -66.658441, 1.000000, 0.000000
283.101749, -66.725690, 1.000000, 0.000000
283.075458, -66.792939, 1.000000, 0.000000
283.013202, -67.088612, 1.000000, 0.000000
282.986911, -67.155861, 1.000000, 0.000000
282.972237, -67.225556, 1.000000, 0.000000
282.899550, -67.513156, 1.000000, 0.000000
282.884875, -67.582851, 1.000000, 0.000000
282.858584, -67.650100, 1.000000, 0.000000
282.798697, -67.934520, 1.000000, 0.000000
282.772407, -68.001769, 1.000000, 0.000000
282.746116, -68.069018, 1.000000, 0.000000
282.686407, -68.352595, 1.000000, 0.000000
282.671732, -68.422290, 1.000000, 0.000000
282.645442, -68.489539, 1.000000, 0.000000
282.585732, -68.773116, 1.000000, 0.000000
282.571057, -68.842811, 1.000000, 0.000000
282.544767, -68.910060, 1.000000, 0.000000
282.530092, -68.979755, 1.000000, 0.000000
282.470383, -69.263332, 1.000000, 0.000000
282.444092, -69.330581, 1.000000, 0.000000
282.429417, -69.400276, 1.000000, 0.000000
282.358073, -69.681492, 1.000000, 0.000000
282.343395, -69.751187, 1.000000, 0.000000
282.328718, -69.820881, 1.000000, 0.000000
282.267542, -70.110871, 1.000000, 0.000000
282.252679, -70.180526, 1.000000, 0.000000
282.237816, -70.250181, 1.000000, 0.000000
282.175633, -70.541185, 1.000000, 0.000000
282.148950, -70.608279, 1.000000, 0.000000
282.133868, -70.677887, 1.000000, 0.000000
282.070733, -70.969020, 1.000000, 0.000000
282.055421, -71.038578, 1.000000, 0.000000
282.040109, -71.108136, 1.000000, 0.000000
281.975968, -71.399445, 1.000000, 0.000000
281.960416, -71.468950, 1.000000, 0.000000
281.944864, -71.538454, 1.000000, 0.000000
281.929312, -71.607958, 1.000000, 0.000000
281.875438, -71.902032, 1.000000, 0.000000
281.859634, -71.971480, 1.000000, 0.000000
281.843830, -72.040927, 1.000000, 0.000000
281.777250, -72.332608, 1.000000, 0.000000
281.761182, -72.401995, 1.000000, 0.000000
281.745114, -72.471382, 1.000000, 0.000000
281.678167, -72.760032, 1.000000, 0.000000
281.661916, -72.829376, 1.000000, 0.000000
281.645665, -72.898720, 1.000000, 0.000000
281.579393, -73.181485, 1.000000, 0.000000
281.563124, -73.250825, 1.000000, 0.000000
281.546855, -73.320165, 1.000000, 0.000000
281.480661, -73.602299, 1.000000, 0.000000
281.452835, -73.668927, 1.000000, 0.000000
281.436567, -73.738268, 1.000000, 0.000000
281.370372, -74.020401, 1.000000, 0.000000
281.365660, -74.092453, 1.000000, 0.000000
281.326278, -74.156370, 1.000000, 0.000000
281.310009, -74.225710, 1.000000, 0.000000
281.232258, -74.505132, 1.000000, 0.000000
281.215990, -74.574472, 1.000000, 0.000000
281.188164, -74.641101, 1.000000, 0.000000
281.121970, -74.923235, 1.000000, 0.000000
281.094144, -74.989863, 1.000000, 0.000000
281.077876, -75.059203, 1.000000, 0.000000
281.000124, -75.338626, 1.000000, 0.000000
280.972299, -75.405254, 1.000000, 0.000000
280.944474, -75.471883, 1.000000, 0.000000
280.878279, -75.754016, 1.000000, 0.000000
280.850454, -75.820645, 1.000000, 0.000000
280.834185, -75.889985, 1.000000, 0.000000
280.756434, -76.169408, 1.000000, 0.000000
280.740165, -76.238748, 1.000000, 0.000000
280.712340, -76.305376, 1.000000, 0.000000
280.646145, -76.587510, 1.000000, 0.000000
280.629877, -76.656850, 1.000000, 0.000000
280.613608, -76.726190, 1.000000, 0.000000
280.585783, -76.792819, 1.000000, 0.000000
280.519588, -77.074952, 1.000000, 0.000000
280.503319, -77.144292, 1.000000, 0.000000
280.498607, -77.216344, 1.000000, 0.000000
280.432413, -77.498478, 1.000000, 0.000000
280.416144, -77.567818, 1.000000, 0.000000
280.399875, -77.637158, 1.000000, 0.000000
280.333681, -77.919292, 1.000000, 0.000000
280.317412, -77.988632, 1.000000, 0.000000
280.301144, -78.057972, 1.000000, 0.000000
280.247826, -78.337188, 1.000000, 0.000000
280.231558, -78.406528, 1.000000, 0.000000
280.215289, -78.475868, 1.000000, 0.000000
280.149204, -78.757535, 1.000000, 0.000000
280.144492, -78.829587, 1.000000, 0.000000
280.128223, -78.898927, 1.000000, 0.000000
280.063637, -79.174205, 1.000000, 0.000000
280.047368, -79.243545, 1.000000, 0.000000
280.031100, -79.312885, 1.000000, 0.000000
279.979568, -79.584490, 1.000000, 0.000000
279.963300, -79.653830, 1.000000, 0.000000
279.947031, -79.723170, 1.000000, 0.000000
279.885440, -79.985683, 1.000000, 0.000000
279.869171, -80.055023, 1.000000, 0.000000
279.852903, -80.124363, 1.000000, 0.000000
279.790096, -80.392056, 1.000000, 0.000000
279.773827, -80.461396, 1.000000, 0.000000
279.757559, -80.530737, 1.000000, 0.000000
279.696247, -80.792059, 1.000000, 0.000000
279.679978, -80.861399, 1.000000, 0.000000
279.663710, -80.930739, 1.000000, 0.000000
279.602577, -81.191297, 1.000000, 0.000000
279.586308, -81.260637, 1.000000, 0.000000
279.525236, -81.520938, 1.000000, 0.000000
279.508975, -81.590280, 1.000000, 0.000000
279.481157, -81.656912, 1.000000, 0.000000
279.420758, -81.914532, 1.000000, 0.000000
279.393026, -81.981199, 1.000000, 0.000000
279.376853, -82.050562, 1.000000, 0.000000
279.305468, -82.304624, 1.000000, 0.000000
279.277849, -82.371339, 1.000000, 0.000000
279.261796, -82.440729, 1.000000, 0.000000
279.190863, -82.694926, 1.000000, 0.000000
279.174929, -82.764343, 1.000000, 0.000000
279.158995, -82.833761, 1.000000, 0.000000
279.088523, -83.088074, 1.000000, 0.000000
279.072710, -83.157519, 1.000000, 0.000000
279.056897, -83.226965, 1.000000, 0.000000
278.998469, -83.484009, 1.000000, 0.000000
278.971199, -83.550867, 1.000000, 0.000000
278.913122, -83.807980, 1.000000, 0.000000
278.897553, -83.877480, 1.000000, 0.000000
278.881984, -83.946981, 1.000000, 0.000000
278.824286, -84.204621, 1.000000, 0.000000
278.808826, -84.274146, 1.000000, 0.000000
278.793367, -84.343671, 1.000000, 0.000000
278.747071, -84.606607, 1.000000, 0.000000
278.731639, -84.676138, 1.000000, 0.000000
278.727796, -84.748241, 1.000000, 0.000000
278.635043, -85.001801, 1.000000, 0.000000
278.619612, -85.071333, 1.000000, 0.000000
278.604180, -85.140864, 1.000000, 0.000000
278.546193, -85.402140, 1.000000, 0.000000
278.530761, -85.471671, 1.000000, 0.000000
278.515329, -85.541202, 1.000000, 0.000000
278.457342, -85.802478, 1.000000, 0.000000
278.430322, -85.869437, 1.000000, 0.000000
278.372334, -86.130713, 1.000000, 0.000000
278.356903, -86.200245, 1.000000, 0.000000
278.341471, -86.269776, 1.000000, 0.000000
278.295072, -86.533624, 1.000000, 0.000000
278.279641, -86.603155, 1.000000, 0.000000
278.264209, -86.672686, 1.000000, 0.000000
278.206221, -86.933962, 1.000000, 0.000000
278.190790, -87.003493, 1.000000, 0.000000
278.175358, -87.073024, 1.000000, 0.000000
278.128959, -87.336872, 1.000000, 0.000000
278.113528, -87.406403, 1.000000, 0.000000
278.098096, -87.475935, 1.000000, 0.000000
278.040109, -87.737210, 1.000000, 0.000000
278.013088, -87.804170, 1.000000, 0.000000
277.997657, -87.873701, 1.000000, 0.000000
277.939669, -88.134977, 1.000000, 0.000000
277.924238, -88.204508, 1.000000, 0.000000
277.866250, -88.465784, 1.000000, 0.000000
277.839230, -88.532743, 1.000000, 0.000000
277.823798, -88.602275, 1.000000, 0.000000
277.765811, -88.863550, 1.000000, 0.000000
277.738791, -88.930510, 1.000000, 0.000000
277.711771, -88.997469, 1.000000, 0.000000
277.642195, -89.256173, 1.000000, 0.000000
277.626763, -89.325704, 1.000000, 0.000000
277.611331, -89.395236, 1.000000, 0.000000
277.553344, -89.656511, 1.000000, 0.000000
277.526324, -89.723471, 1.000000, 0.000000
277.510892, -89.793002, 1.000000, 0.000000
277.453069, -90.053537, 1.000000, 0.000000
277.437638, -90.123068, 1.000000, 0.000000
277.422206, -90.192599, 1.000000, 0.000000
277.364608, -90.452120, 1.000000, 0.000000
277.349176, -90.521651, 1.000000, 0.000000
277.291803, -90.780159, 1.000000, 0.000000
277.276372, -90.849690, 1.000000, 0.000000
277.260940, -90.919221, 1.000000, 0.000000
277.203792, -91.176717, 1.000000, 0.000000
277.188360, -91.246248, 1.000000, 0.000000
277.172928, -91.315779, 1.000000, 0.000000
277.116004, -91.572264, 1.000000, 0.000000
277.088984, -91.639223, 1.000000, 0.000000
277.073552, -91.708754, 1.000000, 0.000000
277.016852, -91.964230, 1.000000, 0.000000
276.989832, -92.031189, 1.000000, 0.000000
276.974401, -92.100720, 1.000000, 0.000000
276.917924, -92.355187, 1.000000, 0.000000
276.890904, -92.422146, 1.000000, 0.000000
276.875473, -92.491677, 1.000000, 0.000000
276.819057, -92.745872, 1.000000, 0.000000
276.792037, -92.812831, 1.000000, 0.000000
276.735621, -93.067026, 1.000000, 0.000000
276.720189, -93.136557, 1.000000, 0.000000
276.693169, -93.203516, 1.000000, 0.000000
276.636299, -93.459703, 1.000000, 0.000000
276.620801, -93.529220, 1.000000, 0.000000
276.593718, -93.596154, 1.000000, 0.000000
276.534421, -93.861420, 1.000000, 0.000000
276.518554, -93.930853, 1.000000, 0.000000
276.491114, -93.997641, 1.000000, 0.000000
276.428233, -94.270885, 1.000000, 0.000000
276.411716, -94.340167, 1.000000, 0.000000
276.395200, -94.409448, 1.000000, 0.000000
276.317884, -94.680120, 1.000000, 0.000000
276.300688, -94.749236, 1.000000, 0.000000
276.271973, -94.815486, 1.000000, 0.000000
276.203162, -95.089071, 1.000000, 0.000000
276.173767, -95.155022, 1.000000, 0.000000
276.102493, -95.428937, 1.000000, 0.000000
276.083844, -95.497675, 1.000000, 0.000000
276.065196, -95.566413, 1.000000, 0.000000
275.990539, -95.840578, 1.000000, 0.000000
275.971114, -95.909101, 1.000000, 0.000000
275.951690, -95.977624, 1.000000, 0.000000
275.874725, -96.247899, 1.000000, 0.000000
275.854628, -96.316228, 1.000000, 0.000000
275.834530, -96.384557, 1.000000, 0.000000
275.760021, -96.637664, 1.000000, 0.000000
275.739811, -96.705960, 1.000000, 0.000000
275.662688, -96.757414, 1.000000, 0.000000
275.588804, -97.007091, 1.000000, 0.000000
275.568594, -97.075387, 1.000000, 0.000000
275.548384, -97.143682, 1.000000, 0.000000
275.474500, -97.393360, 1.000000, 0.000000
275.454290, -97.461655, 1.000000, 0.000000
275.380406, -97.711332, 1.000000, 0.000000
275.360196, -97.779628, 1.000000, 0.000000
275.339986, -97.847923, 1.000000, 0.000000
275.266102, -98.097600, 1.000000, 0.000000
275.245892, -98.165896, 1.000000, 0.000000
275.225682, -98.234191, 1.000000, 0.000000
275.151798, -98.483869, 1.000000, 0.000000
275.142971, -98.555533, 1.000000, 0.000000
275.111378, -98.620460, 1.000000, 0.000000
275.037494, -98.870137, 1.000000, 0.000000
275.017284, -98.938432, 1.000000, 0.000000
274.997074, -99.006728, 1.000000, 0.000000
274.923190, -99.256405, 1.000000, 0.000000
274.902980, -99.324701, 1.000000, 0.000000
274.882770, -99.392996, 1.000000, 0.000000
274.808886, -99.642674, 1.000000, 0.000000
274.788676, -99.710969, 1.000000, 0.000000
274.714792, -99.960646, 1.000000, 0.000000
274.694582, -100.028942, 1.000000, 0.000000
274.674372, -100.097237, 1.000000, 0.000000
274.600488, -100.346914, 1.000000, 0.000000
274.580278, -100.415210, 1.000000, 0.000000
274.560068, -100.483505, 1.000000, 0.000000
274.474801, -100.729815, 1.000000, 0.000000
274.454591, -100.798110, 1.000000, 0.000000
274.445764, -100.869774, 1.000000, 0.000000
274.371880, -101.119451, 1.000000, 0.000000
274.351670, -101.187747, 1.000000, 0.000000
274.331460, -101.256042, 1.000000, 0.000000
274.257576, -101.505719, 1.000000, 0.000000
274.237366, -101.574015, 1.000000, 0.000000
274.217156, -101.642310, 1.000000, 0.000000
274.143661, -101.890672, 1.000000, 0.000000
274.112068, -101.955600, 1.000000, 0.000000
274.048274, -102.213012, 1.000000, 0.000000
274.028064, -102.281308, 1.000000, 0.000000
274.007855, -102.349603, 1.000000, 0.000000
273.934356, -102.597979, 1.000000, 0.000000
273.914146, -102.666274, 1.000000, 0.000000
273.893936, -102.734570, 1.000000, 0.000000
273.822104, -102.977310, 1.000000, 0.000000
273.801895, -103.045605, 1.000000, 0.000000
273.731721, -103.282742, 1.000000, 0.000000
273.711511, -103.351038, 1.000000, 0.000000
273.691301, -103.419333, 1.000000, 0.000000
273.619407, -103.662287, 1.000000, 0.000000
273.599197, -103.730582, 1.000000, 0.000000
273.542391, -103.964482, 1.000000, 0.000000
273.522421, -104.032848, 1.000000, 0.000000
273.502450, -104.101214, 1.000000, 0.000000
273.440183, -104.315674, 1.000000, 0.000000
273.420875, -104.384230, 1.000000, 0.000000
273.349284, -104.594685, 1.000000, 0.000000
273.330690, -104.663437, 1.000000, 0.000000
273.312095, -104.732190, 1.000000, 0.000000
273.254365, -104.947081, 1.000000, 0.000000
273.236467, -105.016019, 1.000000, 0.000000
273.180439, -105.231897, 1.000000, 0.000000
273.151705, -105.298138, 1.000000, 0.000000
273.134488, -105.367249, 1.000000, 0.000000
273.080779, -105.584355, 1.000000, 0.000000
273.064229, -105.653628, 1.000000, 0.000000
273.000595, -105.868993, 1.000000, 0.000000
272.984695, -105.938419, 1.000000, 0.000000
272.968795, -106.007844, 1.000000, 0.000000
272.906236, -106.229067, 1.000000, 0.000000
272.890807, -106.298599, 1.000000, 0.000000
272.839049, -106.531940, 1.000000, 0.000000
272.823764, -106.601504, 1.000000, 0.000000
272.808480, -106.671068, 1.000000, 0.000000
272.756291, -106.908593, 1.000000, 0.000000
272.741006, -106.978157, 1.000000, 0.000000
272.700411, -107.218229, 1.000000, 0.000000
272.685127, -107.287793, 1.000000, 0.000000
272.669842, -107.357357, 1.000000, 0.000000
272.617653, -107.594882, 1.000000, 0.000000
272.602369, -107.664445, 1.000000, 0.000000
272.561774, -107.904518, 1.000000, 0.000000
272.546489, -107.974082, 1.000000, 0.000000
272.531205, -108.043645, 1.000000, 0.000000
272.479016, -108.281170, 1.000000, 0.000000
272.463731, -108.350734, 1.000000, 0.000000
272.411542, -108.588259, 1.000000, 0.000000
272.396258, -108.657823, 1.000000, 0.000000
272.380973, -108.727386, 1.000000, 0.000000
272.340378, -108.967459, 1.000000, 0.000000
272.325094, -109.037023, 1.000000, 0.000000
272.272905, -109.274548, 1.000000, 0.000000
272.257620, -109.344112, 1.000000, 0.000000
272.242336, -109.413675, 1.000000, 0.000000
272.190147, -109.651200, 1.000000, 0.000000
272.174862, -109.720764, 1.000000, 0.000000
272.122673, -109.958289, 1.000000, 0.000000
272.107389, -110.027853, 1.000000, 0.000000
272.080510, -110.094869, 1.000000, 0.000000
272.028321, -110.332394, 1.000000, 0.000000
272.013037, -110.401958, 1.000000, 0.000000
271.960848, -110.639483, 1.000000, 0.000000
271.945563, -110.709047, 1.000000, 0.000000
271.930279, -110.778610, 1.000000, 0.000000
271.878090, -111.016136, 1.000000, 0.000000
271.851211, -111.083152, 1.000000, 0.000000
271.799023, -111.320677, 1.000000, 0.000000
271.783738, -111.390241, 1.000000, 0.000000
271.768454, -111.459804, 1.000000, 0.000000
271.716265, -111.697329, 1.000000, 0.000000
271.689386, -111.764346, 1.000000, 0.000000
271.636959, -112.002956, 1.000000, 0.000000
271.621674, -112.072519, 1.000000, 0.000000
271.606390, -112.142083, 1.000000, 0.000000
271.553329, -112.383575, 1.000000, 0.000000
271.538045, -112.453138, 1.000000, 0.000000
271.484343, -112.697550, 1.000000, 0.000000
271.480652, -112.769661, 1.000000, 0.000000
271.465368, -112.839225, 1.000000, 0.000000
271.411016, -113.086595, 1.000000, 0.000000
271.395731, -113.156159, 1.000000, 0.000000
271.343268, -113.394929, 1.000000, 0.000000
271.327984, -113.464493, 1.000000, 0.000000
271.301106, -113.531509, 1.000000, 0.000000
271.247977, -113.773310, 1.000000, 0.000000
271.232693, -113.842874, 1.000000, 0.000000
271.217408, -113.912438, 1.000000, 0.000000
271.163606, -114.157305, 1.000000, 0.000000
271.148321, -114.226868, 1.000000, 0.000000
271.094098, -114.473653, 1.000000, 0.000000
271.078814, -114.543217, 1.000000, 0.000000
271.063529, -114.612780, 1.000000, 0.000000
271.005653, -114.875021, 1.000000, 0.000000
270.978245, -114.941822, 1.000000, 0.000000
270.962410, -115.011263, 1.000000, 0.000000
270.896590, -115.294232, 1.000000, 0.000000
270.879440, -115.363360, 1.000000, 0.000000
270.806772, -115.653965, 1.000000, 0.000000
270.788001, -115.722670, 1.000000, 0.000000
270.780680, -115.794503, 1.000000, 0.000000
270.699563, -116.086700, 1.000000, 0.000000
270.679065, -116.154909, 1.000000, 0.000000
270.658566, -116.223119, 1.000000, 0.000000
270.557033, -116.512728, 1.000000, 0.000000
270.534697, -116.580358, 1.000000, 0.000000
270.436530, -116.874913, 1.000000, 0.000000
270.412241, -116.941867, 1.000000, 0.000000
270.387953, -117.008821, 1.000000, 0.000000
270.278314, -117.305817, 1.000000, 0.000000
270.251891, -117.371957, 1.000000, 0.000000
270.214445, -117.433694, 1.000000, 0.000000
270.113779, -117.684348, 1.000000, 0.000000
270.086775, -117.750253, 1.000000, 0.000000
269.990977, -117.984059, 1.000000, 0.000000
269.963974, -118.049964, 1.000000, 0.000000
269.936970, -118.115870, 1.000000, 0.000000
269.841172, -118.349675, 1.000000, 0.000000
269.814168, -118.415581, 1.000000, 0.000000
269.787165, -118.481486, 1.000000, 0.000000
269.680382, -118.710792, 1.000000, 0.000000
269.653378, -118.776697, 1.000000, 0.000000
269.557580, -119.010503, 1.000000, 0.000000
269.541561, -119.080909, 1.000000, 0.000000
269.514557, -119.146814, 1.000000, 0.000000
269.418759, -119.380620, 1.000000, 0.000000
269.435693, -119.464528, 1.000000, 0.000000
269.397705, -119.525932, 1.000000, 0.000000
269.301906, -119.759738, 1.000000, 0.000000
269.274903, -119.825644, 1.000000, 0.000000
269.179105, -120.059449, 1.000000, 0.000000
269.152101, -120.125355, 1.000000, 0.000000
269.125097, -120.191260, 1.000000, 0.000000
269.029299, -120.425066, 1.000000, 0.000000
269.002296, -120.490971, 1.000000, 0.000000
268.964308, -120.552376, 1.000000, 0.000000
268.868510, -120.786182, 1.000000, 0.000000
268.841506, -120.852088, 1.000000, 0.000000
268.745708, -121.085893, 1.000000, 0.000000
268.718704, -121.151798, 1.000000, 0.000000
268.680716, -121.213203, 1.000000, 0.000000
268.584918, -121.447009, 1.000000, 0.000000
268.557915, -121.512914, 1.000000, 0.000000
268.530911, -121.578820, 1.000000, 0.000000
268.424129, -121.808125, 1.000000, 0.000000
268.397125, -121.874031, 1.000000, 0.000000
268.301327, -122.107836, 1.000000, 0.000000
268.274323, -122.173742, 1.000000, 0.000000
268.247319, -122.239647, 1.000000, 0.000000
268.162506, -122.477953, 1.000000, 0.000000
268.135502, -122.543859, 1.000000, 0.000000
268.108498, -122.609764, 1.000000, 0.000000
268.012700, -122.843570, 1.000000, 0.000000
267.974712, -122.904975, 1.000000, 0.000000
267.881158, -123.133304, 1.000000, 0.000000
267.865139, -123.203710, 1.000000, 0.000000
267.838135, -123.269615, 1.000000, 0.000000
267.743278, -123.501125, 1.000000, 0.000000
267.716274, -123.567030, 1.000000, 0.000000
267.613561, -123.786404, 1.000000, 0.000000
267.586557, -123.852309, 1.000000, 0.000000
267.559554, -123.918215, 1.000000, 0.000000
267.474855, -124.125341, 1.000000, 0.000000
267.448188, -124.191384, 1.000000, 0.000000
267.372139, -124.379453, 1.000000, 0.000000
267.346643, -124.445956, 1.000000, 0.000000
267.321147, -124.512459, 1.000000, 0.000000
267.251203, -124.696892, 1.000000, 0.000000
267.215664, -124.759746, 1.000000, 0.000000
267.150041, -124.940750, 1.000000, 0.000000
267.126690, -125.008036, 1.000000, 0.000000
267.063627, -125.189647, 1.000000, 0.000000
267.041248, -125.257263, 1.000000, 0.000000
267.018869, -125.324879, 1.000000, 0.000000
266.958504, -125.509245, 1.000000, 0.000000
266.937042, -125.577157, 1.000000, 0.000000
266.879434, -125.760469, 1.000000, 0.000000
266.858956, -125.828685, 1.000000, 0.000000
266.802463, -126.016870, 1.000000, 0.000000
266.782824, -126.085332, 1.000000, 0.000000
266.763185, -126.153794, 1.000000, 0.000000
266.703630, -126.361850, 1.000000, 0.000000
266.672721, -126.427106, 1.000000, 0.000000
266.612423, -126.639049, 1.000000, 0.000000
266.592942, -126.707556, 1.000000, 0.000000
266.532588, -126.919804, 1.000000, 0.000000
266.513107, -126.988311, 1.000000, 0.000000
266.482208, -127.053571, 1.000000, 0.000000
266.421854, -127.265819, 1.000000, 0.000000
266.402373, -127.334326, 1.000000, 0.000000
266.342018, -127.546574, 1.000000, 0.000000
266.322538, -127.615081, 1.000000, 0.000000
266.262183, -127.827328, 1.000000, 0.000000
266.242703, -127.895835, 1.000000, 0.000000
266.223222, -127.964342, 1.000000, 0.000000
266.162867, -128.176590, 1.000000, 0.000000
266.143387, -128.245097, 1.000000, 0.000000
266.083032, -128.457345, 1.000000, 0.000000
266.063551, -128.525852, 1.000000, 0.000000
266.014615, -128.741346, 1.000000, 0.000000
265.995134, -128.809853, 1.000000, 0.000000
265.975653, -128.878361, 1.000000, 0.000000
265.926717, -129.093855, 1.000000, 0.000000
265.907236, -129.162362, 1.000000, 0.000000
265.846881, -129.374610, 1.000000, 0.000000
265.827401, -129.443117, 1.000000, 0.000000
265.767046, -129.655365, 1.000000, 0.000000
265.747565, -129.723872, 1.000000, 0.000000
265.728085, -129.792379, 1.000000, 0.000000
265.667730, -130.004627, 1.000000, 0.000000
265.648249, -130.073134, 1.000000, 0.000000
265.587895, -130.285381, 1.000000, 0.000000
265.568414, -130.353888, 1.000000, 0.000000
265.508060, -130.566136, 1.000000, 0.000000
265.488579, -130.634643, 1.000000, 0.000000
265.469098, -130.703150, 1.000000, 0.000000
265.420161, -130.918645, 1.000000, 0.000000
265.400681, -130.987152, 1.000000, 0.000000
265.340326, -131.199399, 1.000000, 0.000000
265.320846, -131.267907, 1.000000, 0.000000
265.260491, -131.480154, 1.000000, 0.000000
265.229592, -131.545414, 1.000000, 0.000000
265.210112, -131.613922, 1.000000, 0.000000
265.149757, -131.826169, 1.000000, 0.000000
265.118859, -131.891430, 1.000000, 0.000000
265.056662, -132.110157, 1.000000, 0.000000
265.037181, -132.178664, 1.000000, 0.000000
264.961619, -132.400989, 1.000000, 0.000000
264.942139, -132.469497, 1.000000, 0.000000
264.922658, -132.538004, 1.000000, 0.000000
264.856542, -132.770513, 1.000000, 0.000000
264.825643, -132.835773, 1.000000, 0.000000
264.760777, -133.063887, 1.000000, 0.000000
264.741297, -133.132394, 1.000000, 0.000000
264.721816, -133.200901, 1.000000, 0.000000
264.643512, -133.432871, 1.000000, 0.000000
264.624031, -133.501378, 1.000000, 0.000000
264.555104, -133.743774, 1.000000, 0.000000
264.535623, -133.812281, 1.000000, 0.000000
264.527560, -133.884035, 1.000000, 0.000000
264.459818, -134.122262, 1.000000, 0.000000
264.451755, -134.194016, 1.000000, 0.000000
264.383656, -134.433497, 1.000000, 0.000000
264.352724, -134.498742, 1.000000, 0.000000
264.333208, -134.567239, 1.000000, 0.000000
264.264750, -134.807432, 1.000000, 0.000000
264.245171, -134.875911, 1.000000, 0.000000
264.237005, -134.947653, 1.000000, 0.000000
264.168242, -135.187977, 1.000000, 0.000000
264.148593, -135.256436, 1.000000, 0.000000
264.079606, -135.496788, 1.000000, 0.000000
264.071290, -135.568513, 1.000000, 0.000000
264.051567, -135.636951, 1.000000, 0.000000
263.982263, -135.877340, 1.000000, 0.000000
263.962464, -135.945755, 1.000000, 0.000000
263.942665, -136.014171, 1.000000, 0.000000
263.872988, -136.254715, 1.000000, 0.000000
263.853103, -136.323106, 1.000000, 0.000000
263.783263, -136.563301, 1.000000, 0.000000
263.774696, -136.634997, 1.000000, 0.000000
263.754735, -136.703365, 1.000000, 0.000000
263.685053, -136.942010, 1.000000, 0.000000
263.665070, -137.010372, 1.000000, 0.000000
263.645087, -137.078734, 1.000000, 0.000000
263.575513, -137.316748, 1.000000, 0.000000
263.555530, -137.385111, 1.000000, 0.000000
263.485956, -137.623125, 1.000000, 0.000000
263.465973, -137.691487, 1.000000, 0.000000
263.445990, -137.759849, 1.000000, 0.000000
263.376416, -137.997864, 1.000000, 0.000000
263.356433, -138.066226, 1.000000, 0.000000
263.336450, -138.134588, 1.000000, 0.000000
263.266876, -138.372602, 1.000000, 0.000000
263.246893, -138.440965, 1.000000, 0.000000
263.177319, -138.678979, 1.000000, 0.000000
263.145943, -138.744010, 1.000000, 0.000000
263.125960, -138.812373, 1.000000, 0.000000
263.067779, -139.053718, 1.000000, 0.000000
263.047796, -139.122080, 1.000000, 0.000000
263.027813, -139.190442, 1.000000, 0.000000
262.958240, -139.428456, 1.000000, 0.000000
262.949650, -139.500149, 1.000000, 0.000000
262.880076, -139.738163, 1.000000, 0.000000
262.860093, -139.806525, 1.000000, 0.000000
262.840110, -139.874888, 1.000000, 0.000000
262.781930, -140.116232, 1.000000, 0.000000
262.761947, -140.184595, 1.000000, 0.000000
262.741964, -140.252957, 1.000000, 0.000000
262.672390, -140.490971, 1.000000, 0.000000
262.652407, -140.559333, 1.000000, 0.000000
262.582833, -140.797347, 1.000000, 0.000000
262.562850, -140.865710, 1.000000, 0.000000
262.554261, -140.937402, 1.000000, 0.000000
262.439112, -141.162095, 1.000000, 0.000000
262.419129, -141.230457, 1.000000, 0.000000
262.387753, -141.295489, 1.000000, 0.000000
262.318179, -141.533503, 1.000000, 0.000000
262.298196, -141.601865, 1.000000, 0.000000
262.217228, -141.836549, 1.000000, 0.000000
262.197245, -141.904911, 1.000000, 0.000000
262.177262, -141.973273, 1.000000, 0.000000
262.107688, -142.211288, 1.000000, 0.000000
262.087705, -142.279650, 1.000000, 0.000000
262.067722, -142.348012, 1.000000, 0.000000
261.999113, -142.582726, 1.000000, 0.000000
262.001918, -142.657749, 1.000000, 0.000000
261.931440, -142.898855, 1.000000, 0.000000
261.900063, -142.963887, 1.000000, 0.000000
261.880080, -143.032249, 1.000000, 0.000000
261.799670, -143.265026, 1.000000, 0.000000
261.779687, -143.333388, 1.000000, 0.000000
261.701296, -143.559298, 1.000000, 0.000000
261.681382, -143.627680, 1.000000, 0.000000
261.661468, -143.696063, 1.000000, 0.000000
261.587446, -143.908644, 1.000000, 0.000000
261.567917, -143.977138, 1.000000, 0.000000
261.504972, -144.198326, 1.000000, 0.000000
261.485884, -144.266943, 1.000000, 0.000000
261.414224, -144.480096, 1.000000, 0.000000
261.395586, -144.548837, 1.000000, 0.000000
261.376948, -144.617578, 1.000000, 0.000000
261.319011, -144.832326, 1.000000, 0.000000
261.289360, -144.898163, 1.000000, 0.000000
261.232800, -145.112959, 1.000000, 0.000000
261.203608, -145.179000, 1.000000, 0.000000
261.148461, -145.393834, 1.000000, 0.000000
261.119743, -145.460083, 1.000000, 0.000000
261.102545, -145.529199, 1.000000, 0.000000
261.047927, -145.749493, 1.000000, 0.000000
261.031036, -145.818684, 1.000000, 0.000000
260.987009, -146.049135, 1.000000, 0.000000
260.970153, -146.118335, 1.000000, 0.000000
260.914475, -146.346904, 1.000000, 0.000000
260.897619, -146.416103, 1.000000, 0.000000
260.880762, -146.485303, 1.000000, 0.000000
260.825085, -146.713871, 1.000000, 0.000000
260.808228, -146.783071, 1.000000, 0.000000
260.764084, -147.014449, 1.000000, 0.000000
260.747228, -147.083649, 1.000000, 0.000000
260.703084, -147.315027, 1.000000, 0.000000
260.686227, -147.384227, 1.000000, 0.000000
260.680904, -147.456236, 1.000000, 0.000000
260.625226, -147.684805, 1.000000, 0.000000
260.619903, -147.756813, 1.000000, 0.000000
260.564226, -147.985383, 1.000000, 0.000000
260.558903, -148.057391, 1.000000, 0.000000
260.503225, -148.285960, 1.000000, 0.000000
260.486369, -148.355160, 1.000000, 0.000000
260.457979, -148.421550, 1.000000, 0.000000
260.402302, -148.650119, 1.000000, 0.000000
260.385445, -148.719318, 1.000000, 0.000000
260.318234, -148.945078, 1.000000, 0.000000
260.301378, -149.014277, 1.000000, 0.000000
260.245700, -149.242846, 1.000000, 0.000000
260.217311, -149.309236, 1.000000, 0.000000
260.200454, -149.378436, 1.000000, 0.000000
260.144777, -149.607005, 1.000000, 0.000000
260.127920, -149.676204, 1.000000, 0.000000
260.060710, -149.901964, 1.000000, 0.000000
260.043853, -149.971164, 1.000000, 0.000000
259.988176, -150.199732, 1.000000, 0.000000
259.971319, -150.268932, 1.000000, 0.000000
259.954463, -150.338131, 1.000000, 0.000000
259.898785, -150.566700, 1.000000, 0.000000
259.881929, -150.635900, 1.000000, 0.000000
259.826252, -150.864469, 1.000000, 0.000000
259.820928, -150.936478, 1.000000, 0.000000
259.765251, -151.165047, 1.000000, 0.000000
259.759928, -151.237055, 1.000000, 0.000000
259.743071, -151.306255, 1.000000, 0.000000
259.687394, -151.534824, 1.000000, 0.000000
259.682071, -151.606833, 1.000000, 0.000000
259.627049, -151.832709, 1.000000, 0.000000
259.610193, -151.901908, 1.000000, 0.000000
259.555931, -152.124664, 1.000000, 0.000000
259.527542, -152.191054, 1.000000, 0.000000
259.510685, -152.260254, 1.000000, 0.000000
259.445648, -152.477092, 1.000000, 0.000000
259.428791, -152.546292, 1.000000, 0.000000
259.375988, -152.763049, 1.000000, 0.000000
259.359124, -152.832246, 1.000000, 0.000000
259.272353, -153.037888, 1.000000, 0.000000
259.255466, -153.107080, 1.000000, 0.000000
259.238579, -153.176272, 1.000000, 0.000000
259.184236, -153.398836, 1.000000, 0.000000
259.178855, -153.470840, 1.000000, 0.000000
259.125179, -153.690347, 1.000000, 0.000000
259.119771, -153.762350, 1.000000, 0.000000
259.077645, -153.984261, 1.000000, 0.000000
259.060680, -154.053435, 1.000000, 0.000000
259.018468, -154.275359, 1.000000, 0.000000
259.001476, -154.344526, 1.000000, 0.000000
258.959188, -154.566408, 1.000000, 0.000000
258.953698, -154.638404, 1.000000, 0.000000
258.899886, -154.857101, 1.000000, 0.000000
258.894382, -154.929097, 1.000000, 0.000000
258.877351, -154.998253, 1.000000, 0.000000
258.823587, -155.216574, 1.000000, 0.000000
258.818083, -155.288570, 1.000000, 0.000000
258.764319, -155.506891, 1.000000, 0.000000
258.747288, -155.576048, 1.000000, 0.000000
258.705050, -155.797207, 1.000000, 0.000000
258.688019, -155.866364, 1.000000, 0.000000
258.634256, -156.084685, 1.000000, 0.000000
258.617225, -156.153841, 1.000000, 0.000000
258.574987, -156.375001, 1.000000, 0.000000
258.557956, -156.444158, 1.000000, 0.000000
258.504192, -156.662479, 1.000000, 0.000000
258.487162, -156.731636, 1.000000, 0.000000
258.470131, -156.800792, 1.000000, 0.000000
258.404841, -157.016275, 1.000000, 0.000000
258.387810, -157.085432, 1.000000, 0.000000
258.334046, -157.303753, 1.000000, 0.000000
258.305490, -157.370071, 1.000000, 0.000000
258.251726, -157.588392, 1.000000, 0.000000
258.234695, -157.657549, 1.000000, 0.000000
258.192457, -157.878708, 1.000000, 0.000000
258.175426, -157.947865, 1.000000, 0.000000
258.121662, -158.166186, 1.000000, 0.000000
258.116158, -158.238182, 1.000000, 0.000000
258.062394, -158.456502, 1.000000, 0.000000
258.056890, -158.528498, 1.000000, 0.000000
258.039859, -158.597655, 1.000000, 0.000000
257.997621, -158.818814, 1.000000, 0.000000
257.980590, -158.887971, 1.000000, 0.000000
257.938353, -159.109130, 1.000000, 0.000000
257.921322, -159.178287, 1.000000, 0.000000
257.867558, -159.396608, 1.000000, 0.000000
257.862053, -159.468603, 1.000000, 0.000000
257.808290, -159.686924, 1.000000, 0.000000
257.802785, -159.758919, 1.000000, 0.000000
257.749021, -159.977240, 1.000000, 0.000000
257.743517, -160.049236, 1.000000, 0.000000
257.701279, -160.270395, 1.000000, 0.000000
257.684248, -160.339552, 1.000000, 0.000000
257.678744, -160.411547, 1.000000, 0.000000
257.624980, -160.629868, 1.000000, 0.000000
257.607949, -160.699025, 1.000000, 0.000000
257.565998, -160.919027, 1.000000, 0.000000
257.548970, -160.988184, 1.000000, 0.000000
257.496772, -161.200317, 1.000000, 0.000000
257.491342, -161.272318, 1.000000, 0.000000
257.440345, -161.480452, 1.000000, 0.000000
257.423485, -161.549651, 1.000000, 0.000000
257.373621, -161.754376, 1.000000, 0.000000
257.356874, -161.823602, 1.000000, 0.000000
257.308179, -162.024865, 1.000000, 0.000000
257.291558, -162.094122, 1.000000, 0.000000
257.241359, -162.303280, 1.000000, 0.000000
257.236435, -162.375317, 1.000000, 0.000000
257.187575, -162.580823, 1.000000, 0.000000
257.171272, -162.650156, 1.000000, 0.000000
257.110728, -162.855774, 1.000000, 0.000000
257.094435, -162.925108, 1.000000, 0.000000
257.045407, -163.133740, 1.000000, 0.000000
257.029114, -163.203075, 1.000000, 0.000000
256.968531, -163.408992, 1.000000, 0.000000
256.952237, -163.478326, 1.000000, 0.000000
256.903210, -163.686959, 1.000000, 0.000000
256.944695, -163.769871, 1.000000, 0.000000
256.895668, -163.978503, 1.000000, 0.000000
256.890931, -164.050553, 1.000000, 0.000000
256.841903, -164.259186, 1.000000, 0.000000
256.825610, -164.328521, 1.000000, 0.000000
256.776582, -164.537153, 1.000000, 0.000000
256.760289, -164.606487, 1.000000, 0.000000
256.711262, -164.815120, 1.000000, 0.000000
256.694969, -164.884454, 1.000000, 0.000000
256.645941, -165.093087, 1.000000, 0.000000
256.629648, -165.162421, 1.000000, 0.000000
256.580620, -165.371054, 1.000000, 0.000000
256.564327, -165.440388, 1.000000, 0.000000
256.515300, -165.649021, 1.000000, 0.000000
256.499007, -165.718355, 1.000000, 0.000000
256.461535, -165.929704, 1.000000, 0.000000
256.445242, -165.999038, 1.000000, 0.000000
256.407770, -166.210386, 1.000000, 0.000000
256.391477, -166.279720, 1.000000, 0.000000
256.342449, -166.488353, 1.000000, 0.000000
256.337712, -166.560403, 1.000000, 0.000000
256.300240, -166.771751, 1.000000, 0.000000
256.283947, -166.841086, 1.000000, 0.000000
256.245845, -167.055106, 1.000000, 0.000000
256.229466, -167.124420, 1.000000, 0.000000
256.179007, -167.337933, 1.000000, 0.000000
256.162470, -167.407209, 1.000000, 0.000000
256.111368, -167.621246, 1.000000, 0.000000
256.094652, -167.690479, 1.000000, 0.000000
256.042851, -167.904982, 1.000000, 0.000000
256.014405, -167.971348, 1.000000, 0.000000
255.961973, -168.185775, 1.000000, 0.000000
255.944857, -168.254910, 1.000000, 0.000000
255.893265, -168.463304, 1.000000, 0.000000
255.876138, -168.532437, 1.000000, 0.000000
255.824600, -168.740463, 1.000000, 0.000000
255.795950, -168.806742, 1.000000, 0.000000
255.744530, -169.014294, 1.000000, 0.000000
255.727403, -169.083427, 1.000000, 0.000000
255.667399, -169.276262, 1.000000, 0.000000
255.650272, -169.345395, 1.000000, 0.000000
255.601875, -169.540744, 1.000000, 0.000000
255.584747, -169.609877, 1.000000, 0.000000
255.539289, -169.793364, 1.000000, 0.000000
255.522162, -169.862497, 1.000000, 0.000000
255.465265, -170.042791, 1.000000, 0.000000
255.422830, -170.214077, 1.000000, 0.000000
255.405702, -170.283210, 1.000000, 0.000000
255.363351, -170.454159, 1.000000, 0.000000
255.323819, -170.613723, 1.000000, 0.000000
255.318214, -170.685710, 1.000000, 0.000000
255.278683, -170.845274, 1.000000, 0.000000
255.250674, -171.007692, 1.000000, 0.000000
255.245069, -171.079679, 1.000000, 0.000000
255.205537, -171.239243, 1.000000, 0.000000
255.166006, -171.398806, 1.000000, 0.000000
255.148879, -171.467939, 1.000000, 0.000000
255.109348, -171.627503, 1.000000, 0.000000
255.069816, -171.787066, 1.000000, 0.000000
255.052689, -171.856199, 1.000000, 0.000000
255.001740, -172.057225, 1.000000, 0.000000
254.937091, -172.292455, 1.000000, 0.000000
254.916153, -172.360531, 1.000000, 0.000000
254.842672, -172.624613, 1.000000, 0.000000
254.727254, -172.926308, 1.000000, 0.000000
254.709097, -172.996193, 1.000000, 0.000000
254.547977, -173.326835, 1.000000, 0.000000
254.455273, -173.492040, 1.000000, 0.000000
254.419769, -173.553783, 1.000000, 0.000000
254.337825, -173.696289, 1.000000, 0.000000
254.255880, -173.838795, 1.000000, 0.000000
254.210086, -173.894620, 1.000000, 0.000000
254.128142, -174.037127, 1.000000, 0.000000
254.056488, -174.185550, 1.000000, 0.000000
254.020984, -174.247293, 1.000000, 0.000000
253.939040, -174.389799, 1.000000, 0.000000
253.857095, -174.532305, 1.000000, 0.000000
253.821591, -174.594048, 1.000000, 0.000000
253.739647, -174.736554, 1.000000, 0.000000
253.657703, -174.879060, 1.000000, 0.000000
253.622199, -174.940803, 1.000000, 0.000000
253.540255, -175.083309, 1.000000, 0.000000
253.490997, -175.191848, 1.000000, 0.000000
253.456760, -175.254302, 1.000000, 0.000000
253.444346, -175.273209, 1.000000, 0.000000
253.438351, -175.276465, 1.000000, 0.000000
253.430056, -175.283955, 1.000000, 0.000000
253.397930, -175.348619, 1.000000, 0.000000
253.362149, -175.467513, 1.000000, 0.000000
253.320295, -175.612093, 1.000000, 0.000000
253.276607, -175.763009, 1.000000, 0.000000
253.245788, -175.912161, 1.000000, 0.000000
253.225983, -175.980575, 1.000000, 0.000000
253.183937, -176.125819, 1.000000, 0.000000
253.153293, -176.274364, 1.000000, 0.000000
253.122649, -176.422908, 1.000000, 0.000000
253.080603, -176.568152, 1.000000, 0.000000
253.049960, -176.716697, 1.000000, 0.000000
253.007914, -176.861941, 1.000000, 0.000000
252.988109, -176.930355, 1.000000, 0.000000
252.957465, -177.078899, 1.000000, 0.000000
252.915670, -177.223339, 1.000000, 0.000000
252.871145, -177.335598, 1.000000, 0.000000
252.844313, -177.433281, 1.000000, 0.000000
252.815196, -177.549054, 1.000000, 0.000000
252.785341, -177.674990, 1.000000, 0.000000
252.769631, -177.744459, 1.000000, 0.000000
252.740407, -177.875413, 1.000000, 0.000000
252.710751, -178.012224, 1.000000, 0.000000
252.691475, -178.159806, 1.000000, 0.000000
252.660137, -178.307731, 1.000000, 0.000000
252.628799, -178.455655, 1.000000, 0.000000
252.585848, -178.601119, 1.000000, 0.000000
252.571087, -178.670796, 1.000000, 0.000000
252.539749, -178.818720, 1.000000, 0.000000
252.496799, -178.964184, 1.000000, 0.000000
252.465461, -179.112109, 1.000000, 0.000000
252.434123, -179.260033, 1.000000, 0.000000
252.402785, -179.407957, 1.000000, 0.000000
252.372804, -179.549476, 1.000000, 0.000000
252.342467, -179.692677, 1.000000, 0.000000
252.302596, -179.823605, 1.000000, 0.000000
252.287998, -179.949784, 1.000000, 0.000000
252.261339, -180.075626, 1.000000, 0.000000
252.248253, -180.194669, 1.000000, 0.000000
252.213161, -180.360316, 1.000000, 0.000000
252.200179, -180.478870, 1.000000, 0.000000
252.165751, -180.641380, 1.000000, 0.000000
252.141157, -180.757473, 1.000000, 0.000000
252.106729, -180.919983, 1.000000, 0.000000
252.082134, -181.036076, 1.000000, 0.000000
252.036094, -181.196126, 1.000000, 0.000000
252.011499, -181.312219, 1.000000, 0.000000
285.748635, -39.749852, -1.000000, -1.#QNAN0
285.525985, -39.783825, 1.000000, -1.#QNAN0
285.502213, -39.852005, 1.000000, -1.#QNAN0
285.490140, -39.922197, 1.000000, -1.#QNAN0
285.427237, -40.217880, 1.000000, -1.#QNAN0
285.403465, -40.286060, 1.000000, -1.#QNAN0
285.379693, -40.354240, 1.000000, -1.#QNAN0
285.316790, -40.649922, 1.000000, -1.#QNAN0
285.304716, -40.720114, 1.000000, -1.#QNAN0
285.280944, -40.788294, 1.000000, -1.#QNAN0
285.218041, -41.083977, 1.000000, -1.#QNAN0
285.194270, -41.152157, 1.000000, -1.#QNAN0
285.182196, -41.222349, 1.000000, -1.#QNAN0
285.130992, -41.520044, 1.000000, -1.#QNAN0
285.118919, -41.590236, 1.000000, -1.#QNAN0
285.106845, -41.660428, 0.000000, -1.#QNAN0
285.043985, -41.955798, 0.000000, -1.#QNAN0
285.020145, -42.023954, 0.000000, -1.#QNAN0
284.996306, -42.092111, 0.000000, -1.#QNAN0
284.933267, -42.386842, 0.000000, -1.#QNAN0
284.909256, -42.454938, 0.000000, -1.#QNAN0
284.885244, -42.523034, 0.000000, -1.#QNAN0
284.861232, -42.591130, 0.000000, -1.#QNAN0
284.797326, -42.885328, 0.000000, -1.#QNAN0
284.773104, -42.953349, 0.000000, -1.#QNAN0
284.748882, -43.021370, 0.000000, -1.#QNAN0
284.684120, -43.315302, 0.000000, -1.#QNAN0
284.648014, -43.381125, 0.000000, -1.#QNAN0
284.623587, -43.449073, 0.000000, -1.#QNAN0
284.557996, -43.742711, 0.000000, -1.#QNAN0
285.023615, -43.901265, -1.000000, -1.#QNAN0
284.520416, -43.880622, 1.000000, -1.#QNAN0
284.465671, -44.176233, 1.000000, -1.#QNAN0
284.440850, -44.244039, 1.000000, -1.#QNAN0
284.416029, -44.311844, 1.000000, -1.#QNAN0
284.360478, -44.607273, 1.000000, -1.#QNAN0
284.335468, -44.675009, 1.000000, -1.#QNAN0
284.310458, -44.742745, 1.000000, -1.#QNAN0
284.254067, -45.038270, 1.000000, -1.#QNAN0
284.228907, -45.105950, 1.000000, -1.#QNAN0
284.215402, -45.175881, 1.000000, -1.#QNAN0
284.190242, -45.243562, 1.000000, -1.#QNAN0
284.133009, -45.539673, 1.000000, -1.#QNAN0
284.107792, -45.607332, 1.000000, -1.#QNAN0
284.082576, -45.674991, 1.000000, -1.#QNAN0
284.025054, -45.971530, 1.000000, -1.#QNAN0
283.999838, -46.039189, 1.000000, -1.#QNAN0
283.974622, -46.106848, 1.000000, -1.#QNAN0
283.917100, -46.403387, 1.000000, -1.#QNAN0
283.891884, -46.471046, 1.000000, -1.#QNAN0
283.866667, -46.538705, 1.000000, -1.#QNAN0
283.809145, -46.835244, 1.000000, -1.#QNAN0
283.783929, -46.902903, 1.000000, -1.#QNAN0
283.770366, -46.972823, 1.000000, -1.#QNAN0
283.712844, -47.269361, 1.000000, -1.#QNAN0
281.893022, -46.988906, 0.000000, -1.#QNAN0
283.674065, -47.406940, 0.000000, -1.#QNAN0
283.604890, -47.701218, 0.000000, -1.#QNAN0
283.591327, -47.771138, 0.000000, -1.#QNAN0
283.566111, -47.838797, 0.000000, -1.#QNAN0
283.540895, -47.906456, 0.000000, -1.#QNAN0
283.483373, -48.202995, 0.000000, -1.#QNAN0
283.458156, -48.270654, 0.000000, -1.#QNAN0
283.432940, -48.338313, 0.000000, -1.#QNAN0
283.375418, -48.634852, 0.000000, -1.#QNAN0
283.350202, -48.702511, 0.000000, -1.#QNAN0
283.324986, -48.770170, 0.000000, -1.#QNAN0
283.267464, -49.066709, 0.000000, -1.#QNAN0
283.242248, -49.134368, 0.000000, -1.#QNAN0
283.217031, -49.202027, 0.000000, -1.#QNAN0
283.159509, -49.498566, 0.000000, -1.#QNAN0
283.134293, -49.566225, 0.000000, -1.#QNAN0
283.109077, -49.633884, 0.000000, -1.#QNAN0
283.051555, -49.930423, 0.000000, -1.#QNAN0
283.026339, -49.998082, 0.000000, -1.#QNAN0
283.001123, -50.065741, 0.000000, -1.#QNAN0
282.987560, -50.135661, 0.000000, -1.#QNAN0
282.920204, -50.420556, 0.000000, -1.#QNAN0
282.894988, -50.488216, 0.000000, -1.#QNAN0
282.881425, -50.558135, 1.000000, -1.#QNAN0
282.824963, -50.849210, 1.000000, -1.#QNAN0
282.799747, -50.916869, 1.000000, -1.#QNAN0
282.786184, -50.986789, 1.000000, -1.#QNAN0
282.717308, -51.279526, 1.000000, -1.#QNAN0
282.703745, -51.349446, 1.000000, -1.#QNAN0
282.678529, -51.417105, 1.000000, -1.#QNAN0
282.664966, -51.487025, 1.000000, -1.#QNAN0
282.606981, -51.785950, 1.000000, -1.#QNAN0
282.581765, -51.853609, 1.000000, -1.#QNAN0
282.556548, -51.921268, 1.000000, -1.#QNAN0
282.497801, -52.224125, 1.000000, -1.#QNAN0
282.484238, -52.294045, 1.000000, -1.#QNAN0
282.459022, -52.361704, 1.000000, -1.#QNAN0
282.399510, -52.668497, 1.000000, -1.#QNAN0
282.385948, -52.738416, 1.000000, -1.#QNAN0
282.372385, -52.808336, 1.000000, -1.#QNAN0
282.370475, -52.880516, 0.000000, -1.#QNAN0
282.300807, -53.177335, 0.000000, -1.#QNAN0
282.287244, -53.247255, 0.000000, -1.#QNAN0
282.262028, -53.314914, 0.000000, -1.#QNAN0
282.203692, -53.615649, 0.000000, -1.#QNAN0
282.178476, -53.683309, 0.000000, -1.#QNAN0
282.164913, -53.753228, 0.000000, -1.#QNAN0
282.139696, -53.820888, 0.000000, -1.#QNAN0
282.081360, -54.121623, 0.000000, -1.#QNAN0
282.056144, -54.189282, 0.000000, -1.#QNAN0
282.042581, -54.259202, 0.000000, -1.#QNAN0
281.972592, -54.557676, 0.000000, -1.#QNAN0
281.959029, -54.627596, 0.000000, -1.#QNAN0
281.933813, -54.695255, 0.000000, -1.#QNAN0
281.920250, -54.765175, 0.000000, -1.#QNAN0
281.850261, -55.063650, 0.000000, -1.#QNAN0
281.825044, -55.131309, 0.000000, -1.#QNAN0
281.811481, -55.201229, 0.000000, -1.#QNAN0
281.741492, -55.499703, 0.000000, -1.#QNAN0
281.727929, -55.569623, 1.000000, -1.#QNAN0
281.702713, -55.637282, 1.000000, -1.#QNAN0
281.689150, -55.707202, 1.000000, -1.#QNAN0
281.630953, -56.006993, 1.000000, -1.#QNAN0
281.605674, -56.074629, 1.000000, -1.#QNAN0
281.580396, -56.142265, 1.000000, -1.#QNAN0
281.522165, -56.440867, 1.000000, -1.#QNAN0
281.508398, -56.510747, 1.000000, -1.#QNAN0
281.482984, -56.578332, 1.000000, -1.#QNAN0
281.469217, -56.648212, 1.000000, -1.#QNAN0
281.410361, -56.946416, 1.000000, -1.#QNAN0
281.384797, -57.013945, 1.000000, -1.#QNAN0
281.370874, -57.083794, 1.000000, -1.#QNAN0
281.311453, -57.381767, 1.000000, -1.#QNAN0
281.285732, -57.449236, 1.000000, -1.#QNAN0
281.271647, -57.519052, 1.000000, -1.#QNAN0
281.245926, -57.586521, 1.000000, -1.#QNAN0
281.185761, -57.884191, 1.000000, -1.#QNAN0
281.159879, -57.951598, 1.000000, -1.#QNAN0
281.145626, -58.021380, 1.000000, -1.#QNAN0
281.073231, -58.316388, 1.000000, -1.#QNAN0
281.058805, -58.386135, 1.000000, -1.#QNAN0
281.032754, -58.453477, 1.000000, -1.#QNAN0
281.018328, -58.523224, 1.000000, -1.#QNAN0
280.945141, -58.817864, 1.000000, -1.#QNAN0
280.918915, -58.885139, 1.000000, -1.#QNAN0
280.904308, -58.954848, 1.000000, -1.#QNAN0
280.841688, -59.253638, 1.000000, -1.#QNAN0
280.827018, -59.323334, 1.000000, -1.#QNAN0
279.139650, -59.040937, 0.000000, -1.#QNAN0
280.786061, -59.460280, 0.000000, -1.#QNAN0
280.722972, -59.759981, 0.000000, -1.#QNAN0
280.696682, -59.827230, 0.000000, -1.#QNAN0
280.682007, -59.896925, 0.000000, -1.#QNAN0
280.607273, -60.194247, 0.000000, -1.#QNAN0
280.592598, -60.263942, 0.000000, -1.#QNAN0
280.566308, -60.331191, 0.000000, -1.#QNAN0
280.551633, -60.400886, 0.000000, -1.#QNAN0
280.476899, -60.698208, 0.000000, -1.#QNAN0
280.462224, -60.767903, 0.000000, -1.#QNAN0
280.435933, -60.835152, 0.000000, -1.#QNAN0
280.372815, -61.134920, 0.000000, -1.#QNAN0
280.346524, -61.202169, 0.000000, -1.#QNAN0
280.331849, -61.271864, 0.000000, -1.#QNAN0
280.305559, -61.339113, 0.000000, -1.#QNAN0
280.242440, -61.638880, 0.000000, -1.#QNAN0
280.216150, -61.706129, 0.000000, -1.#QNAN0
280.201475, -61.775824, 0.000000, -1.#QNAN0
280.126741, -62.073147, 0.000000, -1.#QNAN0
280.112066, -62.142841, 0.000000, -1.#QNAN0
280.085775, -62.210090, 0.000000, -1.#QNAN0
280.059485, -62.277340, 1.000000, -1.#QNAN0
279.996367, -62.577107, 1.000000, -1.#QNAN0
279.970076, -62.644356, 1.000000, -1.#QNAN0
279.955401, -62.714051, 1.000000, -1.#QNAN0
279.892283, -63.013819, 1.000000, -1.#QNAN0
279.877608, -63.083514, 1.000000, -1.#QNAN0
279.851317, -63.150763, 1.000000, -1.#QNAN0
279.836643, -63.220458, 1.000000, -1.#QNAN0
279.773524, -63.520226, 1.000000, -1.#QNAN0
279.758849, -63.589921, 1.000000, -1.#QNAN0
279.744175, -63.659615, 1.000000, -1.#QNAN0
279.681056, -63.959383, 1.000000, -1.#QNAN0
279.654766, -64.026632, 1.000000, -1.#QNAN0
279.640091, -64.096327, 1.000000, -1.#QNAN0
279.625416, -64.166022, 1.000000, -1.#QNAN0
279.549245, -64.470167, 1.000000, -1.#QNAN0
279.534571, -64.539861, 1.000000, -1.#QNAN0
279.519896, -64.609556, 1.000000, -1.#QNAN0
279.444912, -64.908065, 1.000000, -1.#QNAN0
279.430237, -64.977760, 1.000000, -1.#QNAN0
279.415562, -65.047454, 1.000000, -1.#QNAN0
279.341765, -65.340328, 1.000000, -1.#QNAN0
279.327090, -65.410023, 1.000000, -1.#QNAN0
279.312415, -65.479718, 1.000000, -1.#QNAN0
279.286125, -65.546967, 1.000000, -1.#QNAN0
279.225129, -65.836653, 1.000000, -1.#QNAN0
279.210454, -65.906348, 0.000000, -1.#QNAN0
279.195779, -65.976043, 0.000000, -1.#QNAN0
279.133523, -66.271716, 0.000000, -1.#QNAN0
279.107232, -66.338965, 0.000000, -1.#QNAN0
279.092558, -66.408660, 0.000000, -1.#QNAN0
279.031486, -66.698706, 0.000000, -1.#QNAN0
279.016812, -66.768400, 0.000000, -1.#QNAN0
279.002137, -66.838095, 0.000000, -1.#QNAN0
278.942250, -67.122516, 0.000000, -1.#QNAN0
278.915959, -67.189765, 0.000000, -1.#QNAN0
278.901285, -67.259460, 0.000000, -1.#QNAN0
278.841575, -67.543037, 0.000000, -1.#QNAN0
278.826900, -67.612732, 0.000000, -1.#QNAN0
278.812226, -67.682427, 0.000000, -1.#QNAN0
278.752516, -67.966004, 0.000000, -1.#QNAN0
278.726226, -68.033253, 0.000000, -1.#QNAN0
278.711551, -68.102947, 0.000000, -1.#QNAN0
276.989353, -67.813110, 0.000000, -1.#QNAN0
278.625551, -68.453773, 1.000000, -1.#QNAN0
278.610876, -68.523468, 1.000000, -1.#QNAN0
278.584586, -68.590717, 1.000000, -1.#QNAN0
278.524885, -68.874244, 1.000000, -1.#QNAN0
278.510208, -68.943939, 1.000000, -1.#QNAN0
278.483915, -69.011187, 1.000000, -1.#QNAN0
278.424910, -69.290937, 1.000000, -1.#QNAN0
278.398438, -69.358115, 1.000000, -1.#QNAN0
278.383575, -69.427770, 1.000000, -1.#QNAN0
278.324002, -69.706635, 1.000000, -1.#QNAN0
278.297319, -69.773729, 1.000000, -1.#QNAN0
278.282236, -69.843337, 1.000000, -1.#QNAN0
278.210282, -70.119217, 1.000000, -1.#QNAN0
278.183378, -70.186223, 1.000000, -1.#QNAN0
278.168066, -70.255781, 1.000000, -1.#QNAN0
278.106894, -70.533713, 1.000000, -1.#QNAN0
278.091342, -70.603217, 1.000000, -1.#QNAN0
278.064206, -70.670129, 1.000000, -1.#QNAN0
278.037069, -70.737042, 1.000000, -1.#QNAN0
277.974802, -71.014383, 1.000000, -1.#QNAN0
277.947424, -71.081196, 1.000000, -1.#QNAN0
277.931620, -71.150644, 1.000000, -1.#QNAN0
277.856889, -71.424777, 1.000000, -1.#QNAN0
277.840821, -71.494164, 1.000000, -1.#QNAN0
277.813189, -71.560873, 1.000000, -1.#QNAN0
277.748659, -71.839146, 1.000000, -1.#QNAN0
277.732408, -71.908491, 1.000000, -1.#QNAN0
276.040337, -71.585105, 0.000000, -1.#QNAN0
277.650120, -72.259594, 0.000000, -1.#QNAN0
277.633852, -72.328934, 0.000000, -1.#QNAN0
277.606026, -72.395562, 0.000000, -1.#QNAN0
277.539832, -72.677696, 0.000000, -1.#QNAN0
277.523563, -72.747036, 0.000000, -1.#QNAN0
277.507294, -72.816376, 0.000000, -1.#QNAN0
277.429543, -73.095799, 0.000000, -1.#QNAN0
277.413274, -73.165139, 0.000000, -1.#QNAN0
277.397006, -73.234479, 0.000000, -1.#QNAN0
277.380737, -73.303819, 0.000000, -1.#QNAN0
277.314543, -73.585952, 0.000000, -1.#QNAN0
277.286717, -73.652581, 0.000000, -1.#QNAN0
277.270449, -73.721921, 0.000000, -1.#QNAN0
277.204254, -74.004055, 0.000000, -1.#QNAN0
277.187985, -74.073395, 0.000000, -1.#QNAN0
277.160160, -74.140024, 0.000000, -1.#QNAN0
277.093965, -74.422157, 0.000000, -1.#QNAN0
275.482874, -74.117318, 0.000000, -1.#QNAN0
277.072985, -74.563549, 1.000000, -1.#QNAN0
277.018347, -74.848394, 1.000000, -1.#QNAN0
276.990522, -74.915023, 1.000000, -1.#QNAN0
276.974253, -74.984363, 1.000000, -1.#QNAN0
276.919615, -75.269208, 1.000000, -1.#QNAN0
276.903346, -75.338548, 1.000000, -1.#QNAN0
276.887078, -75.407888, 1.000000, -1.#QNAN0
276.820883, -75.690022, 1.000000, -1.#QNAN0
276.793058, -75.756651, 1.000000, -1.#QNAN0
276.776789, -75.825991, 1.000000, -1.#QNAN0
276.760520, -75.895331, 1.000000, -1.#QNAN0
276.694326, -76.177464, 1.000000, -1.#QNAN0
276.678057, -76.246804, 1.000000, -1.#QNAN0
276.650232, -76.313433, 1.000000, -1.#QNAN0
276.584037, -76.595567, 1.000000, -1.#QNAN0
276.556212, -76.662196, 1.000000, -1.#QNAN0
276.539943, -76.731536, 1.000000, -1.#QNAN0
276.473749, -77.013669, 1.000000, -1.#QNAN0
276.457480, -77.083009, 1.000000, -1.#QNAN0
276.441211, -77.152350, 1.000000, -1.#QNAN0
276.364781, -77.426142, 1.000000, -1.#QNAN0
276.348512, -77.495482, 1.000000, -1.#QNAN0
276.320687, -77.562111, 1.000000, -1.#QNAN0
276.254602, -77.843779, 1.000000, -1.#QNAN0
276.226776, -77.910407, 1.000000, -1.#QNAN0
274.534788, -77.586588, 0.000000, -1.#QNAN0
276.111251, -78.246891, 0.000000, -1.#QNAN0
276.094983, -78.316231, 0.000000, -1.#QNAN0
276.078714, -78.385572, 0.000000, -1.#QNAN0
276.015626, -78.654465, 0.000000, -1.#QNAN0
275.999357, -78.723805, 0.000000, -1.#QNAN0
275.983089, -78.793145, 0.000000, -1.#QNAN0
275.921498, -79.055658, 0.000000, -1.#QNAN0
275.905229, -79.124998, 0.000000, -1.#QNAN0
275.888960, -79.194338, 0.000000, -1.#QNAN0
275.826154, -79.462031, 0.000000, -1.#QNAN0
275.809885, -79.531371, 0.000000, -1.#QNAN0
275.793616, -79.600711, 0.000000, -1.#QNAN0
275.732305, -79.862033, 0.000000, -1.#QNAN0
275.716036, -79.931373, 0.000000, -1.#QNAN0
275.699767, -80.000713, 0.000000, -1.#QNAN0
275.638635, -80.261272, 0.000000, -1.#QNAN0
275.622366, -80.330612, 0.000000, -1.#QNAN0
275.549634, -80.588643, 1.000000, -1.#QNAN0
275.533373, -80.657985, 1.000000, -1.#QNAN0
275.517112, -80.727327, 1.000000, -1.#QNAN0
275.455524, -80.990028, 1.000000, -1.#QNAN0
275.439352, -81.059391, 1.000000, -1.#QNAN0
275.423180, -81.128754, 1.000000, -1.#QNAN0
275.373354, -81.394929, 1.000000, -1.#QNAN0
275.357300, -81.464319, 1.000000, -1.#QNAN0
275.341247, -81.533710, 1.000000, -1.#QNAN0
275.280326, -81.797321, 1.000000, -1.#QNAN0
275.264392, -81.866738, 1.000000, -1.#QNAN0
275.260028, -81.938812, 1.000000, -1.#QNAN0
275.188008, -82.199899, 1.000000, -1.#QNAN0
275.172194, -82.269345, 1.000000, -1.#QNAN0
275.156381, -82.338790, 1.000000, -1.#QNAN0
275.096404, -82.602665, 1.000000, -1.#QNAN0
275.080712, -82.672138, 1.000000, -1.#QNAN0
275.021091, -82.936118, 1.000000, -1.#QNAN0
275.005522, -83.005619, 1.000000, -1.#QNAN0
274.989953, -83.075119, 1.000000, -1.#QNAN0
274.930885, -83.338896, 1.000000, -1.#QNAN0
274.915426, -83.408421, 1.000000, -1.#QNAN0
274.899967, -83.477946, 1.000000, -1.#QNAN0
274.841738, -83.739861, 0.000000, -1.#QNAN0
274.826306, -83.809392, 0.000000, -1.#QNAN0
274.810874, -83.878923, 0.000000, -1.#QNAN0
274.741299, -84.137627, 0.000000, -1.#QNAN0
274.725867, -84.207158, 0.000000, -1.#QNAN0
274.710435, -84.276690, 0.000000, -1.#QNAN0
274.652448, -84.537965, 0.000000, -1.#QNAN0
274.637016, -84.607497, 0.000000, -1.#QNAN0
274.609996, -84.674456, 0.000000, -1.#QNAN0
274.552009, -84.935732, 0.000000, -1.#QNAN0
274.536577, -85.005263, 0.000000, -1.#QNAN0
274.478590, -85.266539, 0.000000, -1.#QNAN0
274.463158, -85.336070, 0.000000, -1.#QNAN0
274.447726, -85.405602, 0.000000, -1.#QNAN0
274.378150, -85.664305, 0.000000, -1.#QNAN0
274.362719, -85.733837, 0.000000, -1.#QNAN0
272.724893, -85.443295, 0.000000, -1.#QNAN0
274.312477, -86.069788, 1.000000, -1.#QNAN0
274.297045, -86.139319, 1.000000, -1.#QNAN0
274.270025, -86.206278, 1.000000, -1.#QNAN0
274.212037, -86.467554, 1.000000, -1.#QNAN0
274.196606, -86.537085, 1.000000, -1.#QNAN0
274.181174, -86.606617, 1.000000, -1.#QNAN0
274.123187, -86.867892, 1.000000, -1.#QNAN0
274.107755, -86.937424, 1.000000, -1.#QNAN0
274.092323, -87.006955, 1.000000, -1.#QNAN0
274.034336, -87.268231, 1.000000, -1.#QNAN0
274.018904, -87.337762, 1.000000, -1.#QNAN0
273.972505, -87.601610, 1.000000, -1.#QNAN0
273.957074, -87.671141, 1.000000, -1.#QNAN0
273.941642, -87.740672, 1.000000, -1.#QNAN0
273.883655, -88.001948, 1.000000, -1.#QNAN0
273.868223, -88.071479, 1.000000, -1.#QNAN0
273.852791, -88.141011, 1.000000, -1.#QNAN0
273.806392, -88.404859, 1.000000, -1.#QNAN0
273.790961, -88.474390, 1.000000, -1.#QNAN0
273.775529, -88.543921, 1.000000, -1.#QNAN0
273.717542, -88.805197, 1.000000, -1.#QNAN0
273.702110, -88.874728, 1.000000, -1.#QNAN0
273.686678, -88.944259, 1.000000, -1.#QNAN0
273.605678, -89.199650, 1.000000, -1.#QNAN0
273.590247, -89.269181, 0.000000, -1.#QNAN0
273.574815, -89.338713, 0.000000, -1.#QNAN0
273.528806, -89.600806, 0.000000, -1.#QNAN0
273.513374, -89.670337, 0.000000, -1.#QNAN0
273.456001, -89.928844, 0.000000, -1.#QNAN0
273.440569, -89.998375, 0.000000, -1.#QNAN0
273.436726, -90.070478, 0.000000, -1.#QNAN0
273.379578, -90.327974, 0.000000, -1.#QNAN0
273.364146, -90.397505, 0.000000, -1.#QNAN0
273.348715, -90.467036, 0.000000, -1.#QNAN0
273.303379, -90.726094, 0.000000, -1.#QNAN0
273.287947, -90.795625, 0.000000, -1.#QNAN0
273.272516, -90.865156, 0.000000, -1.#QNAN0
273.215816, -91.120631, 0.000000, -1.#QNAN0
273.211973, -91.192734, 0.000000, -1.#QNAN0
271.527793, -90.891905, 0.000000, -1.#QNAN0
273.140065, -91.516732, 1.000000, -1.#QNAN0
273.124633, -91.586263, 1.000000, -1.#QNAN0
273.097613, -91.653222, 1.000000, -1.#QNAN0
273.041197, -91.907417, 1.000000, -1.#QNAN0
273.025765, -91.976949, 1.000000, -1.#QNAN0
272.969350, -92.231143, 1.000000, -1.#QNAN0
272.965507, -92.303246, 1.000000, -1.#QNAN0
272.950075, -92.372778, 1.000000, -1.#QNAN0
272.893992, -92.625424, 1.000000, -1.#QNAN0
272.878495, -92.694941, 1.000000, -1.#QNAN0
272.862997, -92.764457, 1.000000, -1.#QNAN0
272.808179, -93.009883, 1.000000, -1.#QNAN0
272.803884, -93.081960, 1.000000, -1.#QNAN0
272.788017, -93.151393, 1.000000, -1.#QNAN0
272.733224, -93.389993, 1.000000, -1.#QNAN0
272.716707, -93.459274, 1.000000, -1.#QNAN0
272.700190, -93.528556, 1.000000, -1.#QNAN0
272.643215, -93.765879, 1.000000, -1.#QNAN0
272.637539, -93.837861, 1.000000, -1.#QNAN0
272.620343, -93.906977, 1.000000, -1.#QNAN0
272.561070, -94.143052, 1.000000, -1.#QNAN0
272.531675, -94.209003, 1.000000, -1.#QNAN0
270.809638, -93.993027, 0.000000, -1.#QNAN0
272.429254, -94.506214, 0.000000, -1.#QNAN0
272.410606, -94.574952, 0.000000, -1.#QNAN0
272.358821, -94.811066, 0.000000, -1.#QNAN0
272.339397, -94.879589, 0.000000, -1.#QNAN0
272.319972, -94.948112, 0.000000, -1.#QNAN0
272.253298, -95.182752, 0.000000, -1.#QNAN0
272.233201, -95.251081, 0.000000, -1.#QNAN0
272.213104, -95.319409, 0.000000, -1.#QNAN0
272.151741, -95.569907, 0.000000, -1.#QNAN0
272.131531, -95.638202, 0.000000, -1.#QNAN0
272.111321, -95.706498, 0.000000, -1.#QNAN0
272.037437, -95.956175, 0.000000, -1.#QNAN0
272.017227, -96.024470, 0.000000, -1.#QNAN0
271.997017, -96.092766, 0.000000, -1.#QNAN0
271.934516, -96.345812, 0.000000, -1.#QNAN0
271.914306, -96.414107, 0.000000, -1.#QNAN0
271.840422, -96.663784, 0.000000, -1.#QNAN0
271.820212, -96.732080, 1.000000, -1.#QNAN0
271.788619, -96.797007, 1.000000, -1.#QNAN0
271.714735, -97.046684, 1.000000, -1.#QNAN0
271.683143, -97.111611, 1.000000, -1.#QNAN0
271.662933, -97.179907, 1.000000, -1.#QNAN0
271.577666, -97.426216, 1.000000, -1.#QNAN0
271.557456, -97.494512, 1.000000, -1.#QNAN0
271.537246, -97.562807, 1.000000, -1.#QNAN0
271.463362, -97.812484, 1.000000, -1.#QNAN0
271.443152, -97.880780, 1.000000, -1.#QNAN0
271.411559, -97.945707, 1.000000, -1.#QNAN0
271.337675, -98.195384, 1.000000, -1.#QNAN0
271.317465, -98.263680, 1.000000, -1.#QNAN0
271.297255, -98.331975, 1.000000, -1.#QNAN0
271.234754, -98.585021, 1.000000, -1.#QNAN0
271.214544, -98.653316, 1.000000, -1.#QNAN0
271.140660, -98.902993, 1.000000, -1.#QNAN0
271.120450, -98.971289, 1.000000, -1.#QNAN0
271.088857, -99.036216, 1.000000, -1.#QNAN0
271.014973, -99.285893, 1.000000, -1.#QNAN0
270.994763, -99.354189, 1.000000, -1.#QNAN0
270.974553, -99.422484, 1.000000, -1.#QNAN0
270.889286, -99.668793, 1.000000, -1.#QNAN0
270.869077, -99.737089, 1.000000, -1.#QNAN0
270.837484, -99.802016, 1.000000, -1.#QNAN0
269.124507, -99.566655, 0.000000, -1.#QNAN0
270.743390, -100.119989, 0.000000, -1.#QNAN0
270.723180, -100.188284, 0.000000, -1.#QNAN0
270.649296, -100.437961, 0.000000, -1.#QNAN0
270.629086, -100.506257, 0.000000, -1.#QNAN0
270.597493, -100.571184, 0.000000, -1.#QNAN0
270.523998, -100.819546, 0.000000, -1.#QNAN0
270.503788, -100.887842, 0.000000, -1.#QNAN0
270.428612, -101.141886, 0.000000, -1.#QNAN0
270.408402, -101.210182, 0.000000, -1.#QNAN0
270.388192, -101.278477, 0.000000, -1.#QNAN0
270.314693, -101.526853, 0.000000, -1.#QNAN0
270.294483, -101.595148, 0.000000, -1.#QNAN0
270.262891, -101.660076, 0.000000, -1.#QNAN0
270.191059, -101.902815, 0.000000, -1.#QNAN0
270.170850, -101.971111, 0.000000, -1.#QNAN0
270.100676, -102.208248, 0.000000, -1.#QNAN0
270.080466, -102.276543, 1.000000, -1.#QNAN0
270.060256, -102.344839, 1.000000, -1.#QNAN0
269.988362, -102.587793, 1.000000, -1.#QNAN0
269.968152, -102.656088, 1.000000, -1.#QNAN0
269.896208, -102.899393, 1.000000, -1.#QNAN0
269.876237, -102.967759, 1.000000, -1.#QNAN0
269.844873, -103.032797, 1.000000, -1.#QNAN0
269.783864, -103.285918, 1.000000, -1.#QNAN0
269.764556, -103.354474, 1.000000, -1.#QNAN0
269.693926, -103.606059, 1.000000, -1.#QNAN0
269.675331, -103.674811, 1.000000, -1.#QNAN0
269.656736, -103.743564, 1.000000, -1.#QNAN0
269.589183, -103.995523, 1.000000, -1.#QNAN0
269.571285, -104.064460, 1.000000, -1.#QNAN0
269.506041, -104.316570, 1.000000, -1.#QNAN0
269.500343, -104.388550, 1.000000, -1.#QNAN0
269.483127, -104.457661, 1.000000, -1.#QNAN0
269.420833, -104.709950, 1.000000, -1.#QNAN0
269.404283, -104.779224, 1.000000, -1.#QNAN0
269.355748, -105.034261, 1.000000, -1.#QNAN0
269.339849, -105.103687, 1.000000, -1.#QNAN0
269.335520, -105.175763, 1.000000, -1.#QNAN0
267.552296, -105.041011, 0.000000, -1.#QNAN0
269.275159, -105.496275, 0.000000, -1.#QNAN0
269.210144, -105.734599, 0.000000, -1.#QNAN0
269.194860, -105.804162, 0.000000, -1.#QNAN0
269.167981, -105.871179, 0.000000, -1.#QNAN0
269.115792, -106.108704, 0.000000, -1.#QNAN0
269.100508, -106.178268, 0.000000, -1.#QNAN0
269.036725, -106.413245, 0.000000, -1.#QNAN0
269.021441, -106.482809, 0.000000, -1.#QNAN0
269.006156, -106.552373, 0.000000, -1.#QNAN0
268.942373, -106.787350, 0.000000, -1.#QNAN0
268.927089, -106.856914, 0.000000, -1.#QNAN0
268.863306, -107.091892, 0.000000, -1.#QNAN0
268.848021, -107.161455, 0.000000, -1.#QNAN0
268.832737, -107.231019, 0.000000, -1.#QNAN0
268.768954, -107.465997, 0.000000, -1.#QNAN0
268.753669, -107.535560, 1.000000, -1.#QNAN0
268.713074, -107.775633, 1.000000, -1.#QNAN0
268.697790, -107.845197, 1.000000, -1.#QNAN0
268.682505, -107.914760, 1.000000, -1.#QNAN0
268.618722, -108.149738, 1.000000, -1.#QNAN0
268.603438, -108.219302, 1.000000, -1.#QNAN0
268.551249, -108.456827, 1.000000, -1.#QNAN0
268.535964, -108.526391, 1.000000, -1.#QNAN0
268.509086, -108.593407, 1.000000, -1.#QNAN0
268.456897, -108.830932, 1.000000, -1.#QNAN0
268.441613, -108.900496, 1.000000, -1.#QNAN0
268.389424, -109.138021, 1.000000, -1.#QNAN0
268.374139, -109.207585, 1.000000, -1.#QNAN0
268.358855, -109.277148, 1.000000, -1.#QNAN0
268.306666, -109.514673, 1.000000, -1.#QNAN0
268.291381, -109.584237, 1.000000, -1.#QNAN0
268.239192, -109.821762, 1.000000, -1.#QNAN0
268.223908, -109.891326, 1.000000, -1.#QNAN0
268.208623, -109.960889, 1.000000, -1.#QNAN0
268.156434, -110.198415, 1.000000, -1.#QNAN0
268.141150, -110.267978, 1.000000, -1.#QNAN0
268.088961, -110.505503, 1.000000, -1.#QNAN0
268.085270, -110.577615, 1.000000, -1.#QNAN0
268.069986, -110.647178, 1.000000, -1.#QNAN0
268.029391, -110.887251, 0.000000, -1.#QNAN0
268.014106, -110.956814, 0.000000, -1.#QNAN0
267.961679, -111.195424, 0.000000, -1.#QNAN0
267.946394, -111.264988, 0.000000, -1.#QNAN0
267.931110, -111.334552, 0.000000, -1.#QNAN0
267.878049, -111.576043, 0.000000, -1.#QNAN0
267.862765, -111.645607, 0.000000, -1.#QNAN0
267.809063, -111.890019, 0.000000, -1.#QNAN0
267.793778, -111.959582, 0.000000, -1.#QNAN0
267.778494, -112.029146, 0.000000, -1.#QNAN0
267.724142, -112.276516, 0.000000, -1.#QNAN0
267.708857, -112.346080, 0.000000, -1.#QNAN0
267.656395, -112.584851, 0.000000, -1.#QNAN0
267.641110, -112.654414, 0.000000, -1.#QNAN0
267.625826, -112.723978, 0.000000, -1.#QNAN0
267.572697, -112.965779, 0.000000, -1.#QNAN0
267.545819, -113.032795, 1.000000, -1.#QNAN0
267.530534, -113.102359, 1.000000, -1.#QNAN0
267.465138, -113.344679, 1.000000, -1.#QNAN0
267.449854, -113.414242, 1.000000, -1.#QNAN0
267.384036, -113.658479, 1.000000, -1.#QNAN0
267.368752, -113.728043, 1.000000, -1.#QNAN0
267.353467, -113.797607, 1.000000, -1.#QNAN0
267.302160, -114.030503, 1.000000, -1.#QNAN0
267.286326, -114.099944, 1.000000, -1.#QNAN0
267.270491, -114.169384, 1.000000, -1.#QNAN0
267.221323, -114.382401, 1.000000, -1.#QNAN0
267.204172, -114.451528, 1.000000, -1.#QNAN0
267.153967, -114.655946, 1.000000, -1.#QNAN0
267.135196, -114.724650, 1.000000, -1.#QNAN0
267.116424, -114.793355, 1.000000, -1.#QNAN0
267.061728, -114.993438, 1.000000, -1.#QNAN0
267.041229, -115.061648, 1.000000, -1.#QNAN0
267.020731, -115.129857, 1.000000, -1.#QNAN0
266.961375, -115.325179, 1.000000, -1.#QNAN0
266.939039, -115.392809, 1.000000, -1.#QNAN0
266.876824, -115.583588, 1.000000, -1.#QNAN0
266.852535, -115.650542, 1.000000, -1.#QNAN0
266.839406, -115.721544, 1.000000, -1.#QNAN0
266.772865, -115.905425, 1.000000, -1.#QNAN0
265.159069, -115.337427, 0.000000, -1.#QNAN0
266.720020, -116.037707, 0.000000, -1.#QNAN0
266.631777, -116.257655, 0.000000, -1.#QNAN0
266.615758, -116.328061, 0.000000, -1.#QNAN0
266.519960, -116.561866, 0.000000, -1.#QNAN0
266.492956, -116.627772, 0.000000, -1.#QNAN0
266.465952, -116.693677, 0.000000, -1.#QNAN0
266.370154, -116.927483, 0.000000, -1.#QNAN0
266.343151, -116.993388, 0.000000, -1.#QNAN0
266.327131, -117.063794, 0.000000, -1.#QNAN0
266.231333, -117.297600, 0.000000, -1.#QNAN0
266.204329, -117.363505, 0.000000, -1.#QNAN0
266.108531, -117.597311, 0.000000, -1.#QNAN0
266.081528, -117.663217, 0.000000, -1.#QNAN0
266.054524, -117.729122, 0.000000, -1.#QNAN0
265.958726, -117.962928, 0.000000, -1.#QNAN0
265.942707, -118.033334, 0.000000, -1.#QNAN0
265.915703, -118.099239, 0.000000, -1.#QNAN0
264.205223, -117.671455, 0.000000, -1.#QNAN0
265.781917, -118.394450, 1.000000, -1.#QNAN0
265.675135, -118.623755, 1.000000, -1.#QNAN0
265.648131, -118.689660, 1.000000, -1.#QNAN0
265.610143, -118.751065, 1.000000, -1.#QNAN0
265.514345, -118.984871, 1.000000, -1.#QNAN0
265.487341, -119.050776, 1.000000, -1.#QNAN0
265.460338, -119.116681, 1.000000, -1.#QNAN0
265.364539, -119.350487, 1.000000, -1.#QNAN0
265.337536, -119.416393, 1.000000, -1.#QNAN0
265.241738, -119.650198, 1.000000, -1.#QNAN0
265.214734, -119.716104, 1.000000, -1.#QNAN0
265.187730, -119.782009, 1.000000, -1.#QNAN0
265.091932, -120.015815, 1.000000, -1.#QNAN0
265.064929, -120.081720, 1.000000, -1.#QNAN0
265.048909, -120.152126, 1.000000, -1.#QNAN0
264.953111, -120.385932, 1.000000, -1.#QNAN0
264.926107, -120.451838, 1.000000, -1.#QNAN0
264.830309, -120.685643, 1.000000, -1.#QNAN0
264.803306, -120.751549, 1.000000, -1.#QNAN0
264.776302, -120.817454, 1.000000, -1.#QNAN0
264.680504, -121.051260, 1.000000, -1.#QNAN0
264.653500, -121.117165, 1.000000, -1.#QNAN0
264.626497, -121.183071, 1.000000, -1.#QNAN0
264.530698, -121.416877, 1.000000, -1.#QNAN0
262.987871, -120.861698, 0.000000, -1.#QNAN0
264.410141, -121.711111, 0.000000, -1.#QNAN0
264.383137, -121.777016, 0.000000, -1.#QNAN0
264.356133, -121.842922, 0.000000, -1.#QNAN0
264.261276, -122.074431, 0.000000, -1.#QNAN0
264.245257, -122.144837, 0.000000, -1.#QNAN0
264.153528, -122.368712, 0.000000, -1.#QNAN0
264.126524, -122.434617, 0.000000, -1.#QNAN0
264.099520, -122.500523, 0.000000, -1.#QNAN0
264.007640, -122.725306, 0.000000, -1.#QNAN0
263.980973, -122.791348, 0.000000, -1.#QNAN0
263.880727, -123.040902, 0.000000, -1.#QNAN0
263.855230, -123.107405, 0.000000, -1.#QNAN0
263.840818, -123.178158, 0.000000, -1.#QNAN0
263.749135, -123.420736, 0.000000, -1.#QNAN0
263.724750, -123.487655, 0.000000, -1.#QNAN0
263.639946, -123.722583, 0.000000, -1.#QNAN0
263.616595, -123.789870, 1.000000, -1.#QNAN0
263.536336, -124.022206, 1.000000, -1.#QNAN0
263.502688, -124.086092, 1.000000, -1.#QNAN0
263.480309, -124.153708, 1.000000, -1.#QNAN0
263.393106, -124.382473, 1.000000, -1.#QNAN0
263.371643, -124.450386, 1.000000, -1.#QNAN0
263.298108, -124.685396, 1.000000, -1.#QNAN0
263.277630, -124.753612, 1.000000, -1.#QNAN0
263.208214, -124.985823, 1.000000, -1.#QNAN0
263.188575, -125.054285, 1.000000, -1.#QNAN0
263.180346, -125.126020, 1.000000, -1.#QNAN0
263.118585, -125.341799, 1.000000, -1.#QNAN0
263.099094, -125.410303, 1.000000, -1.#QNAN0
263.038635, -125.622809, 1.000000, -1.#QNAN0
263.019155, -125.691316, 1.000000, -1.#QNAN0
262.970218, -125.906810, 1.000000, -1.#QNAN0
262.950737, -125.975317, 1.000000, -1.#QNAN0
262.931257, -126.043824, 1.000000, -1.#QNAN0
262.870902, -126.256072, 1.000000, -1.#QNAN0
262.851421, -126.324579, 1.000000, -1.#QNAN0
262.791067, -126.536827, 1.000000, -1.#QNAN0
262.783004, -126.608581, 1.000000, -1.#QNAN0
262.745485, -126.827322, 1.000000, -1.#QNAN0
262.726005, -126.895829, 0.000000, -1.#QNAN0
262.706524, -126.964336, 0.000000, -1.#QNAN0
262.646169, -127.176584, 0.000000, -1.#QNAN0
262.626689, -127.245091, 0.000000, -1.#QNAN0
262.566334, -127.457339, 0.000000, -1.#QNAN0
262.546853, -127.525846, 0.000000, -1.#QNAN0
262.486499, -127.738093, 0.000000, -1.#QNAN0
262.467018, -127.806600, 0.000000, -1.#QNAN0
262.436120, -127.871861, 0.000000, -1.#QNAN0
262.375765, -128.084109, 0.000000, -1.#QNAN0
262.356284, -128.152616, 0.000000, -1.#QNAN0
262.295930, -128.364863, 0.000000, -1.#QNAN0
262.276449, -128.433370, 0.000000, -1.#QNAN0
262.216094, -128.645618, 0.000000, -1.#QNAN0
262.196614, -128.714125, 0.000000, -1.#QNAN0
262.177133, -128.782632, 0.000000, -1.#QNAN0
262.116778, -128.994880, 0.000000, -1.#QNAN0
262.085880, -129.060140, 1.000000, -1.#QNAN0
261.991272, -129.262648, 1.000000, -1.#QNAN0
261.960373, -129.327908, 1.000000, -1.#QNAN0
261.888601, -129.536909, 1.000000, -1.#QNAN0
261.869120, -129.605416, 1.000000, -1.#QNAN0
261.849640, -129.673923, 1.000000, -1.#QNAN0
261.789285, -129.886171, 1.000000, -1.#QNAN0
261.769804, -129.954678, 1.000000, -1.#QNAN0
261.698032, -130.163679, 1.000000, -1.#QNAN0
261.678551, -130.232186, 1.000000, -1.#QNAN0
261.629614, -130.447680, 1.000000, -1.#QNAN0
261.610134, -130.516187, 1.000000, -1.#QNAN0
261.590653, -130.584694, 1.000000, -1.#QNAN0
261.530298, -130.796942, 1.000000, -1.#QNAN0
261.510818, -130.865449, 1.000000, -1.#QNAN0
261.448621, -131.084176, 1.000000, -1.#QNAN0
261.440558, -131.155930, 1.000000, -1.#QNAN0
261.376414, -131.381502, 1.000000, -1.#QNAN0
261.368352, -131.453256, 1.000000, -1.#QNAN0
261.348871, -131.521763, 1.000000, -1.#QNAN0
261.282755, -131.754273, 1.000000, -1.#QNAN0
261.263274, -131.822780, 1.000000, -1.#QNAN0
261.198408, -132.050894, 1.000000, -1.#QNAN0
261.167509, -132.116154, 1.000000, -1.#QNAN0
261.148029, -132.184661, 0.000000, -1.#QNAN0
261.081142, -132.419878, 0.000000, -1.#QNAN0
261.061662, -132.488385, 0.000000, -1.#QNAN0
260.992734, -132.730781, 0.000000, -1.#QNAN0
260.973254, -132.799288, 0.000000, -1.#QNAN0
260.953773, -132.867795, 0.000000, -1.#QNAN0
260.886031, -133.106022, 0.000000, -1.#QNAN0
260.866550, -133.174529, 0.000000, -1.#QNAN0
260.798976, -133.412167, 0.000000, -1.#QNAN0
260.779460, -133.480664, 0.000000, -1.#QNAN0
260.748528, -133.545908, 0.000000, -1.#QNAN0
260.681013, -133.782797, 0.000000, -1.#QNAN0
260.661434, -133.851276, 0.000000, -1.#QNAN0
260.641855, -133.919755, 0.000000, -1.#QNAN0
260.574146, -134.156398, 0.000000, -1.#QNAN0
260.554497, -134.224857, 0.000000, -1.#QNAN0
260.486615, -134.461365, 0.000000, -1.#QNAN0
260.466893, -134.529803, 0.000000, -1.#QNAN0
260.447171, -134.598240, 0.000000, -1.#QNAN0
260.379038, -134.834572, 1.000000, -1.#QNAN0
260.359239, -134.902988, 1.000000, -1.#QNAN0
260.339440, -134.971404, 1.000000, -1.#QNAN0
260.271074, -135.207427, 1.000000, -1.#QNAN0
260.239791, -135.272503, 1.000000, -1.#QNAN0
260.171116, -135.508698, 1.000000, -1.#QNAN0
260.151155, -135.577067, 1.000000, -1.#QNAN0
260.131194, -135.645436, 1.000000, -1.#QNAN0
260.061853, -135.882912, 1.000000, -1.#QNAN0
260.041870, -135.951274, 1.000000, -1.#QNAN0
260.021887, -136.019637, 1.000000, -1.#QNAN0
259.940919, -136.254320, 1.000000, -1.#QNAN0
259.920936, -136.322683, 1.000000, -1.#QNAN0
259.851362, -136.560697, 1.000000, -1.#QNAN0
259.831379, -136.629059, 1.000000, -1.#QNAN0
259.822790, -136.700752, 1.000000, -1.#QNAN0
259.753216, -136.938766, 1.000000, -1.#QNAN0
259.721839, -137.003798, 1.000000, -1.#QNAN0
259.701856, -137.072160, 1.000000, -1.#QNAN0
259.620889, -137.306844, 1.000000, -1.#QNAN0
259.600906, -137.375206, 1.000000, -1.#QNAN0
259.531332, -137.613220, 1.000000, -1.#QNAN0
259.511349, -137.681582, 1.000000, -1.#QNAN0
259.491366, -137.749944, 1.000000, -1.#QNAN0
259.421792, -137.987959, 1.000000, -1.#QNAN0
259.401809, -138.056321, 1.000000, -1.#QNAN0
259.381826, -138.124683, 1.000000, -1.#QNAN0
259.312252, -138.362697, 1.000000, -1.#QNAN0
259.292269, -138.431060, 1.000000, -1.#QNAN0
257.650363, -138.209465, 0.000000, -1.#QNAN0
259.191318, -138.734106, 0.000000, -1.#QNAN0
259.171335, -138.802468, 0.000000, -1.#QNAN0
259.101761, -139.040482, 0.000000, -1.#QNAN0
259.081778, -139.108845, 0.000000, -1.#QNAN0
259.061796, -139.177207, 0.000000, -1.#QNAN0
259.003615, -139.418551, 0.000000, -1.#QNAN0
258.983632, -139.486914, 0.000000, -1.#QNAN0
258.914058, -139.724928, 0.000000, -1.#QNAN0
258.894075, -139.793290, 0.000000, -1.#QNAN0
258.874093, -139.861652, 0.000000, -1.#QNAN0
258.804519, -140.099667, 0.000000, -1.#QNAN0
258.784536, -140.168029, 0.000000, -1.#QNAN0
258.764553, -140.236391, 0.000000, -1.#QNAN0
258.694979, -140.474405, 0.000000, -1.#QNAN0
258.674996, -140.542767, 0.000000, -1.#QNAN0
258.616816, -140.784112, 0.000000, -1.#QNAN0
258.596833, -140.852474, 0.000000, -1.#QNAN0
258.576850, -140.920837, 0.000000, -1.#QNAN0
258.507276, -141.158851, 0.000000, -1.#QNAN0
258.487293, -141.227213, 0.000000, -1.#QNAN0
258.467310, -141.295576, 1.000000, -1.#QNAN0
258.398701, -141.530289, 1.000000, -1.#QNAN0
258.378718, -141.598651, 1.000000, -1.#QNAN0
258.308240, -141.839758, 1.000000, -1.#QNAN0
258.299650, -141.911451, 1.000000, -1.#QNAN0
258.279667, -141.979813, 1.000000, -1.#QNAN0
258.222045, -142.219250, 1.000000, -1.#QNAN0
258.213456, -142.290943, 1.000000, -1.#QNAN0
258.145407, -142.523783, 1.000000, -1.#QNAN0
258.125494, -142.592165, 1.000000, -1.#QNAN0
258.105580, -142.660548, 1.000000, -1.#QNAN0
258.048611, -142.899689, 1.000000, -1.#QNAN0
258.029083, -142.968183, 1.000000, -1.#QNAN0
257.948302, -143.208911, 1.000000, -1.#QNAN0
257.929213, -143.277528, 1.000000, -1.#QNAN0
257.874052, -143.520250, 1.000000, -1.#QNAN0
257.855415, -143.588991, 1.000000, -1.#QNAN0
257.848234, -143.660839, 1.000000, -1.#QNAN0
257.783917, -143.899434, 1.000000, -1.#QNAN0
257.777222, -143.971328, 1.000000, -1.#QNAN0
257.714298, -144.210584, 1.000000, -1.#QNAN0
257.696604, -144.279574, 1.000000, -1.#QNAN0
257.635096, -144.519583, 1.000000, -1.#QNAN0
257.606379, -144.585832, 1.000000, -1.#QNAN0
257.589180, -144.654948, 0.000000, -1.#QNAN0
257.530710, -144.890872, 0.000000, -1.#QNAN0
257.513819, -144.960063, 0.000000, -1.#QNAN0
257.457831, -145.189457, 0.000000, -1.#QNAN0
257.440975, -145.258657, 0.000000, -1.#QNAN0
257.385298, -145.487225, 0.000000, -1.#QNAN0
257.368441, -145.556425, 0.000000, -1.#QNAN0
257.351585, -145.625624, 0.000000, -1.#QNAN0
257.295907, -145.854193, 0.000000, -1.#QNAN0
257.279051, -145.923393, 0.000000, -1.#QNAN0
257.211840, -146.149152, 0.000000, -1.#QNAN0
257.194984, -146.218352, 0.000000, -1.#QNAN0
257.139306, -146.446921, 0.000000, -1.#QNAN0
257.122450, -146.516120, 0.000000, -1.#QNAN0
257.105593, -146.585320, 0.000000, -1.#QNAN0
257.049916, -146.813889, 0.000000, -1.#QNAN0
257.033059, -146.883088, 0.000000, -1.#QNAN0
256.977382, -147.111657, 0.000000, -1.#QNAN0
256.960525, -147.180857, 0.000000, -1.#QNAN0
256.904848, -147.409426, 0.000000, -1.#QNAN0
256.887992, -147.478625, 1.000000, -1.#QNAN0
256.882668, -147.550634, 1.000000, -1.#QNAN0
256.826991, -147.779203, 1.000000, -1.#QNAN0
256.810134, -147.848402, 1.000000, -1.#QNAN0
256.765990, -148.079781, 1.000000, -1.#QNAN0
256.749134, -148.148980, 1.000000, -1.#QNAN0
256.704990, -148.380359, 1.000000, -1.#QNAN0
256.699666, -148.452368, 1.000000, -1.#QNAN0
256.682810, -148.521567, 1.000000, -1.#QNAN0
256.638666, -148.752945, 1.000000, -1.#QNAN0
256.621809, -148.822145, 1.000000, -1.#QNAN0
256.577665, -149.053523, 1.000000, -1.#QNAN0
256.560809, -149.122723, 1.000000, -1.#QNAN0
256.516664, -149.354101, 1.000000, -1.#QNAN0
256.499808, -149.423301, 1.000000, -1.#QNAN0
256.482952, -149.492500, 1.000000, -1.#QNAN0
256.427274, -149.721069, 1.000000, -1.#QNAN0
256.410418, -149.790268, 1.000000, -1.#QNAN0
256.343207, -150.016028, 1.000000, -1.#QNAN0
256.326350, -150.085228, 1.000000, -1.#QNAN0
256.270673, -150.313796, 1.000000, -1.#QNAN0
256.253817, -150.382996, 1.000000, -1.#QNAN0
256.225427, -150.449386, 1.000000, -1.#QNAN0
256.169749, -150.677955, 1.000000, -1.#QNAN0
256.141360, -150.744345, 1.000000, -1.#QNAN0
254.448615, -150.571285, 0.000000, -1.#QNAN0
256.057949, -151.036611, 0.000000, -1.#QNAN0
256.003687, -151.259367, 0.000000, -1.#QNAN0
255.998364, -151.331376, 0.000000, -1.#QNAN0
255.981507, -151.400575, 0.000000, -1.#QNAN0
255.939536, -151.623033, 0.000000, -1.#QNAN0
255.922680, -151.692232, 0.000000, -1.#QNAN0
255.881505, -151.911411, 0.000000, -1.#QNAN0
255.864641, -151.980609, 0.000000, -1.#QNAN0
255.824284, -152.196335, 0.000000, -1.#QNAN0
255.807397, -152.265527, 0.000000, -1.#QNAN0
255.802041, -152.337534, 0.000000, -1.#QNAN0
255.748004, -152.558850, 0.000000, -1.#QNAN0
255.742622, -152.630855, 0.000000, -1.#QNAN0
255.689256, -152.849095, 0.000000, -1.#QNAN0
255.683848, -152.921098, 0.000000, -1.#QNAN0
255.630512, -153.138879, 0.000000, -1.#QNAN0
255.625077, -153.210880, 0.000000, -1.#QNAN0
255.560139, -153.425795, 1.000000, -1.#QNAN0
255.543148, -153.494961, 1.000000, -1.#QNAN0
255.478125, -153.709876, 1.000000, -1.#QNAN0
255.449581, -153.776200, 1.000000, -1.#QNAN0
255.384411, -153.991376, 1.000000, -1.#QNAN0
255.367380, -154.060533, 1.000000, -1.#QNAN0
255.350350, -154.129690, 1.000000, -1.#QNAN0
255.296586, -154.348011, 1.000000, -1.#QNAN0
255.268029, -154.414329, 1.000000, -1.#QNAN0
255.214265, -154.632650, 1.000000, -1.#QNAN0
255.197234, -154.701807, 1.000000, -1.#QNAN0
255.143470, -154.920128, 1.000000, -1.#QNAN0
255.126440, -154.989285, 1.000000, -1.#QNAN0
255.084202, -155.210444, 1.000000, -1.#QNAN0
255.067171, -155.279601, 1.000000, -1.#QNAN0
255.013407, -155.497922, 1.000000, -1.#QNAN0
255.007903, -155.569917, 1.000000, -1.#QNAN0
254.954139, -155.788238, 1.000000, -1.#QNAN0
254.948634, -155.860234, 1.000000, -1.#QNAN0
254.931604, -155.929391, 1.000000, -1.#QNAN0
254.889366, -156.150550, 1.000000, -1.#QNAN0
254.883861, -156.222545, 1.000000, -1.#QNAN0
254.830097, -156.440866, 1.000000, -1.#QNAN0
254.813067, -156.510023, 1.000000, -1.#QNAN0
254.759303, -156.728344, 1.000000, -1.#QNAN0
254.742272, -156.797501, 1.000000, -1.#QNAN0
254.676982, -157.012983, 0.000000, -1.#QNAN0
254.659951, -157.082140, 0.000000, -1.#QNAN0
254.617713, -157.303300, 0.000000, -1.#QNAN0
254.600683, -157.372456, 0.000000, -1.#QNAN0
254.546919, -157.590777, 0.000000, -1.#QNAN0
254.529888, -157.659934, 0.000000, -1.#QNAN0
254.512857, -157.729091, 0.000000, -1.#QNAN0
254.459094, -157.947412, 0.000000, -1.#QNAN0
254.453589, -158.019407, 0.000000, -1.#QNAN0
254.399825, -158.237728, 0.000000, -1.#QNAN0
254.382794, -158.306885, 0.000000, -1.#QNAN0
254.329030, -158.525206, 0.000000, -1.#QNAN0
254.312000, -158.594363, 0.000000, -1.#QNAN0
254.269762, -158.815522, 0.000000, -1.#QNAN0
254.252731, -158.884679, 0.000000, -1.#QNAN0
254.198967, -159.103000, 0.000000, -1.#QNAN0
254.181937, -159.172157, 0.000000, -1.#QNAN0
254.128173, -159.390478, 0.000000, -1.#QNAN0
254.122668, -159.462473, 0.000000, -1.#QNAN0
254.105638, -159.531630, 0.000000, -1.#QNAN0
254.040347, -159.747112, 1.000000, -1.#QNAN0
254.000264, -159.810592, 1.000000, -1.#QNAN0
253.935230, -160.025044, 1.000000, -1.#QNAN0
253.906675, -160.091363, 1.000000, -1.#QNAN0
253.853595, -160.307093, 1.000000, -1.#QNAN0
253.836635, -160.376268, 1.000000, -1.#QNAN0
253.784348, -160.589679, 1.000000, -1.#QNAN0
253.779021, -160.661687, 1.000000, -1.#QNAN0
253.727719, -160.872336, 1.000000, -1.#QNAN0
253.710972, -160.941562, 1.000000, -1.#QNAN0
253.660665, -161.149514, 1.000000, -1.#QNAN0
253.644045, -161.218771, 1.000000, -1.#QNAN0
253.603528, -161.438483, 1.000000, -1.#QNAN0
253.587056, -161.507775, 1.000000, -1.#QNAN0
253.536088, -161.722198, 1.000000, -1.#QNAN0
253.519785, -161.791530, 1.000000, -1.#QNAN0
253.482230, -162.003097, 1.000000, -1.#QNAN0
253.477493, -162.075147, 1.000000, -1.#QNAN0
253.428465, -162.283780, 1.000000, -1.#QNAN0
253.423728, -162.355830, 1.000000, -1.#QNAN0
253.386256, -162.567178, 1.000000, -1.#QNAN0
253.381519, -162.639228, 1.000000, -1.#QNAN0
253.332491, -162.847860, 1.000000, -1.#QNAN0
253.316198, -162.917195, 0.000000, -1.#QNAN0
253.267171, -163.125827, 0.000000, -1.#QNAN0
253.250877, -163.195162, 0.000000, -1.#QNAN0
253.201850, -163.403794, 0.000000, -1.#QNAN0
253.185557, -163.473129, 0.000000, -1.#QNAN0
253.136529, -163.681761, 0.000000, -1.#QNAN0
253.108680, -163.748380, 0.000000, -1.#QNAN0
253.059653, -163.957013, 0.000000, -1.#QNAN0
253.043360, -164.026347, 0.000000, -1.#QNAN0
252.994332, -164.234980, 0.000000, -1.#QNAN0
252.978039, -164.304314, 0.000000, -1.#QNAN0
252.929012, -164.512947, 0.000000, -1.#QNAN0
252.912718, -164.582281, 0.000000, -1.#QNAN0
252.863691, -164.790914, 0.000000, -1.#QNAN0
252.847398, -164.860248, 0.000000, -1.#QNAN0
252.798370, -165.068881, 0.000000, -1.#QNAN0
252.782077, -165.138215, 0.000000, -1.#QNAN0
252.733050, -165.346848, 0.000000, -1.#QNAN0
252.705201, -165.413466, 0.000000, -1.#QNAN0
252.656173, -165.622099, 0.000000, -1.#QNAN0
252.639880, -165.691433, 0.000000, -1.#QNAN0
252.590853, -165.900066, 0.000000, -1.#QNAN0
252.574559, -165.969401, 0.000000, -1.#QNAN0
250.920209, -165.796658, 0.000000, -1.#QNAN0
252.498055, -166.242688, 1.000000, -1.#QNAN0
252.449623, -166.447666, 1.000000, -1.#QNAN0
252.433086, -166.516943, 1.000000, -1.#QNAN0
252.384297, -166.721345, 1.000000, -1.#QNAN0
252.367581, -166.790578, 1.000000, -1.#QNAN0
252.329901, -166.997237, 1.000000, -1.#QNAN0
252.312987, -167.066422, 1.000000, -1.#QNAN0
252.274727, -167.272928, 1.000000, -1.#QNAN0
252.257611, -167.342064, 1.000000, -1.#QNAN0
252.206172, -167.549842, 1.000000, -1.#QNAN0
252.200567, -167.621829, 1.000000, -1.#QNAN0
252.149029, -167.829856, 1.000000, -1.#QNAN0
252.143424, -167.901843, 1.000000, -1.#QNAN0
252.092004, -168.109395, 1.000000, -1.#QNAN0
252.086398, -168.181383, 1.000000, -1.#QNAN0
252.037917, -168.377073, 1.000000, -1.#QNAN0
252.020790, -168.446206, 1.000000, -1.#QNAN0
251.983915, -168.644409, 1.000000, -1.#QNAN0
251.955265, -168.710688, 1.000000, -1.#QNAN0
251.909807, -168.894175, 1.000000, -1.#QNAN0
251.892680, -168.963308, 1.000000, -1.#QNAN0
251.847306, -169.146456, 1.000000, -1.#QNAN0
251.804870, -169.317742, 1.000000, -1.#QNAN0
251.799265, -169.389730, 1.000000, -1.#QNAN0
251.756913, -169.560679, 1.000000, -1.#QNAN0
251.717382, -169.720242, 1.000000, -1.#QNAN0
251.700254, -169.789375, 1.000000, -1.#QNAN0
251.660723, -169.948939, 1.000000, -1.#QNAN0
251.621192, -170.108502, 1.000000, -1.#QNAN0
251.592542, -170.174781, 1.000000, -1.#QNAN0
251.553011, -170.334344, 1.000000, -1.#QNAN0
251.513480, -170.493908, 1.000000, -1.#QNAN0
251.507875, -170.565895, 1.000000, -1.#QNAN0
251.468343, -170.725459, 1.000000, -1.#QNAN0
251.440334, -170.887877, 1.000000, -1.#QNAN0
251.423207, -170.957010, 1.000000, -1.#QNAN0
251.390457, -171.087524, 1.000000, -1.#QNAN0
251.363102, -171.193234, 1.000000, -1.#QNAN0
251.342164, -171.261310, 1.000000, -1.#QNAN0
251.316210, -171.346076, 1.000000, -1.#QNAN0
251.301177, -171.399027, 1.000000, -1.#QNAN0
251.272178, -171.464079, 1.000000, -1.#QNAN0
251.265024, -171.487812, 1.000000, -1.#QNAN0
251.193182, -171.616259, 1.000000, -1.#QNAN0
251.167969, -171.683919, 1.000000, -1.#QNAN0
251.086024, -171.826425, 1.000000, -1.#QNAN0
251.004080, -171.968931, 1.000000, -1.#QNAN0
250.968576, -172.030674, 1.000000, -1.#QNAN0
250.896922, -172.179098, 1.000000, -1.#QNAN0
250.814978, -172.321604, 1.000000, -1.#QNAN0
250.779474, -172.383347, 1.000000, -1.#QNAN0
250.697530, -172.525853, 1.000000, -1.#QNAN0
250.625876, -172.674276, 1.000000, -1.#QNAN0
250.590372, -172.736019, 1.000000, -1.#QNAN0
250.508428, -172.878525, 1.000000, -1.#QNAN0
250.426483, -173.021031, 1.000000, -1.#QNAN0
250.390980, -173.082774, 1.000000, -1.#QNAN0
250.319326, -173.231198, 1.000000, -1.#QNAN0
250.222569, -173.400082, 1.000000, -1.#QNAN0
250.188331, -173.462536, 1.000000, -1.#QNAN0
250.064189, -173.702354, 1.000000, -1.#QNAN0
249.954330, -173.951833, 1.000000, -1.#QNAN0
249.864754, -174.196909, 1.000000, -1.#QNAN0
249.855337, -174.268498, 1.000000, -1.#QNAN0
249.804617, -174.437658, 1.000000, -1.#QNAN0
249.762764, -174.582238, 1.000000, -1.#QNAN0
249.719076, -174.733154, 1.000000, -1.#QNAN0
249.676854, -174.879006, 1.000000, -1.#QNAN0
249.657049, -174.947420, 1.000000, -1.#QNAN0
249.615003, -175.092664, 1.000000, -1.#QNAN0
249.572957, -175.237907, 1.000000, -1.#QNAN0
249.530911, -175.383151, 1.000000, -1.#QNAN0
249.477462, -175.525094, 1.000000, -1.#QNAN0
249.435416, -175.670338, 1.000000, -1.#QNAN0
249.381968, -175.812281, 1.000000, -1.#QNAN0
249.362163, -175.880695, 1.000000, -1.#QNAN0
249.320117, -176.025939, 1.000000, -1.#QNAN0
249.277935, -176.171715, 1.000000, -1.#QNAN0
249.230893, -176.336685, 1.000000, -1.#QNAN0
249.183064, -176.514300, 1.000000, -1.#QNAN0
249.141472, -176.681286, 1.000000, -1.#QNAN0
249.115071, -176.844986, 1.000000, -1.#QNAN0
249.099361, -176.914454, 1.000000, -1.#QNAN0
249.064037, -177.072856, 1.000000, -1.#QNAN0
249.030476, -177.227772, 1.000000, -1.#QNAN0
248.998614, -177.377470, 1.000000, -1.#QNAN0
248.967277, -177.525395, 1.000000, -1.#QNAN0
248.935939, -177.673319, 1.000000, -1.#QNAN0
248.904601, -177.821243, 1.000000, -1.#QNAN0
248.889840, -177.890920, 1.000000, -1.#QNAN0
248.870114, -178.041305, 1.000000, -1.#QNAN0
248.850389, -178.191689, 1.000000, -1.#QNAN0
248.819051, -178.339613, 1.000000, -1.#QNAN0
248.787714, -178.487538, 1.000000, -1.#QNAN0
248.756376, -178.635462, 1.000000, -1.#QNAN0
248.726395, -178.776981, 1.000000, -1.#QNAN0
248.707670, -178.922642, 1.000000, -1.#QNAN0
248.679412, -179.056030, 1.000000, -1.#QNAN0
248.653202, -179.179749, 1.000000, -1.#QNAN0
248.614929, -179.303131, 1.000000, -1.#QNAN0
248.578619, -179.417253, 1.000000, -1.#QNAN0
248.543526, -179.582901, 1.000000, -1.#QNAN0
248.507319, -179.696534, 1.000000, -1.#QNAN0
248.472891, -179.859044, 1.000000, -1.#QNAN0
248.448296, -179.975137, 1.000000, -1.#QNAN0
248.413868, -180.137647, 1.000000, -1.#QNAN0
248.389274, -180.253740, 1.000000, -1.#QNAN0
248.354846, -180.416250, 1.000000, -1.#QNAN0
248.341864, -180.534803, 1.000000, -1.#QNAN0
