450.926520, -131.433486, 0.000000, 0.000000
451.157406, -131.172287, 0.000000, 0.000000
451.204499, -131.118855, 0.000000, 0.000000
451.251593, -131.065424, 0.000000, 0.000000
451.298686, -131.011992, 0.000000, 0.000000
451.529154, -130.750423, 0.000000, 0.000000
451.576165, -130.696919, 1.000000, 0.000000
451.641011, -130.659085, 1.000000, 0.000000
451.688022, -130.605581, 1.000000, 0.000000
451.927027, -130.351438, 1.000000, 0.000000
451.982885, -130.305684, 1.000000, 0.000000
452.020884, -130.244286, 1.000000, 0.000000
452.058883, -130.182888, 1.000000, 0.000000
452.288544, -129.920558, 1.000000, 0.000000
452.335390, -129.866910, 1.000000, 0.000000
452.391178, -129.821069, 1.000000, 0.000000
452.620518, -129.558433, 1.000000, 0.000000
452.676236, -129.512507, 1.000000, 0.000000
452.723000, -129.458788, 1.000000, 0.000000
452.778718, -129.412862, 1.000000, 0.000000
453.007674, -129.149830, 1.000000, 0.000000
453.054360, -129.096042, 1.000000, 0.000000
453.101045, -129.042254, 1.000000, 0.000000
453.147731, -128.988465, 1.000000, 0.000000
453.385360, -128.732770, 1.000000, 0.000000
453.432007, -128.678948, 1.000000, 0.000000
453.478655, -128.625127, 1.000000, 0.000000
453.525302, -128.571306, 1.000000, 0.000000
453.753869, -128.307589, 1.000000, 0.000000
453.800516, -128.253767, 1.000000, 0.000000
453.856134, -128.207721, 1.000000, 0.000000
453.902781, -128.153899, 1.000000, 0.000000
454.131348, -127.890182, 1.000000, 0.000000
454.177995, -127.836361, 1.000000, 0.000000
454.233613, -127.790314, 1.000000, 0.000000
454.289230, -127.744267, 1.000000, 0.000000
454.526767, -127.488324, 0.000000, 0.000000
454.573415, -127.434503, 0.000000, 0.000000
454.620062, -127.380682, 0.000000, 0.000000
454.848629, -127.116965, 0.000000, 0.000000
454.895276, -127.063143, 0.000000, 0.000000
454.950894, -127.017097, 0.000000, 0.000000
454.997542, -126.963275, 0.000000, 0.000000
455.226108, -126.699558, 0.000000, 0.000000
455.272755, -126.645737, 0.000000, 0.000000
455.319403, -126.591916, 0.000000, 0.000000
455.366050, -126.538094, 0.000000, 0.000000
455.594617, -126.274377, 0.000000, 0.000000
455.641265, -126.220555, 0.000000, 0.000000
455.687912, -126.166734, 0.000000, 0.000000
455.743530, -126.120687, 0.000000, 0.000000
455.972096, -125.856970, 0.000000, 0.000000
456.018744, -125.803149, 0.000000, 0.000000
456.065391, -125.749328, 0.000000, 0.000000
456.112039, -125.695506, 0.000000, 0.000000
456.340634, -125.431756, 0.000000, 0.000000
456.387281, -125.377935, 0.000000, 0.000000
456.433929, -125.324114, 0.000000, 0.000000
456.480576, -125.270292, 0.000000, 0.000000
456.709580, -125.006070, 0.000000, 0.000000
456.765197, -124.960024, 0.000000, 0.000000
456.811845, -124.906202, 0.000000, 0.000000
456.858492, -124.852381, 0.000000, 0.000000
457.080130, -124.596658, 0.000000, 0.000000
457.126778, -124.542837, 0.000000, 0.000000
457.173425, -124.489015, 0.000000, 0.000000
457.220073, -124.435194, 0.000000, 0.000000
457.442121, -124.178998, 0.000000, 0.000000
457.488769, -124.125176, 0.000000, 0.000000
457.544386, -124.079129, 0.000000, 0.000000
457.591034, -124.025308, 0.000000, 0.000000
457.813493, -123.768637, 0.000000, 0.000000
457.860141, -123.714816, 0.000000, 0.000000
457.906788, -123.660994, 0.000000, 0.000000
457.953436, -123.607173, 0.000000, 0.000000
458.176307, -123.350027, 0.000000, 0.000000
458.222954, -123.296206, 0.000000, 0.000000
458.269602, -123.242385, 0.000000, 0.000000
458.325219, -123.196338, 0.000000, 0.000000
458.548503, -122.938716, 0.000000, 0.000000
458.595150, -122.884895, 0.000000, 0.000000
458.641798, -122.831073, 0.000000, 0.000000
458.688445, -122.777252, 0.000000, 0.000000
458.912114, -122.519186, 0.000000, 0.000000
458.958761, -122.465365, 0.000000, 0.000000
459.005409, -122.411543, 0.000000, 0.000000
459.052056, -122.357722, 0.000000, 0.000000
459.275725, -122.099656, 0.000000, 0.000000
459.331342, -122.053610, 0.000000, 0.000000
459.377990, -121.999788, 0.000000, 0.000000
459.424637, -121.945967, 0.000000, 0.000000
459.648306, -121.687901, 0.000000, 0.000000
459.694953, -121.634080, 0.000000, 0.000000
459.741600, -121.580259, 0.000000, 0.000000
459.788248, -121.526437, 0.000000, 0.000000
460.011917, -121.268371, 0.000000, 0.000000
460.058564, -121.214550, 0.000000, 0.000000
460.114182, -121.168503, 0.000000, 0.000000
460.160829, -121.114682, 0.000000, 0.000000
460.384497, -120.856616, 0.000000, 0.000000
460.431145, -120.802795, 0.000000, 0.000000
460.477792, -120.748974, 0.000000, 0.000000
460.524440, -120.695152, 0.000000, 0.000000
460.748108, -120.437087, 0.000000, 0.000000
460.794756, -120.383265, 0.000000, 0.000000
460.841403, -120.329444, 0.000000, 0.000000
460.897021, -120.283397, 0.000000, 0.000000
461.120689, -120.025331, 0.000000, 0.000000
461.167337, -119.971510, 0.000000, 0.000000
461.213984, -119.917689, 0.000000, 0.000000
461.260632, -119.863867, 0.000000, 0.000000
461.484300, -119.605802, 0.000000, 0.000000
461.530948, -119.551980, 0.000000, 0.000000
461.577595, -119.498159, 0.000000, 0.000000
461.624242, -119.444338, 0.000000, 0.000000
461.847916, -119.186274, 0.000000, 0.000000
461.903538, -119.140232, 0.000000, 0.000000
461.950190, -119.086414, 0.000000, 0.000000
461.996842, -119.032597, 2.000000, 0.000000
462.220555, -118.774563, 2.000000, 0.000000
462.267229, -118.720765, 2.000000, 0.000000
462.313904, -118.666967, 2.000000, 0.000000
462.360579, -118.613170, 2.000000, 0.000000
462.584416, -118.355239, 2.000000, 0.000000
462.631129, -118.301475, 2.000000, 0.000000
462.686804, -118.255497, 2.000000, 0.000000
462.733518, -118.201733, 2.000000, 0.000000
462.957537, -117.943972, 2.000000, 0.000000
463.004290, -117.890243, 2.000000, 0.000000
463.051043, -117.836514, 2.000000, 0.000000
463.097797, -117.782784, 2.000000, 0.000000
463.322006, -117.525188, 2.000000, 0.000000
463.368799, -117.471493, 2.000000, 0.000000
463.415592, -117.417798, 2.000000, 0.000000
461.941034, -116.038300, 2.000000, 0.000000
462.175368, -115.787539, 2.000000, 0.000000
462.222201, -115.733879, 2.000000, 0.000000
462.269034, -115.680219, 2.000000, 0.000000
462.324811, -115.634365, 2.000000, 0.000000
462.550392, -115.375970, 2.000000, 0.000000
462.597266, -115.322346, 2.000000, 0.000000
462.653077, -115.276534, 2.000000, 0.000000
462.699951, -115.222909, 2.000000, 0.000000
462.925590, -114.964833, 2.000000, 0.000000
462.972499, -114.911239, 2.000000, 0.000000
463.019408, -114.857645, 2.000000, 0.000000
463.066317, -114.804052, 2.000000, 0.000000
463.291613, -114.546674, 2.000000, 0.000000
463.347467, -114.500914, 2.000000, 0.000000
463.394391, -114.447334, 2.000000, 0.000000
463.441315, -114.393753, 2.000000, 0.000000
463.657378, -114.129021, 2.000000, 0.000000
463.713231, -114.083261, 2.000000, 0.000000
463.760155, -114.029680, 2.000000, 0.000000
463.798149, -113.968279, 2.000000, 0.000000
464.023142, -113.711367, 2.000000, 0.000000
464.070066, -113.657786, 2.000000, 0.000000
464.116989, -113.604206, 2.000000, 0.000000
464.163913, -113.550625, 2.000000, 0.000000
464.388906, -113.293714, 2.000000, 0.000000
464.435830, -113.240133, 1.000000, 0.000000
464.482753, -113.186552, 1.000000, 0.000000
464.529677, -113.132972, 1.000000, 0.000000
464.754670, -112.876060, 1.000000, 0.000000
464.792664, -112.814659, 1.000000, 0.000000
464.848517, -112.768899, 1.000000, 0.000000
464.886511, -112.707498, 1.000000, 0.000000
465.111504, -112.450586, 1.000000, 0.000000
465.167358, -112.404826, 1.000000, 0.000000
465.214282, -112.351245, 1.000000, 0.000000
465.252276, -112.289844, 1.000000, 0.000000
465.477268, -112.032932, 1.000000, 0.000000
465.524192, -111.979352, 1.000000, 0.000000
465.571116, -111.925771, 1.000000, 0.000000
465.618040, -111.872190, 1.000000, 0.000000
465.843032, -111.615279, 1.000000, 0.000000
465.889956, -111.561698, 1.000000, 0.000000
465.936880, -111.508117, 1.000000, 0.000000
465.983804, -111.454537, 1.000000, 0.000000
466.208483, -111.197983, 1.000000, 0.000000
466.264337, -111.152223, 1.000000, 0.000000
466.311261, -111.098642, 1.000000, 0.000000
466.358185, -111.045061, 1.000000, 0.000000
466.581784, -110.789741, 1.000000, 0.000000
466.637637, -110.743982, 1.000000, 0.000000
466.684561, -110.690401, 1.000000, 0.000000
466.914900, -110.427384, 1.000000, 0.000000
466.961824, -110.373804, 1.000000, 0.000000
467.017678, -110.328044, 1.000000, 0.000000
467.064602, -110.274463, 1.000000, 0.000000
467.293861, -110.012680, 1.000000, 0.000000
467.340785, -109.959099, 1.000000, 0.000000
467.387709, -109.905519, 1.000000, 0.000000
467.434632, -109.851938, 1.000000, 0.000000
467.662811, -109.591388, 1.000000, 0.000000
467.709735, -109.537807, 1.000000, 0.000000
467.756659, -109.484227, 1.000000, 0.000000
467.803583, -109.430646, 1.000000, 0.000000
468.030682, -109.171329, 1.000000, 0.000000
468.077606, -109.117749, 1.000000, 0.000000
468.124529, -109.064168, 1.000000, 0.000000
468.171453, -109.010587, 1.000000, 0.000000
468.397473, -108.752503, 1.000000, 0.000000
468.444397, -108.698922, 1.000000, 0.000000
468.491321, -108.645341, 1.000000, 0.000000
468.538245, -108.591761, 1.000000, 0.000000
468.763498, -108.334552, 1.000000, 0.000000
468.810422, -108.280971, 1.000000, 0.000000
468.857345, -108.227390, 1.000000, 0.000000
469.082599, -107.970181, 1.000000, 0.000000
469.129523, -107.916601, 1.000000, 0.000000
469.176446, -107.863020, 1.000000, 0.000000
469.223370, -107.809439, 1.000000, 0.000000
469.448624, -107.552230, 1.000000, 0.000000
469.495547, -107.498649, 1.000000, 0.000000
469.542471, -107.445069, 1.000000, 0.000000
469.589395, -107.391488, 1.000000, 0.000000
469.814648, -107.134279, 1.000000, 0.000000
469.861572, -107.080698, 1.000000, 0.000000
469.908496, -107.027118, 1.000000, 0.000000
469.955420, -106.973537, 1.000000, 0.000000
470.180673, -106.716328, 1.000000, 0.000000
470.227597, -106.662747, 1.000000, 0.000000
470.274520, -106.609167, 1.000000, 0.000000
470.312514, -106.547765, 1.000000, 0.000000
470.537768, -106.290556, 1.000000, 0.000000
470.584692, -106.236975, 1.000000, 0.000000
470.631615, -106.183395, 1.000000, 0.000000
470.678539, -106.129814, 1.000000, 0.000000
470.903792, -105.872605, 1.000000, 0.000000
470.950716, -105.819024, 1.000000, 0.000000
470.988710, -105.757623, 1.000000, 0.000000
471.213336, -105.501130, 1.000000, 0.000000
471.260234, -105.447527, 1.000000, 0.000000
471.298198, -105.386108, 1.000000, 0.000000
471.345096, -105.332505, 1.000000, 0.000000
471.561893, -105.084658, 1.000000, 0.000000
471.608451, -105.030759, 1.000000, 0.000000
471.655009, -104.976861, 1.000000, 0.000000
471.683601, -104.907443, 1.000000, 0.000000
471.895164, -104.662321, 1.000000, 0.000000
471.932184, -104.600328, 1.000000, 0.000000
471.978257, -104.546014, 1.000000, 0.000000
472.024329, -104.491700, 1.000000, 0.000000
472.223746, -104.237882, 1.000000, 0.000000
472.269302, -104.183134, 1.000000, 0.000000
472.305733, -104.120793, 1.000000, 0.000000
472.351290, -104.066045, 1.000000, 0.000000
472.547343, -103.811294, 1.000000, 0.000000
472.592349, -103.756093, 1.000000, 0.000000
472.628155, -103.693391, 1.000000, 0.000000
472.673161, -103.638190, 1.000000, 0.000000
472.865636, -103.382519, 1.000000, 0.000000
472.910055, -103.326844, 1.000000, 0.000000
472.945196, -103.263766, 1.000000, 0.000000
473.142669, -103.016504, 1.000000, 0.000000
473.177042, -102.953005, 1.000000, 0.000000
473.220784, -102.896797, 1.000000, 0.000000
473.255157, -102.833298, 1.000000, 0.000000
473.453276, -102.578679, 1.000000, 0.000000
473.487072, -102.514871, 1.000000, 0.000000
473.530301, -102.458267, 1.000000, 0.000000
473.573531, -102.401664, 1.000000, 0.000000
473.771618, -102.122740, 1.000000, 0.000000
473.814847, -102.066137, 1.000000, 0.000000
473.858077, -102.009534, 1.000000, 0.000000
473.891873, -101.945726, 1.000000, 0.000000
474.099393, -101.674006, 1.000000, 0.000000
474.133189, -101.610198, 1.000000, 0.000000
474.176418, -101.553595, 1.000000, 0.000000
474.210214, -101.489787, 1.000000, 0.000000
474.417735, -101.218067, 1.000000, 0.000000
474.451531, -101.154259, 1.000000, 0.000000
474.494760, -101.097656, 1.000000, 0.000000
474.528556, -101.033848, 1.000000, 0.000000
474.736077, -100.762129, 1.000000, 0.000000
474.769873, -100.698321, 1.000000, 0.000000
474.803668, -100.634513, 1.000000, 0.000000
475.011189, -100.362793, 1.000000, 0.000000
475.054418, -100.306190, 1.000000, 0.000000
475.088214, -100.242382, 1.000000, 0.000000
475.122010, -100.178574, 1.000000, 0.000000
475.329531, -99.906854, 1.000000, 0.000000
475.363327, -99.843046, 1.000000, 0.000000
475.406556, -99.786443, 1.000000, 0.000000
475.440352, -99.722635, 1.000000, 0.000000
475.647873, -99.450916, 1.000000, 0.000000
475.681668, -99.387108, 1.000000, 0.000000
475.724898, -99.330504, 1.000000, 0.000000
475.758694, -99.266696, 1.000000, 0.000000
475.966214, -98.994977, 1.000000, 0.000000
476.009444, -98.938374, 1.000000, 0.000000
476.043240, -98.874566, 1.000000, 0.000000
476.077035, -98.810758, 1.000000, 0.000000
476.284088, -98.539652, 1.000000, 0.000000
476.317883, -98.475844, 1.000000, 0.000000
476.361113, -98.419241, 1.000000, 0.000000
476.394909, -98.355432, 1.000000, 0.000000
476.596115, -98.091980, 1.000000, 0.000000
476.629911, -98.028172, 1.000000, 0.000000
476.673141, -97.971569, 1.000000, 0.000000
476.866298, -97.699099, 1.000000, 0.000000
476.909528, -97.642496, 1.000000, 0.000000
476.943324, -97.578688, 1.000000, 0.000000
476.986553, -97.522085, 1.000000, 0.000000
477.173916, -97.257201, 1.000000, 0.000000
477.217146, -97.200598, 1.000000, 0.000000
477.250942, -97.136790, 1.000000, 0.000000
477.294171, -97.080187, 1.000000, 0.000000
477.475767, -96.822855, 1.000000, 0.000000
477.518997, -96.766252, 1.000000, 0.000000
477.552793, -96.702444, 1.000000, 0.000000
477.745290, -96.450396, 1.000000, 0.000000
477.779086, -96.386588, 1.000000, 0.000000
477.822315, -96.329984, 1.000000, 0.000000
477.865545, -96.273381, 1.000000, 0.000000
478.042901, -96.021600, 1.000000, 0.000000
478.086131, -95.964997, 1.000000, 0.000000
478.119927, -95.901189, 1.000000, 0.000000
478.308700, -95.654016, 1.000000, 0.000000
478.342496, -95.590208, 1.000000, 0.000000
478.385726, -95.533605, 1.000000, 0.000000
478.574499, -95.286433, 1.000000, 0.000000
478.608295, -95.222625, 1.000000, 0.000000
478.651524, -95.166022, 1.000000, 0.000000
478.685320, -95.102213, 1.000000, 0.000000
478.874094, -94.855041, 1.000000, 0.000000
478.917324, -94.798437, 1.000000, 0.000000
478.941685, -94.727424, 0.000000, 0.000000
479.130459, -94.480252, 0.000000, 0.000000
479.183122, -94.430854, 0.000000, 0.000000
479.226352, -94.374250, 0.000000, 0.000000
479.415125, -94.127078, 0.000000, 0.000000
479.458355, -94.070475, 0.000000, 0.000000
479.501585, -94.013872, 0.000000, 0.000000
479.554248, -93.964473, 0.000000, 0.000000
479.737745, -93.723903, 0.000000, 0.000000
479.780784, -93.667155, 0.000000, 0.000000
479.823822, -93.610406, 0.000000, 0.000000
479.973837, -93.412425, 0.000000, 0.000000
480.025078, -93.361552, 0.000000, 0.000000
480.066684, -93.303746, 0.000000, 0.000000
480.203934, -93.114471, 0.000000, 0.000000
480.243731, -93.055404, 0.000000, 0.000000
480.283529, -92.996337, 0.000000, 0.000000
480.333170, -92.943903, 0.000000, 0.000000
480.464193, -92.748262, 0.000000, 0.000000
480.502174, -92.688012, 0.000000, 0.000000
480.540156, -92.627762, 0.000000, 0.000000
480.666559, -92.427325, 0.000000, 0.000000
480.712953, -92.371996, 0.000000, 0.000000
480.749121, -92.310640, 0.000000, 0.000000
480.871080, -92.105128, 0.000000, 0.000000
480.905443, -92.042743, 0.000000, 0.000000
480.939807, -91.980358, 0.000000, 0.000000
480.984568, -91.923701, 0.000000, 0.000000
481.100271, -91.712208, 0.000000, 0.000000
481.132847, -91.648871, 1.000000, 0.000000
481.165422, -91.585534, 1.000000, 0.000000
481.279262, -91.363936, 1.000000, 0.000000
481.310233, -91.299799, 1.000000, 0.000000
481.341205, -91.235663, 1.000000, 0.000000
481.466616, -90.975945, 1.000000, 0.000000
481.496997, -90.911527, 1.000000, 0.000000
481.527378, -90.847108, 1.000000, 0.000000
481.557759, -90.782690, 1.000000, 0.000000
481.690426, -90.501389, 1.000000, 0.000000
481.720807, -90.436971, 1.000000, 0.000000
481.751188, -90.372552, 1.000000, 0.000000
481.883855, -90.091252, 1.000000, 0.000000
481.914236, -90.026834, 1.000000, 0.000000
481.955353, -89.967479, 1.000000, 0.000000
482.088020, -89.686178, 1.000000, 0.000000
482.118401, -89.621760, 1.000000, 0.000000
482.148782, -89.557342, 1.000000, 0.000000
482.189900, -89.497987, 1.000000, 0.000000
482.322567, -89.216686, 1.000000, 0.000000
482.363684, -89.157331, 1.000000, 0.000000
482.404802, -89.097977, 1.000000, 0.000000
482.548205, -88.821740, 1.000000, 0.000000
484.747335, -89.780148, -1.000000, 0.000000
482.608967, -88.692903, 0.000000, 0.000000
482.741634, -88.411603, 0.000000, 0.000000
482.772015, -88.347184, 0.000000, 0.000000
482.802396, -88.282766, 0.000000, 0.000000
482.822041, -88.213284, 0.000000, 0.000000
482.954708, -87.931983, 0.000000, 0.000000
482.985089, -87.867565, 0.000000, 0.000000
483.015470, -87.803147, 0.000000, 0.000000
485.327622, -88.549736, -1.000000, 0.000000
483.189255, -87.462492, 1.000000, 0.000000
483.208899, -87.393010, 1.000000, 0.000000
483.330830, -87.106646, 1.000000, 0.000000
483.350475, -87.037164, 1.000000, 0.000000
483.370119, -86.967682, 1.000000, 0.000000
483.400500, -86.903264, 1.000000, 0.000000
483.533284, -86.621715, 1.000000, 0.000000
483.563665, -86.557297, 1.000000, 0.000000
483.594046, -86.492879, 1.000000, 0.000000
483.727779, -86.209318, 1.000000, 0.000000
483.758160, -86.144899, 1.000000, 0.000000
483.788541, -86.080481, 1.000000, 0.000000
483.929096, -85.810284, 1.000000, 0.000000
483.959477, -85.745866, 1.000000, 0.000000
484.000595, -85.686511, 1.000000, 0.000000
484.020239, -85.617029, 0.000000, 0.000000
484.162139, -85.343981, 0.000000, 0.000000
484.192520, -85.279563, 0.000000, 0.000000
484.233637, -85.220208, 0.000000, 0.000000
484.366337, -84.938837, 0.000000, 0.000000
484.407455, -84.879482, 0.000000, 0.000000
484.437836, -84.815064, 0.000000, 0.000000
484.478953, -84.755709, 0.000000, 0.000000
484.613378, -84.470681, 0.000000, 0.000000
484.654496, -84.411326, 0.000000, 0.000000
484.695613, -84.351972, 1.000000, 0.000000
484.821211, -84.057832, 1.000000, 0.000000
484.840855, -83.988351, 1.000000, 0.000000
484.860500, -83.918869, 1.000000, 0.000000
484.890881, -83.854451, 1.000000, 0.000000
485.028999, -83.561592, 1.000000, 0.000000
485.059380, -83.497174, 1.000000, 0.000000
485.089761, -83.432756, 1.000000, 0.000000
485.227879, -83.139897, 1.000000, 0.000000
485.258260, -83.075479, 1.000000, 0.000000
485.288641, -83.011061, 1.000000, 0.000000
485.319022, -82.946642, 1.000000, 0.000000
485.457140, -82.653783, 1.000000, 0.000000
485.498258, -82.594429, 1.000000, 0.000000
485.528639, -82.530010, 1.000000, 0.000000
485.677493, -82.242216, 1.000000, 0.000000
485.729347, -82.187924, 1.000000, 0.000000
485.770464, -82.128570, 1.000000, 0.000000
485.811581, -82.069215, 1.000000, 0.000000
485.938963, -81.771293, 1.000000, 0.000000
485.969344, -81.706874, 1.000000, 0.000000
485.999725, -81.642456, 1.000000, 0.000000
486.148580, -81.354661, 1.000000, 0.000000
486.178961, -81.290243, 1.000000, 0.000000
486.220078, -81.230888, 1.000000, 0.000000
486.239723, -81.161406, 1.000000, 0.000000
486.366481, -80.892041, 1.000000, 0.000000
486.385345, -80.822343, 1.000000, 0.000000
486.404209, -80.752645, 1.000000, 0.000000
486.512195, -80.489134, 1.000000, 0.000000
486.540772, -80.423895, 1.000000, 0.000000
486.569349, -80.358657, 1.000000, 0.000000
486.597926, -80.293418, 1.000000, 0.000000
486.711446, -80.033601, 1.000000, 0.000000
486.727954, -79.963308, 1.000000, 0.000000
486.755415, -79.897592, 1.000000, 0.000000
486.864867, -79.636571, 1.000000, 0.000000
486.880166, -79.566005, 1.000000, 0.000000
486.906495, -79.499827, 1.000000, 0.000000
486.932824, -79.433649, 1.000000, 0.000000
487.037038, -79.171004, 1.000000, 0.000000
487.062220, -79.104381, 1.000000, 0.000000
487.087402, -79.037758, 1.000000, 0.000000
487.187563, -78.773780, 1.000000, 0.000000
487.222758, -78.710734, 1.000000, 0.000000
487.235604, -78.639680, 0.000000, 0.000000
487.248449, -78.568626, 0.000000, 0.000000
487.343272, -78.303178, 0.000000, 0.000000
487.354873, -78.231911, 0.000000, 0.000000
487.366475, -78.160644, 0.000000, 0.000000
487.466360, -77.865784, 0.000000, 0.000000
487.477594, -77.794458, 0.000000, 0.000000
487.500091, -77.726882, 0.000000, 0.000000
487.511325, -77.655555, 0.000000, 0.000000
487.613601, -77.348337, 0.000000, 0.000000
487.624835, -77.277011, 0.000000, 0.000000
487.647332, -77.209434, 0.000000, 0.000000
490.081003, -77.678358, -1.000000, 0.000000
487.749578, -76.827141, 1.000000, 0.000000
487.760812, -76.755815, 1.000000, 0.000000
487.772047, -76.684488, 1.000000, 0.000000
487.863059, -76.373521, 1.000000, 0.000000
487.874293, -76.302195, 1.000000, 0.000000
487.896790, -76.234618, 1.000000, 0.000000
487.987803, -75.923651, 1.000000, 0.000000
488.010300, -75.856074, 1.000000, 0.000000
488.032797, -75.788497, 1.000000, 0.000000
488.055294, -75.720921, 1.000000, 0.000000
488.146306, -75.409953, 1.000000, 0.000000
488.168803, -75.342377, 1.000000, 0.000000
488.191300, -75.274800, 1.000000, 0.000000
488.293575, -74.967582, 1.000000, 0.000000
488.327335, -74.903755, 1.000000, 0.000000
488.349832, -74.836178, 1.000000, 0.000000
488.383592, -74.772351, 1.000000, 0.000000
488.497130, -74.468882, 1.000000, 0.000000
488.542152, -74.408805, 1.000000, 0.000000
488.553386, -74.337478, 0.000000, 0.000000
488.666925, -74.034010, 0.000000, 0.000000
488.700684, -73.970183, 0.000000, 0.000000
488.723181, -73.902606, 0.000000, 0.000000
488.756941, -73.838779, 0.000000, 0.000000
488.859216, -73.531561, 0.000000, 0.000000
488.892976, -73.467734, 0.000000, 0.000000
488.926736, -73.403907, 0.000000, 0.000000
489.028669, -73.097716, 0.000000, 0.000000
489.073692, -73.037638, 1.000000, 0.000000
489.096189, -72.970061, 1.000000, 0.000000
489.107423, -72.898735, 1.000000, 0.000000
489.208913, -72.593876, 1.000000, 0.000000
489.220147, -72.522550, 1.000000, 0.000000
489.242644, -72.454973, 1.000000, 0.000000
489.343736, -72.151311, 1.000000, 0.000000
489.354970, -72.079985, 1.000000, 0.000000
489.377467, -72.012408, 1.000000, 0.000000
489.411226, -71.948581, 1.000000, 0.000000
489.523228, -71.649726, 1.000000, 0.000000
489.545725, -71.582150, 1.000000, 0.000000
489.579485, -71.518322, 1.000000, 0.000000
489.679917, -71.216641, 1.000000, 0.000000
489.713677, -71.152814, 1.000000, 0.000000
489.736174, -71.085237, 1.000000, 0.000000
489.769933, -71.021410, 1.000000, 0.000000
489.870105, -70.720512, 1.000000, 0.000000
489.892602, -70.652936, 1.000000, 0.000000
489.926361, -70.589108, 1.000000, 0.000000
490.026318, -70.288855, 1.000000, 0.000000
490.060078, -70.225027, 1.000000, 0.000000
490.082575, -70.157451, 1.000000, 0.000000
490.105072, -70.089874, 1.000000, 0.000000
490.216238, -69.793531, 1.000000, 0.000000
490.238735, -69.725954, 1.000000, 0.000000
490.261232, -69.658378, 1.000000, 0.000000
490.361135, -69.358285, 1.000000, 0.000000
490.383632, -69.290708, 1.000000, 0.000000
490.417392, -69.226881, 1.000000, 0.000000
490.439888, -69.159304, 1.000000, 0.000000
490.539792, -68.859211, 1.000000, 0.000000
490.562289, -68.791635, 1.000000, 0.000000
490.584786, -68.724058, 1.000000, 0.000000
490.684689, -68.423966, 1.000000, 0.000000
490.718449, -68.360138, 1.000000, 0.000000
490.740946, -68.292562, 1.000000, 0.000000
490.763442, -68.224985, 1.000000, 0.000000
490.874004, -67.930370, 1.000000, 0.000000
490.896448, -67.862776, 1.000000, 0.000000
490.930158, -67.798922, 1.000000, 0.000000
491.025199, -67.512832, 1.000000, 0.000000
491.047210, -67.445095, 1.000000, 0.000000
491.069220, -67.377359, 1.000000, 0.000000
491.102520, -67.313290, 1.000000, 0.000000
491.188742, -67.047054, 1.000000, 0.000000
491.209678, -66.978978, 1.000000, 0.000000
491.230615, -66.910902, 1.000000, 0.000000
491.312842, -66.644572, 1.000000, 0.000000
491.332666, -66.576164, 1.000000, 0.000000
491.341089, -66.504451, 1.000000, 0.000000
491.360912, -66.436042, 1.000000, 0.000000
491.437860, -66.169534, 1.000000, 0.000000
491.445077, -66.097690, 1.000000, 0.000000
491.463749, -66.028958, 1.000000, 0.000000
491.524945, -65.759752, 1.000000, 0.000000
491.530918, -65.687794, 1.000000, 0.000000
491.536891, -65.615836, 1.000000, 0.000000
491.554372, -65.546792, 1.000000, 0.000000
491.609869, -65.278181, 1.000000, 0.000000
491.626118, -65.208836, 1.000000, 0.000000
491.630810, -65.136783, 1.000000, 0.000000
491.694401, -64.866795, 1.000000, 0.000000
491.697918, -64.794675, 1.000000, 0.000000
491.713035, -64.725074, 1.000000, 0.000000
491.716551, -64.652955, 1.000000, 0.000000
491.779678, -64.361375, 1.000000, 0.000000
491.782657, -64.289231, 1.000000, 0.000000
491.797255, -64.219521, 1.000000, 0.000000
491.862083, -63.909950, 1.000000, 0.000000
491.876681, -63.840239, 1.000000, 0.000000
491.856424, -63.763229, 1.000000, 0.000000
491.871022, -63.693518, 1.000000, 0.000000
491.935849, -63.383947, 1.000000, 0.000000
491.950447, -63.314236, 1.000000, 0.000000
491.965045, -63.244526, 1.000000, 0.000000
492.029873, -62.934955, 1.000000, 0.000000
492.044471, -62.865244, 1.000000, 0.000000
492.059069, -62.795533, 1.000000, 0.000000
492.073667, -62.725822, 1.000000, 0.000000
492.138494, -62.416252, 1.000000, 0.000000
492.153093, -62.346541, 1.000000, 0.000000
492.156072, -62.274397, 1.000000, 0.000000
492.220900, -61.964826, 1.000000, 0.000000
492.235498, -61.895115, 1.000000, 0.000000
492.238478, -61.822971, 1.000000, 0.000000
492.253076, -61.753261, 1.000000, 0.000000
492.317903, -61.443690, 1.000000, 0.000000
492.320883, -61.371546, 1.000000, 0.000000
492.335481, -61.301835, 1.000000, 0.000000
492.400308, -60.992265, 1.000000, 0.000000
492.403288, -60.920121, 1.000000, 0.000000
492.417886, -60.850410, 1.000000, 0.000000
492.420866, -60.778266, 1.000000, 0.000000
492.485693, -60.468695, 1.000000, 0.000000
492.488673, -60.396551, 1.000000, 0.000000
492.503271, -60.326840, 1.000000, 0.000000
492.556479, -60.014837, 1.000000, 0.000000
492.571078, -59.945126, 1.000000, 0.000000
492.585676, -59.875415, 1.000000, 0.000000
492.588656, -59.803271, 1.000000, 0.000000
492.641573, -59.492657, 1.000000, 0.000000
492.656171, -59.422946, 1.000000, 0.000000
492.659151, -59.350802, 1.000000, 0.000000
492.722664, -59.047509, 1.000000, 0.000000
492.725644, -58.975365, 1.000000, 0.000000
492.728623, -58.903221, 1.000000, 0.000000
492.743222, -58.833510, 1.000000, 0.000000
492.794117, -58.532554, 1.000000, 0.000000
492.797097, -58.460410, 1.000000, 0.000000
492.800076, -58.388266, 1.000000, 0.000000
492.852431, -58.080340, 1.000000, 0.000000
495.457952, -58.553195, -1.000000, 0.000000
492.858390, -57.936052, 0.000000, 0.000000
492.861370, -57.863908, 0.000000, 0.000000
492.924396, -57.562939, 0.000000, 0.000000
492.938994, -57.493228, 0.000000, 0.000000
492.953593, -57.423517, 0.000000, 0.000000
493.004080, -57.124509, 0.000000, 0.000000
493.018678, -57.054798, 0.000000, 0.000000
493.033276, -56.985087, 0.000000, 0.000000
493.094490, -56.692775, 0.000000, 0.000000
493.097469, -56.620631, 0.000000, 0.000000
493.112067, -56.550920, 0.000000, 0.000000
493.126666, -56.481209, 0.000000, 0.000000
493.187254, -56.191881, 0.000000, 0.000000
493.190234, -56.119737, 0.000000, 0.000000
493.204832, -56.050026, 0.000000, 0.000000
493.265420, -55.760698, 0.000000, 0.000000
493.280018, -55.690987, 0.000000, 0.000000
493.282998, -55.618843, 0.000000, 0.000000
493.343586, -55.329515, 0.000000, 0.000000
493.358184, -55.259804, 0.000000, 0.000000
493.372783, -55.190093, 0.000000, 0.000000
493.375762, -55.117949, 0.000000, 0.000000
493.436351, -54.828621, 0.000000, 0.000000
493.450949, -54.758910, 0.000000, 0.000000
493.453928, -54.686766, 0.000000, 0.000000
493.514517, -54.397438, 0.000000, 0.000000
493.529115, -54.327727, 0.000000, 0.000000
493.543713, -54.258016, 0.000000, 0.000000
493.594539, -53.957645, 0.000000, 0.000000
493.609359, -53.887981, 0.000000, 0.000000
493.624179, -53.818317, 0.000000, 0.000000
493.638999, -53.748652, 0.000000, 0.000000
493.695971, -53.427688, 0.000000, 0.000000
493.711548, -53.358190, 0.000000, 0.000000
493.727125, -53.288691, 0.000000, 0.000000
493.800370, -52.965090, 0.000000, 0.000000
493.805302, -52.893053, 0.000000, 0.000000
493.821783, -52.823763, 0.000000, 0.000000
493.910354, -52.504332, 1.000000, 0.000000
493.939236, -52.438154, 1.000000, 0.000000
493.956605, -52.369081, 1.000000, 0.000000
493.973974, -52.300008, 1.000000, 0.000000
494.055531, -51.979660, 1.000000, 0.000000
494.073772, -51.910812, 1.000000, 0.000000
494.092013, -51.841965, 1.000000, 0.000000
494.165737, -51.519931, 1.000000, 0.000000
494.184834, -51.451316, 1.000000, 0.000000
494.203931, -51.382701, 1.000000, 0.000000
494.281258, -51.061916, 1.000000, 0.000000
494.301194, -50.993540, 1.000000, 0.000000
494.309734, -50.921841, 1.000000, 0.000000
494.329670, -50.853465, 1.000000, 0.000000
494.409850, -50.538774, 1.000000, 0.000000
494.430489, -50.470607, 1.000000, 0.000000
494.439767, -50.399000, 1.000000, 0.000000
494.527662, -50.109051, 1.000000, 0.000000
494.537126, -50.037469, 1.000000, 0.000000
494.557943, -49.969356, 1.000000, 0.000000
494.644341, -49.686660, 1.000000, 0.000000
494.665158, -49.618547, 1.000000, 0.000000
494.685974, -49.550434, 1.000000, 0.000000
494.706791, -49.482321, 1.000000, 0.000000
494.793189, -49.199624, 1.000000, 0.000000
494.814006, -49.131511, 1.000000, 0.000000
494.834823, -49.063398, 1.000000, 0.000000
494.921220, -48.780703, 1.000000, 0.000000
494.942037, -48.712590, 1.000000, 0.000000
494.962854, -48.644477, 1.000000, 0.000000
495.049252, -48.361781, 1.000000, 0.000000
495.070068, -48.293668, 1.000000, 0.000000
495.090885, -48.225555, 1.000000, 0.000000
495.100350, -48.153972, 1.000000, 0.000000
495.186748, -47.871276, 1.000000, 0.000000
495.196212, -47.799694, 1.000000, 0.000000
495.217029, -47.731581, 1.000000, 0.000000
495.292075, -47.445415, 1.000000, 0.000000
495.301539, -47.373833, 1.000000, 0.000000
495.311004, -47.302250, 1.000000, 0.000000
495.397402, -47.019555, 1.000000, 0.000000
495.406866, -46.947972, 1.000000, 0.000000
495.404979, -46.872920, 0.000000, 0.000000
495.425796, -46.804807, 0.000000, 0.000000
495.500841, -46.518641, 0.000000, 0.000000
495.521658, -46.450528, 0.000000, 0.000000
495.542475, -46.382415, 0.000000, 0.000000
495.617520, -46.096250, 0.000000, 0.000000
495.638337, -46.028137, 0.000000, 0.000000
495.659154, -45.960024, 0.000000, 0.000000
495.734200, -45.673859, 0.000000, 0.000000
495.755016, -45.605746, 0.000000, 0.000000
495.775833, -45.537633, 0.000000, 0.000000
495.796650, -45.469520, 0.000000, 0.000000
495.872163, -45.181826, 0.000000, 0.000000
495.892979, -45.113713, 0.000000, 0.000000
495.913796, -45.045600, 0.000000, 0.000000
495.989960, -44.755775, 0.000000, 0.000000
496.010777, -44.687662, 0.000000, 0.000000
496.031594, -44.619549, 0.000000, 0.000000
496.108433, -44.327515, 0.000000, 0.000000
496.129250, -44.259402, 0.000000, 0.000000
496.150067, -44.191289, 0.000000, 0.000000
496.170883, -44.123176, 0.000000, 0.000000
496.248421, -43.828857, 0.000000, 0.000000
496.269238, -43.760744, 0.000000, 0.000000
496.290055, -43.692631, 0.000000, 0.000000
496.368313, -43.395953, 0.000000, 0.000000
496.389130, -43.327840, 0.000000, 0.000000
496.409946, -43.259727, 0.000000, 0.000000
496.488948, -42.960618, 0.000000, 0.000000
496.509765, -42.892505, 0.000000, 0.000000
496.530581, -42.824392, 0.000000, 0.000000
496.551398, -42.756279, 0.000000, 0.000000
496.631165, -42.454666, 0.000000, 0.000000
496.651982, -42.386553, 0.000000, 0.000000
496.672799, -42.318440, 0.000000, 0.000000
496.752768, -42.016165, 0.000000, 0.000000
496.773585, -41.948052, 0.000000, 0.000000
496.794401, -41.879939, 0.000000, 0.000000
496.874371, -41.577663, 0.000000, 0.000000
496.895187, -41.509550, 0.000000, 0.000000
496.916004, -41.441437, 0.000000, 0.000000
496.936821, -41.373324, 0.000000, 0.000000
497.016790, -41.071048, 0.000000, 0.000000
497.037607, -41.002935, 0.000000, 0.000000
497.058424, -40.934822, 0.000000, 0.000000
497.138393, -40.632547, 0.000000, 0.000000
497.159210, -40.564434, 0.000000, 0.000000
497.180027, -40.496321, 0.000000, 0.000000
497.260849, -40.191295, 0.000000, 0.000000
497.281729, -40.123201, 0.000000, 0.000000
497.302609, -40.055108, 0.000000, 0.000000
497.312140, -39.983534, 0.000000, 0.000000
497.417497, -39.643771, 0.000000, 0.000000
497.439319, -39.575973, 0.000000, 0.000000
497.461140, -39.508175, 0.000000, 0.000000
497.565694, -39.148862, 0.000000, 0.000000
497.588845, -39.081506, 0.000000, 0.000000
497.611996, -39.014151, 0.000000, 0.000000
497.724339, -38.653607, 0.000000, 0.000000
497.748879, -38.586745, 0.000000, 0.000000
497.773418, -38.519883, 0.000000, 0.000000
497.786813, -38.448931, 0.000000, 0.000000
497.920009, -38.091918, 0.000000, 0.000000
497.945995, -38.025605, 0.000000, 0.000000
497.971982, -37.959292, 0.000000, 0.000000
498.102848, -37.597301, 0.000000, 0.000000
498.141292, -37.536181, 1.000000, 0.000000
498.179736, -37.475061, 1.000000, 0.000000
498.353849, -37.123831, 1.000000, 0.000000
498.393824, -37.063700, 1.000000, 0.000000
498.433798, -37.003569, 1.000000, 0.000000
498.462941, -36.938582, 1.000000, 0.000000
498.608263, -36.590191, 1.000000, 0.000000
498.617302, -36.515661, 1.000000, 0.000000
498.637067, -36.446214, 1.000000, 0.000000
498.770839, -36.163850, 1.000000, 0.000000
498.790605, -36.094402, 1.000000, 0.000000
501.674621, -37.381907, -1.000000, 0.000000
501.808393, -37.099542, -1.000000, 0.000000
501.838886, -37.035177, -1.000000, 0.000000
501.869379, -36.970812, -1.000000, 0.000000
501.899873, -36.906447, -1.000000, 0.000000
502.033644, -36.624082, -1.000000, 0.000000
502.064137, -36.559717, -1.000000, 0.000000
502.094631, -36.495352, -1.000000, 0.000000
502.228402, -36.212987, -1.000000, 0.000000
502.258896, -36.148622, -1.000000, 0.000000
502.289389, -36.084257, -1.000000, 0.000000
502.423160, -35.801893, -1.000000, 0.000000
502.453654, -35.737527, -1.000000, 0.000000
502.484147, -35.673162, -1.000000, 0.000000
502.514640, -35.608797, -1.000000, 0.000000
502.648412, -35.326432, -1.000000, 0.000000
502.678905, -35.262067, -1.000000, 0.000000
502.709398, -35.197702, -1.000000, 0.000000
502.843170, -34.915337, -1.000000, 0.000000
502.873663, -34.850972, -1.000000, 0.000000
502.904156, -34.786607, -1.000000, 0.000000
503.037928, -34.504243, -1.000000, 0.000000
503.068421, -34.439877, -1.000000, 0.000000
503.098914, -34.375512, -1.000000, 0.000000
503.129408, -34.311147, -1.000000, 0.000000
503.263179, -34.028782, -1.000000, 0.000000
503.293673, -33.964417, -1.000000, 0.000000
503.324166, -33.900052, -1.000000, 0.000000
503.457937, -33.617688, -1.000000, 0.000000
503.488431, -33.553322, -1.000000, 0.000000
503.518924, -33.488957, -1.000000, 0.000000
503.652453, -33.207104, -1.000000, 0.000000
503.682947, -33.142738, -1.000000, 0.000000
503.713440, -33.078373, -1.000000, 0.000000
503.743933, -33.014008, -1.000000, 0.000000
503.874044, -32.739371, -1.000000, 0.000000
503.904537, -32.675005, -1.000000, 0.000000
503.935031, -32.610640, -1.000000, 0.000000
504.061796, -32.343064, -1.000000, 0.000000
504.092290, -32.278698, -1.000000, 0.000000
504.122783, -32.214333, -1.000000, 0.000000
504.251364, -31.942925, -1.000000, 0.000000
504.281857, -31.878560, -1.000000, 0.000000
504.312350, -31.814195, -1.000000, 0.000000
504.437746, -31.549509, -1.000000, 0.000000
504.468240, -31.485144, -1.000000, 0.000000
504.498733, -31.420779, -1.000000, 0.000000
504.621030, -31.162635, -1.000000, 0.000000
504.651523, -31.098270, -1.000000, 0.000000
504.682016, -31.033905, -1.000000, 0.000000
504.806387, -30.771384, -1.000000, 0.000000
504.836880, -30.707019, -1.000000, 0.000000
504.867373, -30.642654, -1.000000, 0.000000
504.989030, -30.385860, -1.000000, 0.000000
505.019524, -30.321495, -1.000000, 0.000000
505.050017, -30.257130, -1.000000, 0.000000
505.171674, -30.000336, -1.000000, 0.000000
505.202167, -29.935971, -1.000000, 0.000000
505.232661, -29.871606, -1.000000, 0.000000
505.354318, -29.614812, -1.000000, 0.000000
505.384811, -29.550447, -1.000000, 0.000000
505.415304, -29.486082, -1.000000, 0.000000
505.536962, -29.229288, -1.000000, 0.000000
505.567487, -29.164938, -1.000000, 0.000000
505.598011, -29.100588, -1.000000, 0.000000
505.719795, -28.843854, -1.000000, 0.000000
505.751108, -28.779884, -1.000000, 0.000000
505.782421, -28.715914, -1.000000, 0.000000
505.907344, -28.460704, -1.000000, 0.000000
505.939653, -28.397231, -1.000000, 0.000000
505.971962, -28.333758, -1.000000, 0.000000
506.100860, -28.080533, -1.000000, 0.000000
506.134123, -28.017554, -1.000000, 0.000000
506.167386, -27.954576, -1.000000, 0.000000
506.300088, -27.703324, -1.000000, 0.000000
506.334264, -27.640836, -1.000000, 0.000000
506.368439, -27.578348, -1.000000, 0.000000
506.504783, -27.329054, -1.000000, 0.000000
506.539832, -27.267051, -1.000000, 0.000000
506.574881, -27.205049, -1.000000, 0.000000
506.714709, -26.957692, -1.000000, 0.000000
506.750594, -26.896170, -1.000000, 0.000000
506.786479, -26.834647, -1.000000, 0.000000
506.929640, -26.589205, -1.000000, 0.000000
506.966308, -26.528146, -1.000000, 0.000000
507.002975, -26.467087, -1.000000, 0.000000
507.149260, -26.223492, -1.000000, 0.000000
507.186342, -26.162683, -1.000000, 0.000000
507.223423, -26.101875, -1.000000, 0.000000
507.371366, -25.859272, -1.000000, 0.000000
507.408448, -25.798463, -1.000000, 0.000000
507.445530, -25.737655, -1.000000, 0.000000
507.593472, -25.495052, -1.000000, 0.000000
507.630554, -25.434244, -1.000000, 0.000000
507.667636, -25.373435, -1.000000, 0.000000
507.815579, -25.130832, -1.000000, 0.000000
507.852660, -25.070024, -1.000000, 0.000000
507.889742, -25.009216, -1.000000, 0.000000
508.037685, -24.766612, -1.000000, 0.000000
508.074767, -24.705804, -1.000000, 0.000000
508.111849, -24.644996, -1.000000, 0.000000
508.259791, -24.402393, -1.000000, 0.000000
508.296873, -24.341584, -1.000000, 0.000000
508.333955, -24.280776, -1.000000, 0.000000
508.481898, -24.038173, -1.000000, 0.000000
508.518979, -23.977365, -1.000000, 0.000000
508.556061, -23.916556, -1.000000, 0.000000
508.704004, -23.673953, -1.000000, 0.000000
508.741086, -23.613145, -1.000000, 0.000000
508.778168, -23.552336, -1.000000, 0.000000
508.926110, -23.309733, -1.000000, 0.000000
508.963192, -23.248925, -1.000000, 0.000000
509.000274, -23.188116, -1.000000, 0.000000
509.148216, -22.945514, -1.000000, 0.000000
509.185298, -22.884705, -1.000000, 0.000000
509.222380, -22.823897, -1.000000, 0.000000
509.370323, -22.581294, -1.000000, 0.000000
509.407405, -22.520485, -1.000000, 0.000000
509.444486, -22.459677, -1.000000, 0.000000
509.592429, -22.217074, -1.000000, 0.000000
509.629511, -22.156265, -1.000000, 0.000000
509.666593, -22.095457, -1.000000, 0.000000
509.814639, -21.852684, -1.000000, 0.000000
509.851721, -21.791875, -1.000000, 0.000000
509.888803, -21.731067, -1.000000, 0.000000
510.039481, -21.483978, -1.000000, 0.000000
510.076563, -21.423170, -1.000000, 0.000000
510.113645, -21.362362, -1.000000, 0.000000
510.150726, -21.301553, -1.000000, 0.000000
510.297912, -21.060192, -1.000000, 0.000000
510.334994, -20.999384, -1.000000, 0.000000
510.372075, -20.938575, -1.000000, 0.000000
510.522004, -20.692716, -1.000000, 0.000000
510.559086, -20.631907, -1.000000, 0.000000
510.596168, -20.571099, -1.000000, 0.000000
510.748892, -20.320654, -1.000000, 0.000000
510.785974, -20.259845, -1.000000, 0.000000
510.823056, -20.199037, -1.000000, 0.000000
510.978628, -19.943923, -1.000000, 0.000000
511.015710, -19.883115, -1.000000, 0.000000
511.052792, -19.822306, -1.000000, 0.000000
511.205080, -19.572577, -1.000000, 0.000000
511.242162, -19.511769, -1.000000, 0.000000
511.279244, -19.450961, -1.000000, 0.000000
511.316325, -19.390152, -1.000000, 0.000000
511.471439, -19.135789, -1.000000, 0.000000
511.508521, -19.074981, -1.000000, 0.000000
511.545603, -19.014172, -1.000000, 0.000000
511.700717, -18.759810, -1.000000, 0.000000
511.737799, -18.699001, -1.000000, 0.000000
511.774880, -18.638193, -1.000000, 0.000000
511.929994, -18.383830, -1.000000, 0.000000
511.967076, -18.323022, -1.000000, 0.000000
512.004158, -18.262214, -1.000000, 0.000000
512.041240, -18.201405, -1.000000, 0.000000
512.196354, -17.947042, -1.000000, 0.000000
512.233436, -17.886234, -1.000000, 0.000000
512.270517, -17.825426, -1.000000, 0.000000
512.425631, -17.571063, -1.000000, 0.000000
512.462713, -17.510255, -1.000000, 0.000000
512.499795, -17.449446, -1.000000, 0.000000
512.654909, -17.195084, -1.000000, 0.000000
512.692315, -17.134474, -1.000000, 0.000000
512.729720, -17.073864, -1.000000, 0.000000
512.767126, -17.013255, -1.000000, 0.000000
512.924511, -16.760328, -1.000000, 0.000000
512.963306, -16.700598, -1.000000, 0.000000
513.002101, -16.640868, -1.000000, 0.000000
513.164851, -16.391359, -1.000000, 0.000000
513.205093, -16.332594, -1.000000, 0.000000
513.245334, -16.273829, -1.000000, 0.000000
513.413649, -16.028036, -1.000000, 0.000000
513.455370, -15.970312, -1.000000, 0.000000
513.497091, -15.912587, -1.000000, 0.000000
513.538812, -15.854863, -1.000000, 0.000000
513.714319, -15.614173, -1.000000, 0.000000
452.438348, -132.770139, 1.000000, -1.#QNAN0
452.671300, -132.506599, 1.000000, -1.#QNAN0
452.709488, -132.445319, 1.000000, -1.#QNAN0
452.756582, -132.391887, 1.000000, -1.#QNAN0
452.803675, -132.338456, 1.000000, -1.#QNAN0
453.036187, -132.074565, 1.000000, -1.#QNAN0
453.083198, -132.021060, 1.000000, -1.#QNAN0
453.139126, -131.975392, 1.000000, -1.#QNAN0
453.186137, -131.921887, 1.000000, -1.#QNAN0
453.418234, -131.657620, 1.000000, -1.#QNAN0
453.465162, -131.604043, 1.000000, -1.#QNAN0
453.503162, -131.542645, 1.000000, -1.#QNAN0
453.550090, -131.489069, 1.000000, -1.#QNAN0
453.781749, -131.224453, 1.000000, -1.#QNAN0
453.828596, -131.170805, 1.000000, -1.#QNAN0
453.875443, -131.117157, 1.000000, -1.#QNAN0
454.106758, -130.852254, 1.000000, -1.#QNAN0
454.144570, -130.790740, 1.000000, -1.#QNAN0
454.191334, -130.737021, 1.000000, -1.#QNAN0
454.238099, -130.683301, 1.000000, -1.#QNAN0
454.468917, -130.418126, 1.000000, -1.#QNAN0
454.515603, -130.364338, 1.000000, -1.#QNAN0
454.562289, -130.310549, 1.000000, -1.#QNAN0
454.608975, -130.256761, 1.000000, -1.#QNAN0
454.838535, -129.992252, 1.000000, -1.#QNAN0
454.885182, -129.938430, 1.000000, -1.#QNAN0
454.931830, -129.884609, 1.000000, -1.#QNAN0
454.978477, -129.830788, 1.000000, -1.#QNAN0
455.207044, -129.567071, 1.000000, -1.#QNAN0
455.253691, -129.513249, 1.000000, -1.#QNAN0
455.300338, -129.459428, 1.000000, -1.#QNAN0
455.346986, -129.405607, 1.000000, -1.#QNAN0
455.575552, -129.141889, 1.000000, -1.#QNAN0
455.622200, -129.088068, 1.000000, -1.#QNAN0
455.668847, -129.034247, 1.000000, -1.#QNAN0
455.715495, -128.980425, 1.000000, -1.#QNAN0
455.944062, -128.716708, 1.000000, -1.#QNAN0
455.999679, -128.670661, 1.000000, -1.#QNAN0
456.046327, -128.616840, 1.000000, -1.#QNAN0
456.265923, -128.345348, 1.000000, -1.#QNAN0
456.312570, -128.291527, 1.000000, -1.#QNAN0
456.359218, -128.237706, 1.000000, -1.#QNAN0
456.405865, -128.183884, 1.000000, -1.#QNAN0
456.634432, -127.920167, 1.000000, -1.#QNAN0
456.681079, -127.866346, 1.000000, -1.#QNAN0
456.727727, -127.812524, 1.000000, -1.#QNAN0
456.774374, -127.758703, 1.000000, -1.#QNAN0
457.002941, -127.494986, 1.000000, -1.#QNAN0
457.049589, -127.441164, 1.000000, -1.#QNAN0
457.096236, -127.387343, 1.000000, -1.#QNAN0
457.142883, -127.333522, 1.000000, -1.#QNAN0
457.371450, -127.069804, 1.000000, -1.#QNAN0
457.418097, -127.015983, 1.000000, -1.#QNAN0
457.464745, -126.962162, 1.000000, -1.#QNAN0
457.511392, -126.908341, 1.000000, -1.#QNAN0
457.748958, -126.652365, 1.000000, -1.#QNAN0
457.795605, -126.598544, 1.000000, -1.#QNAN0
457.842252, -126.544722, 1.000000, -1.#QNAN0
457.888900, -126.490901, 1.000000, -1.#QNAN0
458.126874, -126.234454, 1.000000, -1.#QNAN0
458.173521, -126.180633, 1.000000, -1.#QNAN0
458.220169, -126.126811, 1.000000, -1.#QNAN0
458.266816, -126.072990, 1.000000, -1.#QNAN0
458.497425, -125.825041, 1.000000, -1.#QNAN0
458.544072, -125.771220, 1.000000, -1.#QNAN0
458.590720, -125.717399, 1.000000, -1.#QNAN0
458.637367, -125.663578, 1.000000, -1.#QNAN0
458.859415, -125.407381, 1.000000, -1.#QNAN0
458.915033, -125.361334, 1.000000, -1.#QNAN0
458.961680, -125.307513, 1.000000, -1.#QNAN0
459.008328, -125.253692, 1.000000, -1.#QNAN0
459.230787, -124.997021, 1.000000, -1.#QNAN0
459.286405, -124.950974, 1.000000, -1.#QNAN0
459.333052, -124.897153, 1.000000, -1.#QNAN0
459.379700, -124.843331, 1.000000, -1.#QNAN0
459.611541, -124.593960, 1.000000, -1.#QNAN0
459.658189, -124.540139, 1.000000, -1.#QNAN0
459.704836, -124.486317, 1.000000, -1.#QNAN0
459.751484, -124.432496, 1.000000, -1.#QNAN0
459.974767, -124.174874, 1.000000, -1.#QNAN0
460.030385, -124.128827, 1.000000, -1.#QNAN0
460.068062, -124.067232, 1.000000, -1.#QNAN0
460.114710, -124.013410, 1.000000, -1.#QNAN0
460.338378, -123.755344, 1.000000, -1.#QNAN0
460.385026, -123.701523, 1.000000, -1.#QNAN0
460.431673, -123.647701, 1.000000, -1.#QNAN0
460.478321, -123.593880, 1.000000, -1.#QNAN0
460.701989, -123.335814, 1.000000, -1.#QNAN0
460.748636, -123.281993, 1.000000, -1.#QNAN0
460.795284, -123.228172, 1.000000, -1.#QNAN0
460.850902, -123.182125, 1.000000, -1.#QNAN0
461.074570, -122.924059, 1.000000, -1.#QNAN0
461.121217, -122.870238, 1.000000, -1.#QNAN0
461.167865, -122.816417, 1.000000, -1.#QNAN0
461.214512, -122.762596, 1.000000, -1.#QNAN0
461.447151, -122.512304, 1.000000, -1.#QNAN0
461.493799, -122.458483, 1.000000, -1.#QNAN0
461.540446, -122.404661, 1.000000, -1.#QNAN0
461.587094, -122.350840, 1.000000, -1.#QNAN0
461.819732, -122.100549, 1.000000, -1.#QNAN0
461.866379, -122.046728, 1.000000, -1.#QNAN0
461.921997, -122.000681, 1.000000, -1.#QNAN0
461.968645, -121.946860, 1.000000, -1.#QNAN0
462.192313, -121.688794, 1.000000, -1.#QNAN0
462.238960, -121.634973, 1.000000, -1.#QNAN0
462.294578, -121.588926, 1.000000, -1.#QNAN0
462.332255, -121.527330, 1.000000, -1.#QNAN0
462.555924, -121.269264, 1.000000, -1.#QNAN0
462.602571, -121.215443, 1.000000, -1.#QNAN0
462.658189, -121.169396, 1.000000, -1.#QNAN0
462.704837, -121.115575, 1.000000, -1.#QNAN0
462.937475, -120.865283, 1.000000, -1.#QNAN0
462.984123, -120.811462, 1.000000, -1.#QNAN0
463.030770, -120.757641, 1.000000, -1.#QNAN0
463.077417, -120.703819, 1.000000, -1.#QNAN0
463.309953, -120.453655, 1.000000, -1.#QNAN0
463.356605, -120.399838, 1.000000, -1.#QNAN0
463.403257, -120.346021, 1.000000, -1.#QNAN0
463.440939, -120.284428, 2.000000, -1.#QNAN0
463.664126, -120.027000, 2.000000, -1.#QNAN0
463.710801, -119.973203, 2.000000, -1.#QNAN0
463.757475, -119.919405, 2.000000, -1.#QNAN0
463.804150, -119.865607, 2.000000, -1.#QNAN0
464.027075, -119.608727, 2.000000, -1.#QNAN0
464.073789, -119.554963, 2.000000, -1.#QNAN0
464.120503, -119.501199, 2.000000, -1.#QNAN0
464.167217, -119.447435, 2.000000, -1.#QNAN0
464.390321, -119.190727, 2.000000, -1.#QNAN0
464.437074, -119.136997, 2.000000, -1.#QNAN0
464.483828, -119.083268, 2.000000, -1.#QNAN0
464.530581, -119.029538, 2.000000, -1.#QNAN0
464.762815, -118.780802, 2.000000, -1.#QNAN0
464.809608, -118.727107, 2.000000, -1.#QNAN0
464.856401, -118.673412, 2.000000, -1.#QNAN0
463.471334, -117.371902, 2.000000, -1.#QNAN0
463.695728, -117.114479, 2.000000, -1.#QNAN0
463.742561, -117.060819, 2.000000, -1.#QNAN0
463.789394, -117.007159, 2.000000, -1.#QNAN0
463.836228, -116.953500, 2.000000, -1.#QNAN0
464.060814, -116.696245, 2.000000, -1.#QNAN0
464.107688, -116.642620, 2.000000, -1.#QNAN0
464.154561, -116.588996, 2.000000, -1.#QNAN0
464.201435, -116.535371, 2.000000, -1.#QNAN0
464.426212, -116.278281, 2.000000, -1.#QNAN0
464.482053, -116.232505, 2.000000, -1.#QNAN0
464.528962, -116.178912, 2.000000, -1.#QNAN0
464.575871, -116.125318, 2.000000, -1.#QNAN0
464.800801, -115.868360, 2.000000, -1.#QNAN0
464.847724, -115.814779, 2.000000, -1.#QNAN0
464.894648, -115.761198, 2.000000, -1.#QNAN0
464.941572, -115.707618, 2.000000, -1.#QNAN0
465.166565, -115.450706, 2.000000, -1.#QNAN0
465.213488, -115.397126, 2.000000, -1.#QNAN0
465.269342, -115.351366, 2.000000, -1.#QNAN0
465.316266, -115.297785, 2.000000, -1.#QNAN0
465.541259, -115.040873, 2.000000, -1.#QNAN0
465.588183, -114.987292, 2.000000, -1.#QNAN0
465.635107, -114.933712, 2.000000, -1.#QNAN0
465.682030, -114.880131, 2.000000, -1.#QNAN0
465.907023, -114.623219, 2.000000, -1.#QNAN0
465.953947, -114.569639, 0.000000, -1.#QNAN0
466.000871, -114.516058, 0.000000, -1.#QNAN0
466.056725, -114.470298, 0.000000, -1.#QNAN0
466.281717, -114.213387, 0.000000, -1.#QNAN0
466.328641, -114.159806, 0.000000, -1.#QNAN0
466.375565, -114.106225, 0.000000, -1.#QNAN0
466.422489, -114.052645, 0.000000, -1.#QNAN0
466.647482, -113.795733, 0.000000, -1.#QNAN0
466.694406, -113.742152, 0.000000, -1.#QNAN0
466.741329, -113.688571, 0.000000, -1.#QNAN0
466.788253, -113.634991, 0.000000, -1.#QNAN0
467.013246, -113.378079, 0.000000, -1.#QNAN0
467.069100, -113.332319, 0.000000, -1.#QNAN0
467.116023, -113.278739, 0.000000, -1.#QNAN0
467.162947, -113.225158, 0.000000, -1.#QNAN0
467.387940, -112.968246, 0.000000, -1.#QNAN0
467.434864, -112.914666, 0.000000, -1.#QNAN0
467.481787, -112.861085, 0.000000, -1.#QNAN0
467.528711, -112.807505, 0.000000, -1.#QNAN0
467.753391, -112.550950, 0.000000, -1.#QNAN0
467.800315, -112.497370, 0.000000, -1.#QNAN0
467.856169, -112.451610, 0.000000, -1.#QNAN0
467.903092, -112.398029, 0.000000, -1.#QNAN0
468.126691, -112.142709, 0.000000, -1.#QNAN0
468.173615, -112.089129, 0.000000, -1.#QNAN0
468.220539, -112.035548, 0.000000, -1.#QNAN0
468.450878, -111.772531, 0.000000, -1.#QNAN0
468.497802, -111.718951, 0.000000, -1.#QNAN0
468.544725, -111.665370, 0.000000, -1.#QNAN0
468.591649, -111.611790, 0.000000, -1.#QNAN0
468.829839, -111.357827, 0.000000, -1.#QNAN0
468.876762, -111.304246, 0.000000, -1.#QNAN0
468.923686, -111.250666, 0.000000, -1.#QNAN0
468.970610, -111.197085, 0.000000, -1.#QNAN0
469.198789, -110.936535, 0.000000, -1.#QNAN0
469.245713, -110.882954, 0.000000, -1.#QNAN0
469.292636, -110.829374, 0.000000, -1.#QNAN0
469.339560, -110.775793, 0.000000, -1.#QNAN0
469.566659, -110.516476, 0.000000, -1.#QNAN0
469.613583, -110.462896, 0.000000, -1.#QNAN0
469.669437, -110.417136, 0.000000, -1.#QNAN0
469.716361, -110.363555, 0.000000, -1.#QNAN0
469.942381, -110.105470, 0.000000, -1.#QNAN0
469.989305, -110.051890, 0.000000, -1.#QNAN0
470.036228, -109.998309, 0.000000, -1.#QNAN0
470.083152, -109.944729, 0.000000, -1.#QNAN0
470.308406, -109.687519, 0.000000, -1.#QNAN0
470.355329, -109.633939, 0.000000, -1.#QNAN0
470.402253, -109.580358, 0.000000, -1.#QNAN0
470.636437, -109.330970, 0.000000, -1.#QNAN0
470.683360, -109.277389, 0.000000, -1.#QNAN0
470.730284, -109.223808, 0.000000, -1.#QNAN0
470.777208, -109.170228, 0.000000, -1.#QNAN0
471.002461, -108.913018, 0.000000, -1.#QNAN0
471.049385, -108.859438, 0.000000, -1.#QNAN0
471.096309, -108.805857, 0.000000, -1.#QNAN0
471.143233, -108.752276, 0.000000, -1.#QNAN0
471.368486, -108.495067, 0.000000, -1.#QNAN0
471.424340, -108.449307, 0.000000, -1.#QNAN0
471.471264, -108.395727, 0.000000, -1.#QNAN0
471.518187, -108.342146, 0.000000, -1.#QNAN0
471.743441, -108.084937, 0.000000, -1.#QNAN0
471.790365, -108.031356, 0.000000, -1.#QNAN0
471.837288, -107.977776, 0.000000, -1.#QNAN0
471.884212, -107.924195, 0.000000, -1.#QNAN0
472.109466, -107.666985, 0.000000, -1.#QNAN0
472.156390, -107.613405, 0.000000, -1.#QNAN0
472.203313, -107.559824, 0.000000, -1.#QNAN0
472.259167, -107.514064, 0.000000, -1.#QNAN0
472.484421, -107.256855, 0.000000, -1.#QNAN0
472.531344, -107.203274, 0.000000, -1.#QNAN0
472.578268, -107.149694, 0.000000, -1.#QNAN0
472.803563, -106.892437, 0.000000, -1.#QNAN0
472.850461, -106.838834, 0.000000, -1.#QNAN0
472.897359, -106.785231, 0.000000, -1.#QNAN0
472.944257, -106.731628, 0.000000, -1.#QNAN0
473.169872, -106.473638, 0.000000, -1.#QNAN0
473.225413, -106.427499, 0.000000, -1.#QNAN0
473.271971, -106.373600, 0.000000, -1.#QNAN0
473.318529, -106.319701, 0.000000, -1.#QNAN0
473.542693, -106.059859, 0.000000, -1.#QNAN0
473.588766, -106.005544, 0.000000, -1.#QNAN0
473.634839, -105.951230, 0.000000, -1.#QNAN0
473.680911, -105.896916, 0.000000, -1.#QNAN0
473.902686, -105.634939, 0.000000, -1.#QNAN0
473.948242, -105.580191, 0.000000, -1.#QNAN0
474.002923, -105.533035, 0.000000, -1.#QNAN0
474.048479, -105.478287, 0.000000, -1.#QNAN0
474.267781, -105.213982, 0.000000, -1.#QNAN0
474.312787, -105.158781, 0.000000, -1.#QNAN0
474.357793, -105.103580, 0.000000, -1.#QNAN0
474.402799, -105.048379, 0.000000, -1.#QNAN0
474.619381, -104.781727, 0.000000, -1.#QNAN0
474.663800, -104.726052, 0.000000, -1.#QNAN0
474.708220, -104.670378, 0.000000, -1.#QNAN0
474.922607, -104.401650, 0.000000, -1.#QNAN0
474.975716, -104.352732, 0.000000, -1.#QNAN0
475.019458, -104.296523, 0.000000, -1.#QNAN0
475.063199, -104.240315, 0.000000, -1.#QNAN0
475.274011, -103.969232, 0.000000, -1.#QNAN0
475.317241, -103.912628, 0.000000, -1.#QNAN0
475.360470, -103.856025, 0.000000, -1.#QNAN0
475.403700, -103.799422, 0.000000, -1.#QNAN0
475.611220, -103.527703, 0.000000, -1.#QNAN0
475.654450, -103.471100, 0.000000, -1.#QNAN0
475.707114, -103.421701, 0.000000, -1.#QNAN0
475.750343, -103.365098, 0.000000, -1.#QNAN0
475.957864, -103.093379, 0.000000, -1.#QNAN0
476.001093, -103.036776, 0.000000, -1.#QNAN0
476.044323, -102.980173, 0.000000, -1.#QNAN0
476.087553, -102.923570, 0.000000, -1.#QNAN0
476.295073, -102.651850, 0.000000, -1.#QNAN0
476.338303, -102.595247, 0.000000, -1.#QNAN0
476.381533, -102.538644, 0.000000, -1.#QNAN0
476.434196, -102.489245, 0.000000, -1.#QNAN0
476.641717, -102.217526, 0.000000, -1.#QNAN0
476.684946, -102.160923, 0.000000, -1.#QNAN0
476.728176, -102.104320, 0.000000, -1.#QNAN0
476.935696, -101.832601, 0.000000, -1.#QNAN0
476.978926, -101.775997, 0.000000, -1.#QNAN0
477.022156, -101.719394, 0.000000, -1.#QNAN0
477.065385, -101.662791, 0.000000, -1.#QNAN0
477.272906, -101.391071, 0.000000, -1.#QNAN0
477.316136, -101.334468, 0.000000, -1.#QNAN0
477.368799, -101.285070, 0.000000, -1.#QNAN0
477.412029, -101.228467, 0.000000, -1.#QNAN0
477.619549, -100.956748, 0.000000, -1.#QNAN0
477.662779, -100.900144, 0.000000, -1.#QNAN0
477.687141, -100.829131, 1.000000, -1.#QNAN0
477.702069, -100.750913, 1.000000, -1.#QNAN0
477.890722, -100.464784, 1.000000, -1.#QNAN0
477.924518, -100.400976, 1.000000, -1.#QNAN0
477.958313, -100.337168, 1.000000, -1.#QNAN0
477.992109, -100.273360, 1.000000, -1.#QNAN0
478.189727, -99.995049, 1.000000, -1.#QNAN0
478.232957, -99.938446, 1.000000, -1.#QNAN0
478.276187, -99.881843, 1.000000, -1.#QNAN0
478.319416, -99.825240, 1.000000, -1.#QNAN0
478.511189, -99.554583, 1.000000, -1.#QNAN0
478.554419, -99.497979, 1.000000, -1.#QNAN0
478.597649, -99.441376, 1.000000, -1.#QNAN0
478.800240, -99.176111, 1.000000, -1.#QNAN0
478.843469, -99.119508, 1.000000, -1.#QNAN0
478.886699, -99.062905, 1.000000, -1.#QNAN0
478.929929, -99.006302, 1.000000, -1.#QNAN0
479.117292, -98.741418, 1.000000, -1.#QNAN0
479.160521, -98.684815, 1.000000, -1.#QNAN0
479.203751, -98.628212, 1.000000, -1.#QNAN0
479.246981, -98.571609, 1.000000, -1.#QNAN0
479.438011, -98.321482, 1.000000, -1.#QNAN0
479.481240, -98.264879, 1.000000, -1.#QNAN0
479.533904, -98.215481, 1.000000, -1.#QNAN0
479.726401, -97.963432, 1.000000, -1.#QNAN0
479.788498, -97.921239, 1.000000, -1.#QNAN0
481.793971, -99.363263, 1.000000, -1.#QNAN0
481.846634, -99.313865, 1.000000, -1.#QNAN0
482.033425, -99.069289, 1.000000, -1.#QNAN0
482.086088, -99.019890, 1.000000, -1.#QNAN0
482.129318, -98.963287, 1.000000, -1.#QNAN0
482.327525, -98.723320, 1.000000, -1.#QNAN0
482.370755, -98.666717, 1.000000, -1.#QNAN0
482.423418, -98.617318, 1.000000, -1.#QNAN0
482.612192, -98.370146, 1.000000, -1.#QNAN0
482.664855, -98.320748, 1.000000, -1.#QNAN0
482.708085, -98.264144, 1.000000, -1.#QNAN0
482.760748, -98.214746, 1.000000, -1.#QNAN0
482.949522, -97.967573, 1.000000, -1.#QNAN0
482.992752, -97.910970, 1.000000, -1.#QNAN0
483.035981, -97.854367, 1.000000, -1.#QNAN0
483.224755, -97.607195, 1.000000, -1.#QNAN0
483.267984, -97.550592, 1.000000, -1.#QNAN0
483.311214, -97.493988, 1.000000, -1.#QNAN0
483.499987, -97.246816, 1.000000, -1.#QNAN0
483.543217, -97.190213, 1.000000, -1.#QNAN0
483.595880, -97.140814, 1.000000, -1.#QNAN0
483.639110, -97.084211, 1.000000, -1.#QNAN0
483.833108, -96.829843, 1.000000, -1.#QNAN0
483.885605, -96.780267, 1.000000, -1.#QNAN0
483.928643, -96.723518, 1.000000, -1.#QNAN0
484.164823, -96.428898, 1.000000, -1.#QNAN0
484.206430, -96.371091, 1.000000, -1.#QNAN0
484.248036, -96.313284, 1.000000, -1.#QNAN0
484.486290, -95.999762, 1.000000, -1.#QNAN0
484.526087, -95.940695, 1.000000, -1.#QNAN0
484.565885, -95.881628, 1.000000, -1.#QNAN0
484.615526, -95.829194, 1.000000, -1.#QNAN0
484.842396, -95.508254, 1.000000, -1.#QNAN0
484.890419, -95.454333, 1.000000, -1.#QNAN0
484.928400, -95.394083, 1.000000, -1.#QNAN0
485.145580, -95.067569, 1.000000, -1.#QNAN0
485.191974, -95.012241, 1.000000, -1.#QNAN0
485.238367, -94.956912, 1.000000, -1.#QNAN0
485.445975, -94.625106, 1.000000, -1.#QNAN0
485.490736, -94.568449, 1.000000, -1.#QNAN0
485.535497, -94.511791, 1.000000, -1.#QNAN0
485.580258, -94.455133, 1.000000, -1.#QNAN0
485.776645, -94.117360, 1.000000, -1.#QNAN0
485.819776, -94.059452, 1.000000, -1.#QNAN0
485.852352, -93.996115, 1.000000, -1.#QNAN0
486.036054, -93.660979, 1.000000, -1.#QNAN0
486.077714, -93.602005, 1.000000, -1.#QNAN0
486.108686, -93.537868, 1.000000, -1.#QNAN0
486.265777, -93.239328, 1.000000, -1.#QNAN0
486.306895, -93.179973, 1.000000, -1.#QNAN0
486.337276, -93.115555, 1.000000, -1.#QNAN0
486.367657, -93.051137, 1.000000, -1.#QNAN0
486.500324, -92.769836, 1.000000, -1.#QNAN0
486.530705, -92.705418, 1.000000, -1.#QNAN0
486.571822, -92.646063, 1.000000, -1.#QNAN0
486.704490, -92.364762, 1.000000, -1.#QNAN0
486.745607, -92.305408, 1.000000, -1.#QNAN0
486.786724, -92.246053, 1.000000, -1.#QNAN0
486.930128, -91.969816, 1.000000, -1.#QNAN0
486.960509, -91.905397, 1.000000, -1.#QNAN0
486.990890, -91.840979, 1.000000, -1.#QNAN0
487.021271, -91.776561, 1.000000, -1.#QNAN0
487.164674, -91.500323, 1.000000, -1.#QNAN0
487.205792, -91.440969, 1.000000, -1.#QNAN0
487.236173, -91.376550, 1.000000, -1.#QNAN0
487.379576, -91.100313, 1.000000, -1.#QNAN0
487.409957, -91.035895, 1.000000, -1.#QNAN0
487.451075, -90.976540, 1.000000, -1.#QNAN0
487.594478, -90.700303, 1.000000, -1.#QNAN0
487.635595, -90.640949, 1.000000, -1.#QNAN0
487.676713, -90.581594, 1.000000, -1.#QNAN0
487.707094, -90.517176, 1.000000, -1.#QNAN0
487.850497, -90.240938, 1.000000, -1.#QNAN0
487.880878, -90.176520, 1.000000, -1.#QNAN0
487.911259, -90.112102, 1.000000, -1.#QNAN0
488.054663, -89.835865, 1.000000, -1.#QNAN0
488.095780, -89.776510, 1.000000, -1.#QNAN0
488.126161, -89.712092, 1.000000, -1.#QNAN0
488.269565, -89.435855, 1.000000, -1.#QNAN0
488.310682, -89.376500, 1.000000, -1.#QNAN0
488.351799, -89.317145, 1.000000, -1.#QNAN0
488.392917, -89.257790, 1.000000, -1.#QNAN0
488.536437, -88.981305, 1.000000, -1.#QNAN0
488.566818, -88.916887, 1.000000, -1.#QNAN0
488.607936, -88.857532, 1.000000, -1.#QNAN0
488.741669, -88.573971, 1.000000, -1.#QNAN0
488.772050, -88.509553, 1.000000, -1.#QNAN0
488.802431, -88.445134, 1.000000, -1.#QNAN0
488.932249, -88.169874, 1.000000, -1.#QNAN0
488.962630, -88.105456, 1.000000, -1.#QNAN0
488.982275, -88.035974, 1.000000, -1.#QNAN0
488.991183, -87.961429, 1.000000, -1.#QNAN0
489.100874, -87.673190, 1.000000, -1.#QNAN0
489.120518, -87.603708, 1.000000, -1.#QNAN0
489.140163, -87.534226, 1.000000, -1.#QNAN0
489.272863, -87.252855, 1.000000, -1.#QNAN0
489.292508, -87.183374, 1.000000, -1.#QNAN0
489.322889, -87.118955, 1.000000, -1.#QNAN0
489.364006, -87.059601, 1.000000, -1.#QNAN0
489.498431, -86.774572, 1.000000, -1.#QNAN0
489.528812, -86.710154, 1.000000, -1.#QNAN0
489.559193, -86.645736, 1.000000, -1.#QNAN0
489.695527, -86.356660, 1.000000, -1.#QNAN0
489.725908, -86.292242, 1.000000, -1.#QNAN0
489.767025, -86.232887, 1.000000, -1.#QNAN0
489.797406, -86.168469, 1.000000, -1.#QNAN0
489.946261, -85.880674, 1.000000, -1.#QNAN0
489.987378, -85.821319, 1.000000, -1.#QNAN0
490.028496, -85.761964, 1.000000, -1.#QNAN0
490.166614, -85.469106, 1.000000, -1.#QNAN0
490.196995, -85.404688, 1.000000, -1.#QNAN0
490.227376, -85.340270, 1.000000, -1.#QNAN0
490.257757, -85.275851, 1.000000, -1.#QNAN0
490.395875, -84.982992, 1.000000, -1.#QNAN0
490.426256, -84.918574, 1.000000, -1.#QNAN0
490.445900, -84.849092, 1.000000, -1.#QNAN0
490.584019, -84.556234, 1.000000, -1.#QNAN0
490.614400, -84.491815, 1.000000, -1.#QNAN0
490.634044, -84.422334, 1.000000, -1.#QNAN0
490.653689, -84.352852, 1.000000, -1.#QNAN0
490.770334, -84.049867, 1.000000, -1.#QNAN0
490.800715, -83.985448, 1.000000, -1.#QNAN0
490.831096, -83.921030, 1.000000, -1.#QNAN0
490.969214, -83.628171, 1.000000, -1.#QNAN0
491.010332, -83.568816, 1.000000, -1.#QNAN0
491.040713, -83.504398, 1.000000, -1.#QNAN0
491.081830, -83.445043, 1.000000, -1.#QNAN0
491.233894, -83.121232, 1.000000, -1.#QNAN0
491.263550, -83.056477, 1.000000, -1.#QNAN0
491.293207, -82.991722, 1.000000, -1.#QNAN0
491.448592, -82.651437, 1.000000, -1.#QNAN0
491.466296, -82.581436, 1.000000, -1.#QNAN0
491.494873, -82.516197, 1.000000, -1.#QNAN0
491.523449, -82.450958, 1.000000, -1.#QNAN0
491.673018, -82.106899, 1.000000, -1.#QNAN0
491.711432, -82.045759, 1.000000, -1.#QNAN0
491.749845, -81.984620, 1.000000, -1.#QNAN0
491.894385, -81.637563, 1.000000, -1.#QNAN0
491.931744, -81.575773, 1.000000, -1.#QNAN0
491.958073, -81.509595, 1.000000, -1.#QNAN0
491.984402, -81.443417, 1.000000, -1.#QNAN0
492.133687, -81.097397, 1.000000, -1.#QNAN0
492.169973, -81.034971, 1.000000, -1.#QNAN0
492.195154, -80.968348, 1.000000, -1.#QNAN0
492.339260, -80.619344, 1.000000, -1.#QNAN0
492.374456, -80.556297, 1.000000, -1.#QNAN0
492.420826, -80.497254, 1.000000, -1.#QNAN0
492.456021, -80.434207, 1.000000, -1.#QNAN0
492.605144, -80.085066, 1.000000, -1.#QNAN0
492.650475, -80.025221, 1.000000, -1.#QNAN0
492.673320, -79.957761, 1.000000, -1.#QNAN0
492.782394, -79.635538, 1.000000, -1.#QNAN0
492.793628, -79.564212, 1.000000, -1.#QNAN0
492.816124, -79.496635, 1.000000, -1.#QNAN0
492.849884, -79.432808, 1.000000, -1.#QNAN0
492.963422, -79.129339, 1.000000, -1.#QNAN0
493.008445, -79.069261, 1.000000, -1.#QNAN0
493.042205, -79.005434, 1.000000, -1.#QNAN0
493.155743, -78.701966, 1.000000, -1.#QNAN0
493.178240, -78.634389, 1.000000, -1.#QNAN0
493.200737, -78.566812, 1.000000, -1.#QNAN0
493.223233, -78.499236, 1.000000, -1.#QNAN0
493.336772, -78.195767, 1.000000, -1.#QNAN0
493.359268, -78.128191, 1.000000, -1.#QNAN0
493.393028, -78.064363, 1.000000, -1.#QNAN0
493.506567, -77.760895, 1.000000, -1.#QNAN0
493.540326, -77.697067, 1.000000, -1.#QNAN0
493.562823, -77.629491, 1.000000, -1.#QNAN0
493.574057, -77.558164, 1.000000, -1.#QNAN0
493.687595, -77.254696, 1.000000, -1.#QNAN0
493.710092, -77.187120, 1.000000, -1.#QNAN0
493.732589, -77.119543, 1.000000, -1.#QNAN0
493.834864, -76.812325, 1.000000, -1.#QNAN0
493.857361, -76.744748, 1.000000, -1.#QNAN0
493.879858, -76.677172, 1.000000, -1.#QNAN0
493.891092, -76.605846, 1.000000, -1.#QNAN0
493.982105, -76.294878, 1.000000, -1.#QNAN0
493.993339, -76.223552, 1.000000, -1.#QNAN0
493.993311, -76.148476, 1.000000, -1.#QNAN0
494.073060, -75.833759, 1.000000, -1.#QNAN0
494.073032, -75.758684, 1.000000, -1.#QNAN0
494.084266, -75.687357, 1.000000, -1.#QNAN0
494.095500, -75.616031, 1.000000, -1.#QNAN0
494.186513, -75.305064, 1.000000, -1.#QNAN0
494.197747, -75.233738, 1.000000, -1.#QNAN0
494.208981, -75.162412, 1.000000, -1.#QNAN0
494.299652, -74.852471, 1.000000, -1.#QNAN0
494.310886, -74.781145, 1.000000, -1.#QNAN0
494.322120, -74.709819, 1.000000, -1.#QNAN0
494.333354, -74.638493, 1.000000, -1.#QNAN0
494.423581, -74.329884, 1.000000, -1.#QNAN0
494.434815, -74.258558, 1.000000, -1.#QNAN0
494.446049, -74.187232, 1.000000, -1.#QNAN0
494.547141, -73.883569, 1.000000, -1.#QNAN0
494.558375, -73.812243, 1.000000, -1.#QNAN0
494.580872, -73.744666, 1.000000, -1.#QNAN0
494.592106, -73.673340, 1.000000, -1.#QNAN0
494.681583, -73.366987, 1.000000, -1.#QNAN0
494.704080, -73.299410, 1.000000, -1.#QNAN0
494.715314, -73.228084, 1.000000, -1.#QNAN0
494.815746, -72.926403, 1.000000, -1.#QNAN0
494.838243, -72.858826, 1.000000, -1.#QNAN0
494.860740, -72.791249, 1.000000, -1.#QNAN0
494.871974, -72.719923, 1.000000, -1.#QNAN0
494.960883, -72.415276, 1.000000, -1.#QNAN0
494.972117, -72.343950, 1.000000, -1.#QNAN0
494.983351, -72.272624, 1.000000, -1.#QNAN0
495.072045, -71.968620, 1.000000, -1.#QNAN0
495.094542, -71.901044, 1.000000, -1.#QNAN0
495.128302, -71.837217, 1.000000, -1.#QNAN0
495.150798, -71.769640, 1.000000, -1.#QNAN0
495.261965, -71.473297, 1.000000, -1.#QNAN0
495.295724, -71.409470, 1.000000, -1.#QNAN0
495.329484, -71.345642, 1.000000, -1.#QNAN0
495.440650, -71.049299, 1.000000, -1.#QNAN0
495.463147, -70.981723, 1.000000, -1.#QNAN0
495.485644, -70.914146, 1.000000, -1.#QNAN0
495.508141, -70.846569, 1.000000, -1.#QNAN0
495.608044, -70.546476, 1.000000, -1.#QNAN0
495.641804, -70.482649, 1.000000, -1.#QNAN0
495.653038, -70.411323, 1.000000, -1.#QNAN0
495.752941, -70.111231, 1.000000, -1.#QNAN0
495.775438, -70.043654, 1.000000, -1.#QNAN0
495.797935, -69.976077, 1.000000, -1.#QNAN0
495.809169, -69.904751, 1.000000, -1.#QNAN0
495.909786, -69.602425, 1.000000, -1.#QNAN0
495.920963, -69.531090, 1.000000, -1.#QNAN0
495.943407, -69.463496, 1.000000, -1.#QNAN0
496.049004, -69.145273, 1.000000, -1.#QNAN0
496.059725, -69.073867, 1.000000, -1.#QNAN0
496.081736, -69.006131, 1.000000, -1.#QNAN0
496.103746, -68.938394, 1.000000, -1.#QNAN0
496.215045, -68.592856, 1.000000, -1.#QNAN0
496.235981, -68.524780, 1.000000, -1.#QNAN0
496.268263, -68.460193, 1.000000, -1.#QNAN0
496.375078, -68.111535, 1.000000, -1.#QNAN0
496.406303, -68.046430, 1.000000, -1.#QNAN0
496.426127, -67.978022, 1.000000, -1.#QNAN0
496.445951, -67.909613, 1.000000, -1.#QNAN0
496.558384, -67.560608, 1.000000, -1.#QNAN0
496.577056, -67.491876, 1.000000, -1.#QNAN0
496.618639, -67.429369, 1.000000, -1.#QNAN0
496.726296, -67.076638, 1.000000, -1.#QNAN0
496.766792, -67.013420, 1.000000, -1.#QNAN0
496.795780, -66.947289, 1.000000, -1.#QNAN0
496.824768, -66.881158, 1.000000, -1.#QNAN0
496.914733, -66.521253, 1.000000, -1.#QNAN0
496.942540, -66.454616, 1.000000, -1.#QNAN0
496.935675, -66.379855, 1.000000, -1.#QNAN0
496.995624, -66.018189, 1.000000, -1.#QNAN0
496.975940, -65.941031, 1.000000, -1.#QNAN0
496.979457, -65.868911, 1.000000, -1.#QNAN0
496.994574, -65.799311, 1.000000, -1.#QNAN0
497.077707, -65.470837, 1.000000, -1.#QNAN0
497.103924, -65.403559, 1.000000, -1.#QNAN0
497.141759, -65.338714, 1.000000, -1.#QNAN0
497.218205, -65.031577, 1.000000, -1.#QNAN0
497.244421, -64.964299, 1.000000, -1.#QNAN0
497.235783, -64.889722, 1.000000, -1.#QNAN0
497.250381, -64.820011, 1.000000, -1.#QNAN0
497.291971, -64.505574, 1.000000, -1.#QNAN0
497.294951, -64.433430, 1.000000, -1.#QNAN0
497.286312, -64.358853, 1.000000, -1.#QNAN0
497.327902, -64.044417, 1.000000, -1.#QNAN0
497.319264, -63.969840, 1.000000, -1.#QNAN0
497.322243, -63.897696, 1.000000, -1.#QNAN0
497.336841, -63.827985, 1.000000, -1.#QNAN0
497.390050, -63.515982, 1.000000, -1.#QNAN0
497.381411, -63.441405, 1.000000, -1.#QNAN0
497.372773, -63.366828, 1.000000, -1.#QNAN0
497.367889, -63.042659, 1.000000, -1.#QNAN0
497.324395, -62.960783, 1.000000, -1.#QNAN0
497.315756, -62.886206, 1.000000, -1.#QNAN0
497.330354, -62.816495, 1.000000, -1.#QNAN0
497.395181, -62.506924, 1.000000, -1.#QNAN0
497.433016, -62.442080, 1.000000, -1.#QNAN0
497.459233, -62.374802, 1.000000, -1.#QNAN0
497.535679, -62.067664, 1.000000, -1.#QNAN0
497.561896, -62.000386, 1.000000, -1.#QNAN0
497.588112, -61.933109, 1.000000, -1.#QNAN0
497.591092, -61.860965, 1.000000, -1.#QNAN0
497.655919, -61.551394, 1.000000, -1.#QNAN0
497.658899, -61.479250, 1.000000, -1.#QNAN0
497.661879, -61.407106, 1.000000, -1.#QNAN0
497.715087, -61.095102, 1.000000, -1.#QNAN0
497.706449, -61.020526, 1.000000, -1.#QNAN0
497.709428, -60.948382, 1.000000, -1.#QNAN0
497.712408, -60.876238, 1.000000, -1.#QNAN0
497.765326, -60.565624, 1.000000, -1.#QNAN0
497.779924, -60.495913, 1.000000, -1.#QNAN0
497.782904, -60.423769, 1.000000, -1.#QNAN0
497.834798, -60.118042, 1.000000, -1.#QNAN0
497.849396, -60.048331, 1.000000, -1.#QNAN0
497.863994, -59.978620, 1.000000, -1.#QNAN0
497.890211, -59.911342, 1.000000, -1.#QNAN0
497.964343, -59.615252, 1.000000, -1.#QNAN0
497.990560, -59.547975, 1.000000, -1.#QNAN0
498.016776, -59.480697, 1.000000, -1.#QNAN0
498.080750, -59.175204, 1.000000, -1.#QNAN0
498.106966, -59.107926, 1.000000, -1.#QNAN0
498.121565, -59.038215, 1.000000, -1.#QNAN0
498.136163, -58.968504, 1.000000, -1.#QNAN0
498.210807, -58.669967, 1.000000, -1.#QNAN0
498.225406, -58.600256, 1.000000, -1.#QNAN0
498.251622, -58.532979, 1.000000, -1.#QNAN0
498.325347, -58.238837, 1.000000, -1.#QNAN0
498.351563, -58.171559, 1.000000, -1.#QNAN0
498.377780, -58.104281, 1.000000, -1.#QNAN0
498.438993, -57.811969, 1.000000, -1.#QNAN0
498.465210, -57.744691, 1.000000, -1.#QNAN0
498.479808, -57.674980, 1.000000, -1.#QNAN0
498.506025, -57.607702, 1.000000, -1.#QNAN0
498.566613, -57.318374, 1.000000, -1.#QNAN0
498.592830, -57.251096, 1.000000, -1.#QNAN0
498.619046, -57.183818, 1.000000, -1.#QNAN0
498.691253, -56.896923, 1.000000, -1.#QNAN0
498.705851, -56.827212, 1.000000, -1.#QNAN0
498.720449, -56.757501, 1.000000, -1.#QNAN0
498.781038, -56.468173, 1.000000, -1.#QNAN0
498.795636, -56.398462, 1.000000, -1.#QNAN0
498.798616, -56.326318, 1.000000, -1.#QNAN0
498.789977, -56.251741, 1.000000, -1.#QNAN0
498.838947, -55.959980, 1.000000, -1.#QNAN0
498.830308, -55.885403, 1.000000, -1.#QNAN0
498.821669, -55.810826, 1.000000, -1.#QNAN0
498.859020, -55.516632, 1.000000, -1.#QNAN0
498.838763, -55.439622, 1.000000, -1.#QNAN0
498.830124, -55.365045, 1.000000, -1.#QNAN0
498.854176, -55.076563, 1.000000, -1.#QNAN0
498.834165, -54.999489, 1.000000, -1.#QNAN0
498.814153, -54.922415, 1.000000, -1.#QNAN0
498.805751, -54.847811, 1.000000, -1.#QNAN0
498.838886, -54.580355, 1.000000, -1.#QNAN0
498.831296, -54.505664, 1.000000, -1.#QNAN0
498.823706, -54.430973, 1.000000, -1.#QNAN0
498.870086, -54.170938, 1.000000, -1.#QNAN0
498.863470, -54.096154, 1.000000, -1.#QNAN0
498.856854, -54.021371, 1.000000, -1.#QNAN0
498.906611, -53.760696, 1.000000, -1.#QNAN0
498.912468, -53.688729, 1.000000, -1.#QNAN0
498.918325, -53.616761, 1.000000, -1.#QNAN0
498.935694, -53.547688, 1.000000, -1.#QNAN0
498.989602, -53.286942, 1.000000, -1.#QNAN0
499.007843, -53.218095, 1.000000, -1.#QNAN0
499.026085, -53.149247, 1.000000, -1.#QNAN0
499.083151, -52.888539, 1.000000, -1.#QNAN0
499.102248, -52.819924, 1.000000, -1.#QNAN0
499.121345, -52.751309, 1.000000, -1.#QNAN0
499.192931, -52.493990, 1.000000, -1.#QNAN0
499.212867, -52.425614, 1.000000, -1.#QNAN0
499.232803, -52.357238, 1.000000, -1.#QNAN0
499.252739, -52.288862, 1.000000, -1.#QNAN0
499.329244, -52.028213, 1.000000, -1.#QNAN0
499.349883, -51.960046, 1.000000, -1.#QNAN0
499.381883, -51.895319, 1.000000, -1.#QNAN0
499.465854, -51.618267, 1.000000, -1.#QNAN0
499.486671, -51.550154, 1.000000, -1.#QNAN0
499.496136, -51.478571, 1.000000, -1.#QNAN0
499.571181, -51.192406, 1.000000, -1.#QNAN0
499.580646, -51.120823, 1.000000, -1.#QNAN0
499.601463, -51.052710, 1.000000, -1.#QNAN0
499.610927, -50.981128, 1.000000, -1.#QNAN0
499.685973, -50.694962, 1.000000, -1.#QNAN0
499.706790, -50.626849, 1.000000, -1.#QNAN0
499.716254, -50.555267, 1.000000, -1.#QNAN0
499.802652, -50.272571, 1.000000, -1.#QNAN0
499.823469, -50.204458, 1.000000, -1.#QNAN0
499.832934, -50.132875, 1.000000, -1.#QNAN0
499.907979, -49.846710, 1.000000, -1.#QNAN0
499.928796, -49.778597, 1.000000, -1.#QNAN0
499.938261, -49.707015, 1.000000, -1.#QNAN0
499.959077, -49.638902, 1.000000, -1.#QNAN0
500.045475, -49.356205, 1.000000, -1.#QNAN0
500.066292, -49.288092, 1.000000, -1.#QNAN0
500.087109, -49.219979, 1.000000, -1.#QNAN0
500.173507, -48.937284, 1.000000, -1.#QNAN0
500.194323, -48.869171, 1.000000, -1.#QNAN0
500.203788, -48.797588, 1.000000, -1.#QNAN0
500.290186, -48.514892, 1.000000, -1.#QNAN0
500.322355, -48.450249, 1.000000, -1.#QNAN0
500.343171, -48.382136, 1.000000, -1.#QNAN0
500.363988, -48.314023, 1.000000, -1.#QNAN0
500.450386, -48.031326, 1.000000, -1.#QNAN0
500.471203, -47.963213, 1.000000, -1.#QNAN0
500.480667, -47.891631, 1.000000, -1.#QNAN0
500.567065, -47.608935, 1.000000, -1.#QNAN0
500.587882, -47.540822, 1.000000, -1.#QNAN0
500.597347, -47.469240, 1.000000, -1.#QNAN0
500.683744, -47.186544, 1.000000, -1.#QNAN0
500.693209, -47.114961, 1.000000, -1.#QNAN0
500.714026, -47.046848, 1.000000, -1.#QNAN0
500.723490, -46.975266, 1.000000, -1.#QNAN0
500.810355, -46.691042, 1.000000, -1.#QNAN0
500.819820, -46.619459, 1.000000, -1.#QNAN0
500.840637, -46.551346, 1.000000, -1.#QNAN0
500.928153, -46.264990, 1.000000, -1.#QNAN0
500.948970, -46.196877, 1.000000, -1.#QNAN0
500.969787, -46.128764, 1.000000, -1.#QNAN0
501.046626, -45.836730, 1.000000, -1.#QNAN0
501.067443, -45.768617, 1.000000, -1.#QNAN0
501.088259, -45.700504, 1.000000, -1.#QNAN0
501.097724, -45.628922, 1.000000, -1.#QNAN0
501.186614, -45.338072, 1.000000, -1.#QNAN0
501.196078, -45.266490, 1.000000, -1.#QNAN0
501.216895, -45.198377, 1.000000, -1.#QNAN0
501.306505, -44.905169, 1.000000, -1.#QNAN0
501.338674, -44.840525, 1.000000, -1.#QNAN0
501.359491, -44.772412, 1.000000, -1.#QNAN0
501.449845, -44.476773, 1.000000, -1.#QNAN0
501.470662, -44.408660, 1.000000, -1.#QNAN0
501.491478, -44.340547, 1.000000, -1.#QNAN0
501.523647, -44.275903, 1.000000, -1.#QNAN0
501.614766, -43.977760, 1.000000, -1.#QNAN0
501.635583, -43.909647, 1.000000, -1.#QNAN0
501.656400, -43.841534, 1.000000, -1.#QNAN0
501.747721, -43.542728, 1.000000, -1.#QNAN0
501.768538, -43.474615, 1.000000, -1.#QNAN0
501.789355, -43.406502, 1.000000, -1.#QNAN0
501.880676, -43.107696, 1.000000, -1.#QNAN0
501.901493, -43.039583, 1.000000, -1.#QNAN0
501.922310, -42.971470, 1.000000, -1.#QNAN0
501.943126, -42.903357, 1.000000, -1.#QNAN0
502.034448, -42.604550, 1.000000, -1.#QNAN0
502.055265, -42.536437, 1.000000, -1.#QNAN0
502.076082, -42.468324, 1.000000, -1.#QNAN0
502.167403, -42.169518, 1.000000, -1.#QNAN0
502.188220, -42.101405, 1.000000, -1.#QNAN0
502.209036, -42.033292, 1.000000, -1.#QNAN0
502.299783, -41.736402, 1.000000, -1.#QNAN0
502.320663, -41.668308, 1.000000, -1.#QNAN0
502.341542, -41.600215, 1.000000, -1.#QNAN0
502.351073, -41.528641, 1.000000, -1.#QNAN0
502.434528, -41.258581, 1.000000, -1.#QNAN0
502.456349, -41.190783, 1.000000, -1.#QNAN0
502.478171, -41.122986, 1.000000, -1.#QNAN0
502.561216, -40.865903, 1.000000, -1.#QNAN0
502.584367, -40.798547, 1.000000, -1.#QNAN0
502.607519, -40.731192, 1.000000, -1.#QNAN0
502.694429, -40.477679, 1.000000, -1.#QNAN0
502.718968, -40.410817, 1.000000, -1.#QNAN0
502.743507, -40.343955, 1.000000, -1.#QNAN0
502.768046, -40.277093, 1.000000, -1.#QNAN0
502.860332, -40.027910, 1.000000, -1.#QNAN0
502.886318, -39.961597, 1.000000, -1.#QNAN0
502.912305, -39.895284, 1.000000, -1.#QNAN0
503.019585, -39.654743, 1.000000, -1.#QNAN0
503.036128, -39.584458, 1.000000, -1.#QNAN0
503.052671, -39.514174, 1.000000, -1.#QNAN0
503.152112, -39.275551, 1.000000, -1.#QNAN0
503.181255, -39.210563, 1.000000, -1.#QNAN0
503.221229, -39.150432, 1.000000, -1.#QNAN0
503.261203, -39.090302, 1.000000, -1.#QNAN0
503.371287, -38.846695, 1.000000, -1.#QNAN0
503.401781, -38.782330, 1.000000, -1.#QNAN0
503.432274, -38.717965, 1.000000, -1.#QNAN0
503.566045, -38.435601, 1.000000, -1.#QNAN0
503.607266, -38.376318, 1.000000, -1.#QNAN0
503.637759, -38.311953, 1.000000, -1.#QNAN0
503.771531, -38.029588, 1.000000, -1.#QNAN0
503.802024, -37.965223, 1.000000, -1.#QNAN0
503.843245, -37.905940, 1.000000, -1.#QNAN0
503.873738, -37.841575, 1.000000, -1.#QNAN0
504.007510, -37.559210, 1.000000, -1.#QNAN0
504.048731, -37.499927, 1.000000, -1.#QNAN0
504.079224, -37.435562, 1.000000, -1.#QNAN0
504.212996, -37.153197, 1.000000, -1.#QNAN0
504.243489, -37.088832, 1.000000, -1.#QNAN0
504.273982, -37.024467, 1.000000, -1.#QNAN0
504.407753, -36.742103, 1.000000, -1.#QNAN0
504.438247, -36.677738, 1.000000, -1.#QNAN0
504.468740, -36.613372, 1.000000, -1.#QNAN0
504.499233, -36.549007, 1.000000, -1.#QNAN0
504.633005, -36.266642, 1.000000, -1.#QNAN0
504.663498, -36.202277, 1.000000, -1.#QNAN0
504.704719, -36.142994, 1.000000, -1.#QNAN0
504.838491, -35.860630, 1.000000, -1.#QNAN0
504.868984, -35.796265, 1.000000, -1.#QNAN0
504.899477, -35.731899, 1.000000, -1.#QNAN0
505.033249, -35.449535, 1.000000, -1.#QNAN0
505.063742, -35.385170, 1.000000, -1.#QNAN0
505.104963, -35.325887, 1.000000, -1.#QNAN0
505.135456, -35.261522, 1.000000, -1.#QNAN0
505.279955, -34.984239, 1.000000, -1.#QNAN0
505.321176, -34.924956, 1.000000, -1.#QNAN0
505.351669, -34.860591, 1.000000, -1.#QNAN0
505.496168, -34.583309, 1.000000, -1.#QNAN0
505.526662, -34.518944, 1.000000, -1.#QNAN0
505.567882, -34.459661, 1.000000, -1.#QNAN0
505.712139, -34.182889, 1.000000, -1.#QNAN0
505.742633, -34.118524, 1.000000, -1.#QNAN0
505.783854, -34.059241, 1.000000, -1.#QNAN0
505.814347, -33.994876, 1.000000, -1.#QNAN0
505.955185, -33.725321, 1.000000, -1.#QNAN0
505.985678, -33.660955, 1.000000, -1.#QNAN0
506.016172, -33.596590, 1.000000, -1.#QNAN0
506.142937, -33.329014, 1.000000, -1.#QNAN0
506.173431, -33.264648, 1.000000, -1.#QNAN0
506.203924, -33.200283, 1.000000, -1.#QNAN0
506.332505, -32.928875, 1.000000, -1.#QNAN0
506.362998, -32.864510, 1.000000, -1.#QNAN0
506.393491, -32.800145, 1.000000, -1.#QNAN0
506.508160, -32.530377, 1.000000, -1.#QNAN0
506.538653, -32.466012, 1.000000, -1.#QNAN0
506.569147, -32.401646, 1.000000, -1.#QNAN0
506.691443, -32.143503, 1.000000, -1.#QNAN0
506.721937, -32.079138, 1.000000, -1.#QNAN0
506.752430, -32.014772, 1.000000, -1.#QNAN0
506.866073, -31.747170, 1.000000, -1.#QNAN0
506.885838, -31.677722, 1.000000, -1.#QNAN0
506.916332, -31.613357, 1.000000, -1.#QNAN0
507.027261, -31.351481, 1.000000, -1.#QNAN0
507.047027, -31.282034, 1.000000, -1.#QNAN0
507.066793, -31.212586, 1.000000, -1.#QNAN0
507.188450, -30.955793, 1.000000, -1.#QNAN0
507.208216, -30.886346, 1.000000, -1.#QNAN0
507.238709, -30.821981, 1.000000, -1.#QNAN0
507.349639, -30.560105, 1.000000, -1.#QNAN0
507.380132, -30.495740, 1.000000, -1.#QNAN0
507.410625, -30.431374, 1.000000, -1.#QNAN0
507.521093, -30.170473, 1.000000, -1.#QNAN0
507.551618, -30.106123, 1.000000, -1.#QNAN0
507.582143, -30.041773, 1.000000, -1.#QNAN0
507.681553, -29.804121, 1.000000, -1.#QNAN0
507.712866, -29.740151, 1.000000, -1.#QNAN0
507.744180, -29.676180, 1.000000, -1.#QNAN0
507.864430, -29.456906, 1.000000, -1.#QNAN0
507.896739, -29.393433, 1.000000, -1.#QNAN0
507.939627, -29.335345, 1.000000, -1.#QNAN0
508.053194, -29.111685, 1.000000, -1.#QNAN0
508.086457, -29.048706, 1.000000, -1.#QNAN0
508.119720, -28.985728, 1.000000, -1.#QNAN0
508.247627, -28.768468, 1.000000, -1.#QNAN0
508.281803, -28.705980, 1.000000, -1.#QNAN0
508.315979, -28.643492, 1.000000, -1.#QNAN0
508.437186, -28.421419, 1.000000, -1.#QNAN0
508.472235, -28.359416, 1.000000, -1.#QNAN0
508.507284, -28.297414, 1.000000, -1.#QNAN0
508.632157, -28.076099, 1.000000, -1.#QNAN0
508.668042, -28.014577, 1.000000, -1.#QNAN0
508.714180, -27.959035, 1.000000, -1.#QNAN0
508.842826, -27.738119, 1.000000, -1.#QNAN0
508.879493, -27.677060, 1.000000, -1.#QNAN0
508.916160, -27.616001, 1.000000, -1.#QNAN0
509.054589, -27.385388, 1.000000, -1.#QNAN0
509.081536, -27.318399, 1.000000, -1.#QNAN0
509.118618, -27.257591, 1.000000, -1.#QNAN0
509.266561, -27.014988, 1.000000, -1.#QNAN0
509.303643, -26.954179, 1.000000, -1.#QNAN0
509.340724, -26.893371, 1.000000, -1.#QNAN0
509.488667, -26.650768, 1.000000, -1.#QNAN0
509.525749, -26.589960, 1.000000, -1.#QNAN0
509.562831, -26.529151, 1.000000, -1.#QNAN0
509.710773, -26.286548, 1.000000, -1.#QNAN0
509.747855, -26.225740, 1.000000, -1.#QNAN0
509.784937, -26.164932, 1.000000, -1.#QNAN0
509.932880, -25.922328, 1.000000, -1.#QNAN0
509.980096, -25.867700, 1.000000, -1.#QNAN0
510.017178, -25.806892, 1.000000, -1.#QNAN0
510.154986, -25.558109, 1.000000, -1.#QNAN0
510.181933, -25.491120, 1.000000, -1.#QNAN0
510.219015, -25.430312, 1.000000, -1.#QNAN0
510.366957, -25.187709, 1.000000, -1.#QNAN0
510.424309, -25.139261, 1.000000, -1.#QNAN0
510.471525, -25.084633, 1.000000, -1.#QNAN0
510.629603, -24.848210, 1.000000, -1.#QNAN0
510.666684, -24.787401, 1.000000, -1.#QNAN0
510.703766, -24.726593, 1.000000, -1.#QNAN0
510.851709, -24.483990, 1.000000, -1.#QNAN0
510.888791, -24.423182, 1.000000, -1.#QNAN0
510.925873, -24.362373, 1.000000, -1.#QNAN0
511.073815, -24.119771, 1.000000, -1.#QNAN0
511.110897, -24.058962, 1.000000, -1.#QNAN0
511.147979, -23.998154, 1.000000, -1.#QNAN0
511.295922, -23.755550, 1.000000, -1.#QNAN0
511.333003, -23.694742, 1.000000, -1.#QNAN0
511.370085, -23.633934, 1.000000, -1.#QNAN0
511.507893, -23.385150, 1.000000, -1.#QNAN0
511.534840, -23.318162, 1.000000, -1.#QNAN0
511.571922, -23.257353, 1.000000, -1.#QNAN0
511.709834, -23.008400, 1.000000, -1.#QNAN0
511.746916, -22.947591, 1.000000, -1.#QNAN0
511.783997, -22.886783, 1.000000, -1.#QNAN0
511.873867, -22.602613, 1.000000, -1.#QNAN0
511.900814, -22.535624, 1.000000, -1.#QNAN0
511.937896, -22.474816, 1.000000, -1.#QNAN0
511.974978, -22.414007, 1.000000, -1.#QNAN0
512.122163, -22.172646, 1.000000, -1.#QNAN0
512.159245, -22.111837, 1.000000, -1.#QNAN0
512.196327, -22.051029, 1.000000, -1.#QNAN0
512.346255, -21.805170, 1.000000, -1.#QNAN0
512.383337, -21.744361, 1.000000, -1.#QNAN0
512.420419, -21.683553, 1.000000, -1.#QNAN0
512.573144, -21.433108, 1.000000, -1.#QNAN0
512.610226, -21.372299, 1.000000, -1.#QNAN0
512.647307, -21.311491, 1.000000, -1.#QNAN0
512.813014, -21.062557, 1.000000, -1.#QNAN0
512.850096, -21.001749, 1.000000, -1.#QNAN0
512.887178, -20.940941, 1.000000, -1.#QNAN0
513.049601, -20.697392, 1.000000, -1.#QNAN0
513.086683, -20.636583, 1.000000, -1.#QNAN0
513.123764, -20.575775, 1.000000, -1.#QNAN0
513.160846, -20.514967, 1.000000, -1.#QNAN0
513.315960, -20.260604, 1.000000, -1.#QNAN0
513.363177, -20.205976, 1.000000, -1.#QNAN0
513.400259, -20.145167, 1.000000, -1.#QNAN0
513.555372, -19.890805, 1.000000, -1.#QNAN0
513.592454, -19.829996, 1.000000, -1.#QNAN0
513.639671, -19.775368, 1.000000, -1.#QNAN0
513.794785, -19.521006, 1.000000, -1.#QNAN0
513.831866, -19.460197, 1.000000, -1.#QNAN0
513.868948, -19.399389, 1.000000, -1.#QNAN0
513.916165, -19.344761, 1.000000, -1.#QNAN0
514.071279, -19.090398, 1.000000, -1.#QNAN0
514.108361, -19.029589, 1.000000, -1.#QNAN0
514.155577, -18.974961, 1.000000, -1.#QNAN0
514.310691, -18.720599, 1.000000, -1.#QNAN0
514.347773, -18.659790, 1.000000, -1.#QNAN0
514.384855, -18.598982, 1.000000, -1.#QNAN0
514.543907, -18.360899, 1.000000, -1.#QNAN0
514.581313, -18.300289, 1.000000, -1.#QNAN0
514.618719, -18.239680, 1.000000, -1.#QNAN0
514.656125, -18.179070, 1.000000, -1.#QNAN0
514.786091, -17.969444, 1.000000, -1.#QNAN0
514.834841, -17.916180, 1.000000, -1.#QNAN0
514.873636, -17.856450, 1.000000, -1.#QNAN0
515.006158, -17.652260, 1.000000, -1.#QNAN0
515.046400, -17.593494, 1.000000, -1.#QNAN0
515.086641, -17.534729, 1.000000, -1.#QNAN0
515.231964, -17.342242, 1.000000, -1.#QNAN0
515.273685, -17.284517, 1.000000, -1.#QNAN0
515.315406, -17.226793, 1.000000, -1.#QNAN0
515.357127, -17.169069, 1.000000, -1.#QNAN0
515.497326, -16.975897, 1.000000, -1.#QNAN0
