268.397125, -121.874031, 1.000000, 0.000000
268.301327, -122.107836, 1.000000, 0.000000
268.274323, -122.173742, 1.000000, 0.000000
268.247319, -122.239647, 1.000000, 0.000000
268.162506, -122.477953, 1.000000, 0.000000
268.135502, -122.543859, 1.000000, 0.000000
268.108498, -122.609764, 1.000000, 0.000000
268.012700, -122.843570, 1.000000, 0.000000
267.974712, -122.904975, 1.000000, 0.000000
267.881158, -123.133304, 1.000000, 0.000000
267.865139, -123.203710, 1.000000, 0.000000
267.838135, -123.269615, 1.000000, 0.000000
267.743278, -123.501125, 1.000000, 0.000000
267.716274, -123.567030, 1.000000, 0.000000
267.624545, -123.790905, 1.000000, 0.000000
267.586557, -123.852309, 1.000000, 0.000000
267.559554, -123.918215, 1.000000, 0.000000
267.474855, -124.125341, 1.000000, 0.000000
267.448188, -124.191384, 1.000000, 0.000000
267.372139, -124.379453, 1.000000, 0.000000
267.346643, -124.445956, 1.000000, 0.000000
267.321147, -124.512459, 1.000000, 0.000000
267.251203, -124.696892, 1.000000, 0.000000
267.215664, -124.759746, 1.000000, 0.000000
267.150041, -124.940750, 1.000000, 0.000000
267.126690, -125.008036, 1.000000, 0.000000
267.063627, -125.189647, 1.000000, 0.000000
267.041248, -125.257263, 1.000000, 0.000000
267.018869, -125.324879, 1.000000, 0.000000
266.958504, -125.509245, 1.000000, 0.000000
266.937042, -125.577157, 1.000000, 0.000000
266.879434, -125.760469, 1.000000, 0.000000
266.858956, -125.828685, 1.000000, 0.000000
266.802463, -126.016870, 1.000000, 0.000000
266.782824, -126.085332, 1.000000, 0.000000
266.763185, -126.153794, 1.000000, 0.000000
266.703630, -126.361850, 1.000000, 0.000000
266.672721, -126.427106, 1.000000, 0.000000
266.612423, -126.639049, 1.000000, 0.000000
266.592942, -126.707556, 1.000000, 0.000000
266.532588, -126.919804, 1.000000, 0.000000
266.513107, -126.988311, 1.000000, 0.000000
266.482208, -127.053571, 1.000000, 0.000000
266.421854, -127.265819, 1.000000, 0.000000
266.402373, -127.334326, 1.000000, 0.000000
266.342018, -127.546574, 1.000000, 0.000000
266.322538, -127.615081, 1.000000, 0.000000
266.262183, -127.827328, 1.000000, 0.000000
266.242703, -127.895835, 1.000000, 0.000000
266.223222, -127.964342, 1.000000, 0.000000
266.162867, -128.176590, 1.000000, 0.000000
266.143387, -128.245097, 1.000000, 0.000000
266.083032, -128.457345, 1.000000, 0.000000
266.063551, -128.525852, 1.000000, 0.000000
266.014615, -128.741346, 1.000000, 0.000000
265.995134, -128.809853, 1.000000, 0.000000
265.975653, -128.878361, 1.000000, 0.000000
265.926717, -129.093855, 1.000000, 0.000000
265.907236, -129.162362, 1.000000, 0.000000
265.846881, -129.374610, 1.000000, 0.000000
265.827401, -129.443117, 1.000000, 0.000000
265.767046, -129.655365, 1.000000, 0.000000
265.747565, -129.723872, 1.000000, 0.000000
265.728085, -129.792379, 1.000000, 0.000000
265.667730, -130.004627, 1.000000, 0.000000
265.648249, -130.073134, 1.000000, 0.000000
265.587895, -130.285381, 1.000000, 0.000000
265.568414, -130.353888, 1.000000, 0.000000
265.508060, -130.566136, 1.000000, 0.000000
265.488579, -130.634643, 1.000000, 0.000000
265.469098, -130.703150, 1.000000, 0.000000
265.420161, -130.918645, 1.000000, 0.000000
265.400681, -130.987152, 1.000000, 0.000000
265.340326, -131.199399, 1.000000, 0.000000
265.320846, -131.267907, 1.000000, 0.000000
265.260491, -131.480154, 1.000000, 0.000000
265.229592, -131.545414, 1.000000, 0.000000
265.210112, -131.613922, 1.000000, 0.000000
265.149757, -131.826169, 1.000000, 0.000000
265.118859, -131.891430, 1.000000, 0.000000
265.056662, -132.110157, 1.000000, 0.000000
265.037181, -132.178664, 1.000000, 0.000000
264.973037, -132.404236, 1.000000, 0.000000
264.942139, -132.469497, 1.000000, 0.000000
264.922658, -132.538004, 1.000000, 0.000000
264.856542, -132.770513, 1.000000, 0.000000
264.825643, -132.835773, 1.000000, 0.000000
264.760777, -133.063887, 1.000000, 0.000000
264.741297, -133.132394, 1.000000, 0.000000
264.710398, -133.197654, 1.000000, 0.000000
264.643512, -133.432871, 1.000000, 0.000000
264.624031, -133.501378, 1.000000, 0.000000
264.555104, -133.743774, 1.000000, 0.000000
264.535623, -133.812281, 1.000000, 0.000000
264.527560, -133.884035, 1.000000, 0.000000
264.459818, -134.122262, 1.000000, 0.000000
264.451755, -134.194016, 1.000000, 0.000000
264.395073, -134.436750, 1.000000, 0.000000
264.352724, -134.498742, 1.000000, 0.000000
264.333208, -134.567239, 1.000000, 0.000000
264.264750, -134.807432, 1.000000, 0.000000
264.245171, -134.875911, 1.000000, 0.000000
264.237005, -134.947653, 1.000000, 0.000000
264.168242, -135.187977, 1.000000, 0.000000
264.148593, -135.256436, 1.000000, 0.000000
264.079606, -135.496788, 1.000000, 0.000000
264.071290, -135.568513, 1.000000, 0.000000
264.051567, -135.636951, 1.000000, 0.000000
263.982263, -135.877340, 1.000000, 0.000000
263.962464, -135.945755, 1.000000, 0.000000
263.942665, -136.014171, 1.000000, 0.000000
263.872988, -136.254715, 1.000000, 0.000000
263.853103, -136.323106, 1.000000, 0.000000
263.783263, -136.563301, 1.000000, 0.000000
263.763302, -136.631670, 1.000000, 0.000000
263.754735, -136.703365, 1.000000, 0.000000
263.685053, -136.942010, 1.000000, 0.000000
263.665070, -137.010372, 1.000000, 0.000000
263.645087, -137.078734, 1.000000, 0.000000
263.575513, -137.316748, 1.000000, 0.000000
263.555530, -137.385111, 1.000000, 0.000000
263.485956, -137.623125, 1.000000, 0.000000
263.465973, -137.691487, 1.000000, 0.000000
263.445990, -137.759849, 1.000000, 0.000000
263.376416, -137.997864, 1.000000, 0.000000
263.345039, -138.062895, 1.000000, 0.000000
263.336450, -138.134588, 1.000000, 0.000000
263.266876, -138.372602, 1.000000, 0.000000
263.246893, -138.440965, 1.000000, 0.000000
263.177319, -138.678979, 1.000000, 0.000000
263.145943, -138.744010, 1.000000, 0.000000
263.125960, -138.812373, 1.000000, 0.000000
263.067779, -139.053718, 1.000000, 0.000000
263.047796, -139.122080, 1.000000, 0.000000
263.027813, -139.190442, 1.000000, 0.000000
262.958240, -139.428456, 1.000000, 0.000000
262.949650, -139.500149, 1.000000, 0.000000
262.880076, -139.738163, 1.000000, 0.000000
262.860093, -139.806525, 1.000000, 0.000000
262.840110, -139.874888, 1.000000, 0.000000
262.781930, -140.116232, 1.000000, 0.000000
262.761947, -140.184595, 1.000000, 0.000000
262.741964, -140.252957, 1.000000, 0.000000
262.672390, -140.490971, 1.000000, 0.000000
262.652407, -140.559333, 1.000000, 0.000000
262.582833, -140.797347, 1.000000, 0.000000
262.562850, -140.865710, 1.000000, 0.000000
262.542867, -140.934072, 1.000000, 0.000000
262.473294, -141.172086, 1.000000, 0.000000
262.407736, -141.227127, 1.000000, 0.000000
262.387753, -141.295489, 1.000000, 0.000000
262.306785, -141.530172, 1.000000, 0.000000
262.286802, -141.598535, 1.000000, 0.000000
262.217228, -141.836549, 1.000000, 0.000000
262.197245, -141.904911, 1.000000, 0.000000
262.177262, -141.973273, 1.000000, 0.000000
262.107688, -142.211288, 1.000000, 0.000000
262.087705, -142.279650, 1.000000, 0.000000
262.067722, -142.348012, 1.000000, 0.000000
261.999113, -142.582726, 1.000000, 0.000000
262.013311, -142.661079, 1.000000, 0.000000
261.931440, -142.898855, 1.000000, 0.000000
261.900063, -142.963887, 1.000000, 0.000000
261.880080, -143.032249, 1.000000, 0.000000
261.799670, -143.265026, 1.000000, 0.000000
261.779687, -143.333388, 1.000000, 0.000000
261.701296, -143.559298, 1.000000, 0.000000
261.681382, -143.627680, 1.000000, 0.000000
261.661468, -143.696063, 1.000000, 0.000000
261.587446, -143.908644, 1.000000, 0.000000
261.567917, -143.977138, 1.000000, 0.000000
261.504972, -144.198326, 1.000000, 0.000000
261.485884, -144.266943, 1.000000, 0.000000
261.414224, -144.480096, 1.000000, 0.000000
261.395586, -144.548837, 1.000000, 0.000000
261.376948, -144.617578, 1.000000, 0.000000
261.319011, -144.832326, 1.000000, 0.000000
261.289360, -144.898163, 1.000000, 0.000000
261.232800, -145.112959, 1.000000, 0.000000
261.203608, -145.179000, 1.000000, 0.000000
261.148461, -145.393834, 1.000000, 0.000000
261.119743, -145.460083, 1.000000, 0.000000
261.102545, -145.529199, 1.000000, 0.000000
261.047927, -145.749493, 1.000000, 0.000000
261.031036, -145.818684, 1.000000, 0.000000
260.987009, -146.049135, 1.000000, 0.000000
260.970153, -146.118335, 1.000000, 0.000000
260.914475, -146.346904, 1.000000, 0.000000
260.897619, -146.416103, 1.000000, 0.000000
260.880762, -146.485303, 1.000000, 0.000000
260.825085, -146.713871, 1.000000, 0.000000
260.808228, -146.783071, 1.000000, 0.000000
260.764084, -147.014449, 1.000000, 0.000000
260.747228, -147.083649, 1.000000, 0.000000
260.703084, -147.315027, 1.000000, 0.000000
260.686227, -147.384227, 1.000000, 0.000000
260.680904, -147.456236, 1.000000, 0.000000
260.625226, -147.684805, 1.000000, 0.000000
260.619903, -147.756813, 1.000000, 0.000000
260.564226, -147.985383, 1.000000, 0.000000
260.558903, -148.057391, 1.000000, 0.000000
260.503225, -148.285960, 1.000000, 0.000000
260.486369, -148.355160, 1.000000, 0.000000
260.457979, -148.421550, 1.000000, 0.000000
260.402302, -148.650119, 1.000000, 0.000000
260.385445, -148.719318, 1.000000, 0.000000
260.318234, -148.945078, 1.000000, 0.000000
260.301378, -149.014277, 1.000000, 0.000000
260.245700, -149.242846, 1.000000, 0.000000
260.217311, -149.309236, 1.000000, 0.000000
260.200454, -149.378436, 1.000000, 0.000000
260.144777, -149.607005, 1.000000, 0.000000
260.127920, -149.676204, 1.000000, 0.000000
260.060710, -149.901964, 1.000000, 0.000000
260.043853, -149.971164, 1.000000, 0.000000
259.988176, -150.199732, 1.000000, 0.000000
259.971319, -150.268932, 1.000000, 0.000000
259.954463, -150.338131, 1.000000, 0.000000
259.898785, -150.566700, 1.000000, 0.000000
259.881929, -150.635900, 1.000000, 0.000000
259.826252, -150.864469, 1.000000, 0.000000
259.820928, -150.936478, 1.000000, 0.000000
259.765251, -151.165047, 1.000000, 0.000000
259.759928, -151.237055, 1.000000, 0.000000
259.743071, -151.306255, 1.000000, 0.000000
259.687394, -151.534824, 1.000000, 0.000000
259.682071, -151.606833, 1.000000, 0.000000
259.627049, -151.832709, 1.000000, 0.000000
259.610193, -151.901908, 1.000000, 0.000000
259.555931, -152.124664, 1.000000, 0.000000
259.527542, -152.191054, 1.000000, 0.000000
259.510685, -152.260254, 1.000000, 0.000000
259.457181, -152.479901, 1.000000, 0.000000
259.428791, -152.546292, 1.000000, 0.000000
259.387521, -152.765859, 1.000000, 0.000000
259.336058, -152.826625, 1.000000, 0.000000
259.272353, -153.037888, 1.000000, 0.000000
259.255466, -153.107080, 1.000000, 0.000000
259.238579, -153.176272, 1.000000, 0.000000
259.184236, -153.398836, 1.000000, 0.000000
259.167324, -153.468022, 1.000000, 0.000000
259.125179, -153.690347, 1.000000, 0.000000
259.119771, -153.762350, 1.000000, 0.000000
259.066116, -153.981434, 1.000000, 0.000000
259.060680, -154.053435, 1.000000, 0.000000
259.006940, -154.272528, 1.000000, 0.000000
259.001476, -154.344526, 1.000000, 0.000000
258.959188, -154.566408, 1.000000, 0.000000
258.953698, -154.638404, 1.000000, 0.000000
258.899886, -154.857101, 1.000000, 0.000000
258.894382, -154.929097, 1.000000, 0.000000
258.877351, -154.998253, 1.000000, 0.000000
258.823587, -155.216574, 1.000000, 0.000000
258.818083, -155.288570, 1.000000, 0.000000
258.764319, -155.506891, 1.000000, 0.000000
258.747288, -155.576048, 1.000000, 0.000000
258.705050, -155.797207, 1.000000, 0.000000
258.688019, -155.866364, 1.000000, 0.000000
258.634256, -156.084685, 1.000000, 0.000000
258.617225, -156.153841, 1.000000, 0.000000
258.574987, -156.375001, 1.000000, 0.000000
258.557956, -156.444158, 1.000000, 0.000000
258.504192, -156.662479, 1.000000, 0.000000
258.487162, -156.731636, 1.000000, 0.000000
258.470131, -156.800792, 1.000000, 0.000000
258.404841, -157.016275, 1.000000, 0.000000
258.387810, -157.085432, 1.000000, 0.000000
258.334046, -157.303753, 1.000000, 0.000000
258.305490, -157.370071, 1.000000, 0.000000
258.251726, -157.588392, 1.000000, 0.000000
258.234695, -157.657549, 1.000000, 0.000000
258.192457, -157.878708, 1.000000, 0.000000
258.175426, -157.947865, 1.000000, 0.000000
258.121662, -158.166186, 1.000000, 0.000000
258.116158, -158.238182, 1.000000, 0.000000
258.062394, -158.456502, 1.000000, 0.000000
258.056890, -158.528498, 1.000000, 0.000000
258.039859, -158.597655, 1.000000, 0.000000
257.997621, -158.818814, 1.000000, 0.000000
257.980590, -158.887971, 1.000000, 0.000000
257.938353, -159.109130, 1.000000, 0.000000
257.921322, -159.178287, 1.000000, 0.000000
257.867558, -159.396608, 1.000000, 0.000000
257.862053, -159.468603, 1.000000, 0.000000
257.808290, -159.686924, 1.000000, 0.000000
257.802785, -159.758919, 1.000000, 0.000000
257.749021, -159.977240, 1.000000, 0.000000
257.743517, -160.049236, 1.000000, 0.000000
257.701279, -160.270395, 1.000000, 0.000000
257.684248, -160.339552, 1.000000, 0.000000
257.678744, -160.411547, 1.000000, 0.000000
257.624980, -160.629868, 1.000000, 0.000000
257.607949, -160.699025, 1.000000, 0.000000
257.565998, -160.919027, 1.000000, 0.000000
257.548970, -160.988184, 1.000000, 0.000000
257.496772, -161.200317, 1.000000, 0.000000
257.491342, -161.272318, 1.000000, 0.000000
257.440345, -161.480452, 1.000000, 0.000000
257.423485, -161.549651, 1.000000, 0.000000
257.373621, -161.754376, 1.000000, 0.000000
257.356874, -161.823602, 1.000000, 0.000000
257.308179, -162.024865, 1.000000, 0.000000
257.291558, -162.094122, 1.000000, 0.000000
257.241359, -162.303280, 1.000000, 0.000000
257.236435, -162.375317, 1.000000, 0.000000
257.187575, -162.580823, 1.000000, 0.000000
257.171272, -162.650156, 1.000000, 0.000000
257.110728, -162.855774, 1.000000, 0.000000
257.094435, -162.925108, 1.000000, 0.000000
257.045407, -163.133740, 1.000000, 0.000000
257.029114, -163.203075, 1.000000, 0.000000
256.968531, -163.408992, 1.000000, 0.000000
256.952237, -163.478326, 1.000000, 0.000000
256.903210, -163.686959, 1.000000, 0.000000
256.886917, -163.756293, 1.000000, 0.000000
256.837889, -163.964926, 1.000000, 0.000000
256.890931, -164.050553, 1.000000, 0.000000
256.841903, -164.259186, 1.000000, 0.000000
256.825610, -164.328521, 1.000000, 0.000000
256.776582, -164.537153, 1.000000, 0.000000
256.760289, -164.606487, 1.000000, 0.000000
256.711262, -164.815120, 1.000000, 0.000000
256.694969, -164.884454, 1.000000, 0.000000
256.645941, -165.093087, 1.000000, 0.000000
256.629648, -165.162421, 1.000000, 0.000000
256.580620, -165.371054, 1.000000, 0.000000
256.564327, -165.440388, 1.000000, 0.000000
256.515300, -165.649021, 1.000000, 0.000000
256.499007, -165.718355, 1.000000, 0.000000
256.461535, -165.929704, 1.000000, 0.000000
256.445242, -165.999038, 1.000000, 0.000000
256.407770, -166.210386, 1.000000, 0.000000
256.391477, -166.279720, 1.000000, 0.000000
256.342449, -166.488353, 1.000000, 0.000000
256.337712, -166.560403, 1.000000, 0.000000
256.300240, -166.771751, 1.000000, 0.000000
256.283947, -166.841086, 1.000000, 0.000000
256.245845, -167.055106, 1.000000, 0.000000
256.229466, -167.124420, 1.000000, 0.000000
256.179007, -167.337933, 1.000000, 0.000000
256.162470, -167.407209, 1.000000, 0.000000
256.111368, -167.621246, 1.000000, 0.000000
256.094652, -167.690479, 1.000000, 0.000000
256.042851, -167.904982, 1.000000, 0.000000
256.014405, -167.971348, 1.000000, 0.000000
255.961973, -168.185775, 1.000000, 0.000000
255.944857, -168.254910, 1.000000, 0.000000
255.893265, -168.463304, 1.000000, 0.000000
255.876138, -168.532437, 1.000000, 0.000000
255.824600, -168.740463, 1.000000, 0.000000
255.795950, -168.806742, 1.000000, 0.000000
255.744530, -169.014294, 1.000000, 0.000000
255.727403, -169.083427, 1.000000, 0.000000
255.667399, -169.276262, 1.000000, 0.000000
255.650272, -169.345395, 1.000000, 0.000000
255.601875, -169.540744, 1.000000, 0.000000
255.584747, -169.609877, 1.000000, 0.000000
255.539289, -169.793364, 1.000000, 0.000000
255.522162, -169.862497, 1.000000, 0.000000
255.465265, -170.042791, 1.000000, 0.000000
255.422830, -170.214077, 1.000000, 0.000000
255.405702, -170.283210, 1.000000, 0.000000
255.363351, -170.454159, 1.000000, 0.000000
255.323819, -170.613723, 1.000000, 0.000000
255.318214, -170.685710, 1.000000, 0.000000
255.278683, -170.845274, 1.000000, 0.000000
255.250674, -171.007692, 1.000000, 0.000000
255.245069, -171.079679, 1.000000, 0.000000
255.205537, -171.239243, 1.000000, 0.000000
255.166006, -171.398806, 1.000000, 0.000000
255.148879, -171.467939, 1.000000, 0.000000
255.109348, -171.627503, 1.000000, 0.000000
255.069816, -171.787066, 1.000000, 0.000000
255.052689, -171.856199, 1.000000, 0.000000
255.001740, -172.057225, 1.000000, 0.000000
254.937091, -172.292455, 1.000000, 0.000000
254.916153, -172.360531, 1.000000, 0.000000
254.842672, -172.624613, 1.000000, 0.000000
254.727254, -172.926308, 1.000000, 0.000000
254.709097, -172.996193, 1.000000, 0.000000
254.547977, -173.326835, 1.000000, 0.000000
254.455273, -173.492040, 1.000000, 0.000000
254.419769, -173.553783, 1.000000, 0.000000
254.337825, -173.696289, 1.000000, 0.000000
254.255880, -173.838795, 1.000000, 0.000000
254.210086, -173.894620, 1.000000, 0.000000
254.128142, -174.037127, 1.000000, 0.000000
254.056488, -174.185550, 1.000000, 0.000000
254.020984, -174.247293, 1.000000, 0.000000
253.939040, -174.389799, 1.000000, 0.000000
253.857095, -174.532305, 1.000000, 0.000000
253.821591, -174.594048, 1.000000, 0.000000
253.739647, -174.736554, 1.000000, 0.000000
253.657703, -174.879060, 1.000000, 0.000000
253.622199, -174.940803, 1.000000, 0.000000
253.540255, -175.083309, 1.000000, 0.000000
253.490997, -175.191848, 1.000000, 0.000000
253.456760, -175.254302, 1.000000, 0.000000
253.444346, -175.273209, 1.000000, 0.000000
253.438351, -175.276465, 1.000000, 0.000000
253.430056, -175.283955, 1.000000, 0.000000
253.409285, -175.352081, 1.000000, 0.000000
253.362149, -175.467513, 1.000000, 0.000000
253.320295, -175.612093, 1.000000, 0.000000
253.276607, -175.763009, 1.000000, 0.000000
253.245788, -175.912161, 1.000000, 0.000000
253.225983, -175.980575, 1.000000, 0.000000
253.183937, -176.125819, 1.000000, 0.000000
253.153293, -176.274364, 1.000000, 0.000000
253.122649, -176.422908, 1.000000, 0.000000
253.080603, -176.568152, 1.000000, 0.000000
253.049960, -176.716697, 1.000000, 0.000000
253.007914, -176.861941, 1.000000, 0.000000
252.988109, -176.930355, 1.000000, 0.000000
252.957465, -177.078899, 1.000000, 0.000000
252.904266, -177.220043, 1.000000, 0.000000
252.871145, -177.335598, 1.000000, 0.000000
252.844313, -177.433281, 1.000000, 0.000000
252.815196, -177.549054, 1.000000, 0.000000
252.785341, -177.674990, 1.000000, 0.000000
252.769631, -177.744459, 1.000000, 0.000000
252.740407, -177.875413, 1.000000, 0.000000
252.710751, -178.012224, 1.000000, 0.000000
252.691475, -178.159806, 1.000000, 0.000000
252.660137, -178.307731, 1.000000, 0.000000
252.628799, -178.455655, 1.000000, 0.000000
252.597461, -178.603579, 1.000000, 0.000000
252.571087, -178.670796, 1.000000, 0.000000
252.539749, -178.818720, 1.000000, 0.000000
252.496799, -178.964184, 1.000000, 0.000000
252.465461, -179.112109, 1.000000, 0.000000
252.434123, -179.260033, 1.000000, 0.000000
252.402785, -179.407957, 1.000000, 0.000000
252.372804, -179.549476, 1.000000, 0.000000
252.342467, -179.692677, 1.000000, 0.000000
252.302596, -179.823605, 1.000000, 0.000000
252.287998, -179.949784, 1.000000, 0.000000
252.261339, -180.075626, 1.000000, 0.000000
252.248253, -180.194669, 1.000000, 0.000000
252.213161, -180.360316, 1.000000, 0.000000
252.200179, -180.478870, 1.000000, 0.000000
252.165751, -180.641380, 1.000000, 0.000000
252.141157, -180.757473, 1.000000, 0.000000
252.106729, -180.919983, 1.000000, 0.000000
252.082134, -181.036076, 1.000000, 0.000000
252.036094, -181.196126, 1.000000, 0.000000
252.011499, -181.312219, 1.000000, 0.000000
251.953846, -181.469808, 1.000000, 0.000000
251.917639, -181.583441, 1.000000, 0.000000
251.862218, -181.730362, 1.000000, 0.000000
251.852233, -181.837756, 0.000000, 0.000000
251.828313, -181.960910, 0.000000, 0.000000
251.802151, -182.038620, 0.000000, 0.000000
251.782017, -182.160338, 0.000000, 0.000000
251.767052, -182.264036, 0.000000, 0.000000
251.751611, -182.379556, 0.000000, 0.000000
251.728783, -182.472751, 0.000000, 0.000000
251.716795, -182.588230, 0.000000, 0.000000
251.707776, -182.688155, 0.000000, 0.000000
251.683796, -182.831170, 0.000000, 0.000000
251.674602, -182.941637, 0.000000, 0.000000
251.662121, -183.091592, 0.000000, 0.000000
251.652928, -183.202059, 0.000000, 0.000000
251.628618, -183.351030, 0.000000, 0.000000
251.619424, -183.461496, 0.000000, 0.000000
251.606943, -183.611452, 0.000000, 0.000000
251.597750, -183.721919, 0.000000, 0.000000
251.573440, -183.870890, 0.000000, 0.000000
249.399428, -183.801184, -1.000000, 0.000000
251.539936, -184.130327, 1.000000, 0.000000
251.530742, -184.240794, 1.000000, 0.000000
251.518262, -184.390749, 1.000000, 0.000000
251.509068, -184.501216, 1.000000, 0.000000
251.496587, -184.651171, 1.000000, 0.000000
251.487394, -184.761638, 1.000000, 0.000000
251.466102, -184.874344, 1.000000, 0.000000
251.452172, -185.041713, 1.000000, 0.000000
251.429965, -185.165423, 1.000000, 0.000000
251.418623, -185.301701, 1.000000, 0.000000
251.412715, -185.372679, 1.000000, 0.000000
251.401393, -185.508721, 1.000000, 0.000000
251.389105, -185.656364, 1.000000, 0.000000
251.387951, -185.813347, 1.000000, 0.000000
251.363138, -185.968362, 1.000000, 0.000000
251.350155, -186.124361, 1.000000, 0.000000
251.349001, -186.281344, 1.000000, 0.000000
251.343094, -186.352322, 1.000000, 0.000000
251.341940, -186.509305, 1.000000, 0.000000
251.328957, -186.665304, 1.000000, 0.000000
251.329878, -186.800364, 1.000000, 0.000000
251.322396, -186.901486, 1.000000, 0.000000
251.317113, -187.005173, 1.000000, 0.000000
251.325930, -187.113934, 1.000000, 0.000000
251.325839, -187.185156, 1.000000, 0.000000
251.326445, -187.298126, 1.000000, 0.000000
251.340992, -187.414610, 0.000000, 0.000000
251.357559, -187.534197, 0.000000, 0.000000
251.364047, -187.654150, 0.000000, 0.000000
251.373277, -187.786271, 0.000000, 0.000000
251.385730, -187.940299, 0.000000, 0.000000
251.403365, -188.010318, 0.000000, 0.000000
251.416122, -188.166335, 0.000000, 0.000000
251.428879, -188.322353, 0.000000, 0.000000
251.453467, -188.477403, 0.000000, 0.000000
251.466224, -188.633421, 0.000000, 0.000000
251.478981, -188.789439, 0.000000, 0.000000
251.491738, -188.945456, 0.000000, 0.000000
251.509374, -189.015475, 0.000000, 0.000000
251.522131, -189.171493, 0.000000, 0.000000
251.534903, -189.327695, 0.000000, 0.000000
251.559537, -189.483310, 0.000000, 0.000000
251.572376, -189.640327, 0.000000, 0.000000
251.585255, -189.797834, 0.000000, 0.000000
251.598179, -189.955887, 0.000000, 0.000000
251.615814, -190.025906, 0.000000, 0.000000
251.628786, -190.184557, 0.000000, 0.000000
251.641812, -190.343862, 0.000000, 0.000000
251.666695, -190.502511, 0.000000, 0.000000
251.679746, -190.662126, 0.000000, 0.000000
251.692797, -190.821742, 0.000000, 0.000000
251.705849, -190.981358, 0.000000, 0.000000
251.723484, -191.051377, 0.000000, 0.000000
251.736535, -191.210993, 0.000000, 0.000000
251.749587, -191.370609, 0.000000, 0.000000
251.774469, -191.529257, 0.000000, 0.000000
251.787520, -191.688873, 0.000000, 0.000000
251.800572, -191.848489, 0.000000, 0.000000
251.813623, -192.008105, 0.000000, 0.000000
251.831258, -192.078124, 0.000000, 0.000000
251.844310, -192.237739, 0.000000, 0.000000
251.857361, -192.397355, 0.000000, 0.000000
251.882243, -192.556004, 0.000000, 0.000000
251.896151, -192.728064, 0.000000, 0.000000
251.909134, -192.899199, 0.000000, 0.000000
251.921284, -193.069688, 0.000000, 0.000000
251.937872, -193.139962, 0.000000, 0.000000
251.948968, -193.310761, 0.000000, 0.000000
251.959404, -193.484033, 0.000000, 0.000000
251.980576, -193.651499, 0.000000, 0.000000
251.989322, -193.818976, 0.000000, 0.000000
251.997753, -193.991112, 0.000000, 0.000000
252.005147, -194.158186, 0.000000, 0.000000
252.019947, -194.228859, 0.000000, 0.000000
252.026636, -194.394249, 0.000000, 0.000000
252.032923, -194.556574, 0.000000, 0.000000
252.050506, -194.706491, 0.000000, 0.000000
252.056451, -194.862734, 0.000000, 0.000000
252.059159, -194.933906, 0.000000, 0.000000
252.065332, -195.096155, 0.000000, 0.000000
252.083599, -195.264074, 0.000000, 0.000000
252.086307, -195.335246, 0.000000, 0.000000
252.092499, -195.497981, 0.000000, 0.000000
252.110793, -195.666589, 0.000000, 0.000000
252.113501, -195.737761, 0.000000, 0.000000
252.120177, -195.913231, 0.000000, 0.000000
252.127006, -196.092717, 0.000000, 0.000000
252.141575, -196.163437, 0.000000, 0.000000
252.148404, -196.342923, 0.000000, 0.000000
252.155233, -196.522409, 0.000000, 0.000000
252.169803, -196.593129, 0.000000, 0.000000
252.176632, -196.772615, 0.000000, 0.000000
252.183461, -196.952100, 0.000000, 0.000000
252.186168, -197.023272, 0.000000, 0.000000
252.204859, -197.202306, 0.000000, 0.000000
252.211688, -197.381792, 0.000000, 0.000000
252.214396, -197.452964, 0.000000, 0.000000
252.233087, -197.631998, 0.000000, 0.000000
252.239915, -197.811484, 0.000000, 0.000000
252.242623, -197.882655, 0.000000, 0.000000
252.249452, -198.062141, 0.000000, 0.000000
252.268143, -198.241175, 0.000000, 0.000000
252.270851, -198.312347, 0.000000, 0.000000
252.277680, -198.491833, 0.000000, 0.000000
252.296370, -198.670867, 0.000000, 0.000000
252.299078, -198.742039, 0.000000, 0.000000
252.305907, -198.921524, 0.000000, 0.000000
252.324598, -199.100559, 0.000000, 0.000000
252.327306, -199.171730, 0.000000, 0.000000
252.334134, -199.351216, 0.000000, 0.000000
252.340963, -199.530702, 0.000000, 0.000000
252.355533, -199.601422, 0.000000, 0.000000
252.362362, -199.780908, 0.000000, 0.000000
252.369191, -199.960393, 0.000000, 0.000000
252.383760, -200.031114, 0.000000, 0.000000
252.390236, -200.191197, 0.000000, 0.000000
252.394647, -200.296252, 0.000000, 0.000000
252.400019, -200.367272, 0.000000, 0.000000
252.396768, -200.275839, 0.000000, 0.000000
252.372252, -200.202157, 0.000000, 0.000000
252.392299, -200.270500, 0.000000, 0.000000
252.357720, -200.152436, 0.000000, 0.000000
252.280465, -200.025362, 0.000000, 0.000000
252.316623, -200.086724, 0.000000, 0.000000
252.219804, -199.962224, 0.000000, 0.000000
252.273275, -200.010747, 0.000000, 0.000000
252.167795, -199.904401, 0.000000, 0.000000
252.219089, -199.953813, 0.000000, 0.000000
252.200545, -199.925758, 0.000000, 0.000000
252.344011, -200.041692, 0.000000, 0.000000
252.399634, -200.086175, 0.000000, 0.000000
252.559097, -200.213700, 0.000000, 0.000000
252.622134, -200.248913, 0.000000, 0.000000
252.782711, -200.377330, 0.000000, 0.000000
252.838334, -200.421813, 0.000000, 0.000000
253.006325, -200.540959, 0.000000, 0.000000
253.061948, -200.585442, 0.000000, 0.000000
253.222526, -200.713859, 0.000000, 0.000000
253.278149, -200.758342, 0.000000, 0.000000
253.446140, -200.877488, 0.000000, 0.000000
253.606717, -201.005905, 0.000000, 0.000000
253.662340, -201.050388, 0.000000, 0.000000
253.830331, -201.169534, 0.000000, 0.000000
253.885954, -201.214017, 0.000000, 0.000000
254.046531, -201.342434, 0.000000, 0.000000
254.102155, -201.386917, 0.000000, 0.000000
254.270145, -201.506063, 0.000000, 0.000000
254.325769, -201.550546, 0.000000, 0.000000
254.486346, -201.678963, 0.000000, 0.000000
254.549383, -201.714175, 0.000000, 0.000000
254.709960, -201.842592, 0.000000, 0.000000
254.870537, -201.971008, 0.000000, 0.000000
254.926160, -202.015492, 0.000000, 0.000000
255.094151, -202.134638, 0.000000, 0.000000
255.149775, -202.179121, 0.000000, 0.000000
255.310351, -202.307537, 0.000000, 0.000000
255.373389, -202.342750, 0.000000, 0.000000
255.533965, -202.471167, 0.000000, 0.000000
255.589589, -202.515650, 0.000000, 0.000000
255.750166, -202.644066, 0.000000, 0.000000
255.813203, -202.679279, 0.000000, 0.000000
255.973780, -202.807696, 0.000000, 0.000000
256.134357, -202.936112, 0.000000, 0.000000
256.197394, -202.971325, 0.000000, 0.000000
256.357971, -203.099742, 0.000000, 0.000000
256.413595, -203.144225, 0.000000, 0.000000
256.547174, -203.250945, 0.000000, 0.000000
256.610663, -203.285337, 0.000000, 0.000000
256.530792, -203.239017, 0.000000, 0.000000
256.591483, -203.276290, 0.000000, 0.000000
256.571730, -203.257188, 0.000000, 0.000000
256.635407, -203.289093, 0.000000, 0.000000
256.632265, -203.291340, 0.000000, 0.000000
256.690168, -203.318690, 0.000000, 0.000000
256.761310, -203.331034, 0.000000, 0.000000
256.850019, -203.363361, 0.000000, 0.000000
256.918003, -203.384593, 0.000000, 0.000000
257.006443, -203.400334, 0.000000, 0.000000
257.075164, -203.419049, 0.000000, 0.000000
257.164105, -203.442791, 0.000000, 0.000000
264.926107, -120.451838, 1.000000, -1.#QNAN0
264.830309, -120.685643, 1.000000, -1.#QNAN0
264.803306, -120.751549, 1.000000, -1.#QNAN0
264.776302, -120.817454, 1.000000, -1.#QNAN0
264.680504, -121.051260, 1.000000, -1.#QNAN0
264.653500, -121.117165, 1.000000, -1.#QNAN0
264.626497, -121.183071, 1.000000, -1.#QNAN0
264.530698, -121.416877, 1.000000, -1.#QNAN0
262.921965, -120.834694, 0.000000, -1.#QNAN0
264.421125, -121.715612, 0.000000, -1.#QNAN0
264.394121, -121.781517, 0.000000, -1.#QNAN0
264.367118, -121.847422, 0.000000, -1.#QNAN0
264.272260, -122.078932, 0.000000, -1.#QNAN0
264.245257, -122.144837, 0.000000, -1.#QNAN0
264.153528, -122.368712, 0.000000, -1.#QNAN0
264.126524, -122.434617, 0.000000, -1.#QNAN0
264.099520, -122.500523, 0.000000, -1.#QNAN0
264.018647, -122.729751, 0.000000, -1.#QNAN0
263.991980, -122.795793, 0.000000, -1.#QNAN0
263.891810, -123.045152, 0.000000, -1.#QNAN0
263.866314, -123.111655, 0.000000, -1.#QNAN0
263.840818, -123.178158, 0.000000, -1.#QNAN0
263.749135, -123.420736, 0.000000, -1.#QNAN0
263.724750, -123.487655, 0.000000, -1.#QNAN0
263.639946, -123.722583, 0.000000, -1.#QNAN0
263.616595, -123.789870, 1.000000, -1.#QNAN0
263.536336, -124.022206, 1.000000, -1.#QNAN0
263.502688, -124.086092, 1.000000, -1.#QNAN0
263.480309, -124.153708, 1.000000, -1.#QNAN0
263.393106, -124.382473, 1.000000, -1.#QNAN0
263.371643, -124.450386, 1.000000, -1.#QNAN0
263.298108, -124.685396, 1.000000, -1.#QNAN0
263.277630, -124.753612, 1.000000, -1.#QNAN0
263.208214, -124.985823, 1.000000, -1.#QNAN0
263.188575, -125.054285, 1.000000, -1.#QNAN0
263.180346, -125.126020, 1.000000, -1.#QNAN0
263.118585, -125.341799, 1.000000, -1.#QNAN0
263.099094, -125.410303, 1.000000, -1.#QNAN0
263.038635, -125.622809, 1.000000, -1.#QNAN0
263.019155, -125.691316, 1.000000, -1.#QNAN0
262.970218, -125.906810, 1.000000, -1.#QNAN0
262.950737, -125.975317, 1.000000, -1.#QNAN0
262.931257, -126.043824, 1.000000, -1.#QNAN0
262.870902, -126.256072, 1.000000, -1.#QNAN0
262.851421, -126.324579, 1.000000, -1.#QNAN0
262.791067, -126.536827, 1.000000, -1.#QNAN0
262.783004, -126.608581, 1.000000, -1.#QNAN0
262.734067, -126.824075, 1.000000, -1.#QNAN0
262.714587, -126.892582, 0.000000, -1.#QNAN0
262.695106, -126.961089, 0.000000, -1.#QNAN0
262.634751, -127.173337, 0.000000, -1.#QNAN0
262.615271, -127.241844, 0.000000, -1.#QNAN0
262.554916, -127.454092, 0.000000, -1.#QNAN0
262.535435, -127.522599, 0.000000, -1.#QNAN0
262.475081, -127.734847, 0.000000, -1.#QNAN0
262.455600, -127.803354, 0.000000, -1.#QNAN0
262.436120, -127.871861, 0.000000, -1.#QNAN0
262.375765, -128.084109, 0.000000, -1.#QNAN0
262.356284, -128.152616, 0.000000, -1.#QNAN0
262.295930, -128.364863, 0.000000, -1.#QNAN0
262.276449, -128.433370, 0.000000, -1.#QNAN0
262.216094, -128.645618, 0.000000, -1.#QNAN0
262.196614, -128.714125, 0.000000, -1.#QNAN0
262.177133, -128.782632, 0.000000, -1.#QNAN0
262.116778, -128.994880, 0.000000, -1.#QNAN0
262.085880, -129.060140, 1.000000, -1.#QNAN0
261.991272, -129.262648, 1.000000, -1.#QNAN0
261.960373, -129.327908, 1.000000, -1.#QNAN0
261.888601, -129.536909, 1.000000, -1.#QNAN0
261.869120, -129.605416, 1.000000, -1.#QNAN0
261.849640, -129.673923, 1.000000, -1.#QNAN0
261.789285, -129.886171, 1.000000, -1.#QNAN0
261.769804, -129.954678, 1.000000, -1.#QNAN0
261.698032, -130.163679, 1.000000, -1.#QNAN0
261.678551, -130.232186, 1.000000, -1.#QNAN0
261.618197, -130.444433, 1.000000, -1.#QNAN0
261.610134, -130.516187, 1.000000, -1.#QNAN0
261.590653, -130.584694, 1.000000, -1.#QNAN0
261.530298, -130.796942, 1.000000, -1.#QNAN0
261.510818, -130.865449, 1.000000, -1.#QNAN0
261.448621, -131.084176, 1.000000, -1.#QNAN0
261.440558, -131.155930, 1.000000, -1.#QNAN0
261.376414, -131.381502, 1.000000, -1.#QNAN0
261.368352, -131.453256, 1.000000, -1.#QNAN0
261.348871, -131.521763, 1.000000, -1.#QNAN0
261.282755, -131.754273, 1.000000, -1.#QNAN0
261.263274, -131.822780, 1.000000, -1.#QNAN0
261.198408, -132.050894, 1.000000, -1.#QNAN0
261.178927, -132.119401, 1.000000, -1.#QNAN0
261.159446, -132.187908, 0.000000, -1.#QNAN0
261.092560, -132.423125, 0.000000, -1.#QNAN0
261.073080, -132.491632, 0.000000, -1.#QNAN0
261.004152, -132.734027, 0.000000, -1.#QNAN0
260.984672, -132.802535, 0.000000, -1.#QNAN0
260.953773, -132.867795, 0.000000, -1.#QNAN0
260.886031, -133.106022, 0.000000, -1.#QNAN0
260.866550, -133.174529, 0.000000, -1.#QNAN0
260.798976, -133.412167, 0.000000, -1.#QNAN0
260.779460, -133.480664, 0.000000, -1.#QNAN0
260.759944, -133.549161, 0.000000, -1.#QNAN0
260.692426, -133.786060, 0.000000, -1.#QNAN0
260.672847, -133.854539, 0.000000, -1.#QNAN0
260.653268, -133.923018, 0.000000, -1.#QNAN0
260.585556, -134.159673, 0.000000, -1.#QNAN0
260.554497, -134.224857, 0.000000, -1.#QNAN0
260.486615, -134.461365, 0.000000, -1.#QNAN0
260.466893, -134.529803, 0.000000, -1.#QNAN0
260.447171, -134.598240, 0.000000, -1.#QNAN0
260.379038, -134.834572, 1.000000, -1.#QNAN0
260.359239, -134.902988, 1.000000, -1.#QNAN0
260.339440, -134.971404, 1.000000, -1.#QNAN0
260.271074, -135.207427, 1.000000, -1.#QNAN0
260.251189, -135.275817, 1.000000, -1.#QNAN0
260.171116, -135.508698, 1.000000, -1.#QNAN0
260.151155, -135.577067, 1.000000, -1.#QNAN0
260.131194, -135.645436, 1.000000, -1.#QNAN0
260.061853, -135.882912, 1.000000, -1.#QNAN0
260.041870, -135.951274, 1.000000, -1.#QNAN0
260.021887, -136.019637, 1.000000, -1.#QNAN0
259.940919, -136.254320, 1.000000, -1.#QNAN0
259.920936, -136.322683, 1.000000, -1.#QNAN0
259.851362, -136.560697, 1.000000, -1.#QNAN0
259.831379, -136.629059, 1.000000, -1.#QNAN0
259.822790, -136.700752, 1.000000, -1.#QNAN0
259.753216, -136.938766, 1.000000, -1.#QNAN0
259.721839, -137.003798, 1.000000, -1.#QNAN0
259.701856, -137.072160, 1.000000, -1.#QNAN0
259.620889, -137.306844, 1.000000, -1.#QNAN0
259.600906, -137.375206, 1.000000, -1.#QNAN0
259.531332, -137.613220, 1.000000, -1.#QNAN0
259.511349, -137.681582, 1.000000, -1.#QNAN0
259.491366, -137.749944, 1.000000, -1.#QNAN0
259.421792, -137.987959, 1.000000, -1.#QNAN0
259.401809, -138.056321, 1.000000, -1.#QNAN0
259.381826, -138.124683, 1.000000, -1.#QNAN0
259.312252, -138.362697, 1.000000, -1.#QNAN0
259.280875, -138.427729, 1.000000, -1.#QNAN0
257.650363, -138.209465, 0.000000, -1.#QNAN0
259.191318, -138.734106, 0.000000, -1.#QNAN0
259.171335, -138.802468, 0.000000, -1.#QNAN0
259.101761, -139.040482, 0.000000, -1.#QNAN0
259.081778, -139.108845, 0.000000, -1.#QNAN0
259.061796, -139.177207, 0.000000, -1.#QNAN0
259.003615, -139.418551, 0.000000, -1.#QNAN0
258.983632, -139.486914, 0.000000, -1.#QNAN0
258.914058, -139.724928, 0.000000, -1.#QNAN0
258.894075, -139.793290, 0.000000, -1.#QNAN0
258.874093, -139.861652, 0.000000, -1.#QNAN0
258.804519, -140.099667, 0.000000, -1.#QNAN0
258.784536, -140.168029, 0.000000, -1.#QNAN0
258.764553, -140.236391, 0.000000, -1.#QNAN0
258.694979, -140.474405, 0.000000, -1.#QNAN0
258.674996, -140.542767, 0.000000, -1.#QNAN0
258.616816, -140.784112, 0.000000, -1.#QNAN0
258.596833, -140.852474, 0.000000, -1.#QNAN0
258.576850, -140.920837, 0.000000, -1.#QNAN0
258.507276, -141.158851, 0.000000, -1.#QNAN0
258.487293, -141.227213, 0.000000, -1.#QNAN0
258.467310, -141.295576, 1.000000, -1.#QNAN0
258.398701, -141.530289, 1.000000, -1.#QNAN0
258.378718, -141.598651, 1.000000, -1.#QNAN0
258.308240, -141.839758, 1.000000, -1.#QNAN0
258.299650, -141.911451, 1.000000, -1.#QNAN0
258.279667, -141.979813, 1.000000, -1.#QNAN0
258.222045, -142.219250, 1.000000, -1.#QNAN0
258.213456, -142.290943, 1.000000, -1.#QNAN0
258.145407, -142.523783, 1.000000, -1.#QNAN0
258.125494, -142.592165, 1.000000, -1.#QNAN0
258.105580, -142.660548, 1.000000, -1.#QNAN0
258.048611, -142.899689, 1.000000, -1.#QNAN0
258.029083, -142.968183, 1.000000, -1.#QNAN0
257.948302, -143.208911, 1.000000, -1.#QNAN0
257.929213, -143.277528, 1.000000, -1.#QNAN0
257.874052, -143.520250, 1.000000, -1.#QNAN0
257.855415, -143.588991, 1.000000, -1.#QNAN0
257.848234, -143.660839, 1.000000, -1.#QNAN0
257.783917, -143.899434, 1.000000, -1.#QNAN0
257.765744, -143.968299, 1.000000, -1.#QNAN0
257.714298, -144.210584, 1.000000, -1.#QNAN0
257.696604, -144.279574, 1.000000, -1.#QNAN0
257.635096, -144.519583, 1.000000, -1.#QNAN0
257.606379, -144.585832, 1.000000, -1.#QNAN0
257.589180, -144.654948, 0.000000, -1.#QNAN0
257.530710, -144.890872, 0.000000, -1.#QNAN0
257.513819, -144.960063, 0.000000, -1.#QNAN0
257.457831, -145.189457, 0.000000, -1.#QNAN0
257.440975, -145.258657, 0.000000, -1.#QNAN0
257.385298, -145.487225, 0.000000, -1.#QNAN0
257.368441, -145.556425, 0.000000, -1.#QNAN0
257.351585, -145.625624, 0.000000, -1.#QNAN0
257.295907, -145.854193, 0.000000, -1.#QNAN0
257.279051, -145.923393, 0.000000, -1.#QNAN0
257.211840, -146.149152, 0.000000, -1.#QNAN0
257.194984, -146.218352, 0.000000, -1.#QNAN0
257.139306, -146.446921, 0.000000, -1.#QNAN0
257.122450, -146.516120, 0.000000, -1.#QNAN0
257.105593, -146.585320, 0.000000, -1.#QNAN0
257.049916, -146.813889, 0.000000, -1.#QNAN0
257.033059, -146.883088, 0.000000, -1.#QNAN0
256.977382, -147.111657, 0.000000, -1.#QNAN0
256.960525, -147.180857, 0.000000, -1.#QNAN0
256.904848, -147.409426, 0.000000, -1.#QNAN0
256.899525, -147.481434, 1.000000, -1.#QNAN0
256.882668, -147.550634, 1.000000, -1.#QNAN0
256.826991, -147.779203, 1.000000, -1.#QNAN0
256.810134, -147.848402, 1.000000, -1.#QNAN0
256.765990, -148.079781, 1.000000, -1.#QNAN0
256.749134, -148.148980, 1.000000, -1.#QNAN0
256.704990, -148.380359, 1.000000, -1.#QNAN0
256.699666, -148.452368, 1.000000, -1.#QNAN0
256.682810, -148.521567, 1.000000, -1.#QNAN0
256.638666, -148.752945, 1.000000, -1.#QNAN0
256.621809, -148.822145, 1.000000, -1.#QNAN0
256.577665, -149.053523, 1.000000, -1.#QNAN0
256.560809, -149.122723, 1.000000, -1.#QNAN0
256.516664, -149.354101, 1.000000, -1.#QNAN0
256.499808, -149.423301, 1.000000, -1.#QNAN0
256.482952, -149.492500, 1.000000, -1.#QNAN0
256.427274, -149.721069, 1.000000, -1.#QNAN0
256.410418, -149.790268, 1.000000, -1.#QNAN0
256.343207, -150.016028, 1.000000, -1.#QNAN0
256.326350, -150.085228, 1.000000, -1.#QNAN0
256.270673, -150.313796, 1.000000, -1.#QNAN0
256.242283, -150.380187, 1.000000, -1.#QNAN0
256.225427, -150.449386, 1.000000, -1.#QNAN0
256.169749, -150.677955, 1.000000, -1.#QNAN0
256.141360, -150.744345, 1.000000, -1.#QNAN0
254.460149, -150.574095, 0.000000, -1.#QNAN0
256.057949, -151.036611, 0.000000, -1.#QNAN0
256.003687, -151.259367, 0.000000, -1.#QNAN0
255.998364, -151.331376, 0.000000, -1.#QNAN0
255.981507, -151.400575, 0.000000, -1.#QNAN0
255.939536, -151.623033, 0.000000, -1.#QNAN0
255.922680, -151.692232, 0.000000, -1.#QNAN0
255.881505, -151.911411, 0.000000, -1.#QNAN0
255.864641, -151.980609, 0.000000, -1.#QNAN0
255.824284, -152.196335, 0.000000, -1.#QNAN0
255.807397, -152.265527, 0.000000, -1.#QNAN0
255.802041, -152.337534, 0.000000, -1.#QNAN0
255.748004, -152.558850, 0.000000, -1.#QNAN0
255.742622, -152.630855, 0.000000, -1.#QNAN0
255.689256, -152.849095, 0.000000, -1.#QNAN0
255.683848, -152.921098, 0.000000, -1.#QNAN0
255.630512, -153.138879, 0.000000, -1.#QNAN0
255.625077, -153.210880, 0.000000, -1.#QNAN0
255.571667, -153.428627, 1.000000, -1.#QNAN0
255.543148, -153.494961, 1.000000, -1.#QNAN0
255.478125, -153.709876, 1.000000, -1.#QNAN0
255.449581, -153.776200, 1.000000, -1.#QNAN0
255.384411, -153.991376, 1.000000, -1.#QNAN0
255.367380, -154.060533, 1.000000, -1.#QNAN0
255.350350, -154.129690, 1.000000, -1.#QNAN0
255.296586, -154.348011, 1.000000, -1.#QNAN0
255.268029, -154.414329, 1.000000, -1.#QNAN0
255.214265, -154.632650, 1.000000, -1.#QNAN0
255.197234, -154.701807, 1.000000, -1.#QNAN0
255.143470, -154.920128, 1.000000, -1.#QNAN0
255.126440, -154.989285, 1.000000, -1.#QNAN0
255.072676, -155.207606, 1.000000, -1.#QNAN0
255.067171, -155.279601, 1.000000, -1.#QNAN0
255.013407, -155.497922, 1.000000, -1.#QNAN0
255.007903, -155.569917, 1.000000, -1.#QNAN0
254.954139, -155.788238, 1.000000, -1.#QNAN0
254.948634, -155.860234, 1.000000, -1.#QNAN0
254.931604, -155.929391, 1.000000, -1.#QNAN0
254.889366, -156.150550, 1.000000, -1.#QNAN0
254.883861, -156.222545, 1.000000, -1.#QNAN0
254.830097, -156.440866, 1.000000, -1.#QNAN0
254.813067, -156.510023, 1.000000, -1.#QNAN0
254.759303, -156.728344, 1.000000, -1.#QNAN0
254.742272, -156.797501, 1.000000, -1.#QNAN0
254.676982, -157.012983, 0.000000, -1.#QNAN0
254.659951, -157.082140, 0.000000, -1.#QNAN0
254.617713, -157.303300, 0.000000, -1.#QNAN0
254.600683, -157.372456, 0.000000, -1.#QNAN0
254.546919, -157.590777, 0.000000, -1.#QNAN0
254.529888, -157.659934, 0.000000, -1.#QNAN0
254.512857, -157.729091, 0.000000, -1.#QNAN0
254.459094, -157.947412, 0.000000, -1.#QNAN0
254.453589, -158.019407, 0.000000, -1.#QNAN0
254.399825, -158.237728, 0.000000, -1.#QNAN0
254.382794, -158.306885, 0.000000, -1.#QNAN0
254.329030, -158.525206, 0.000000, -1.#QNAN0
254.312000, -158.594363, 0.000000, -1.#QNAN0
254.269762, -158.815522, 0.000000, -1.#QNAN0
254.252731, -158.884679, 0.000000, -1.#QNAN0
254.198967, -159.103000, 0.000000, -1.#QNAN0
254.181937, -159.172157, 0.000000, -1.#QNAN0
254.128173, -159.390478, 0.000000, -1.#QNAN0
254.122668, -159.462473, 0.000000, -1.#QNAN0
254.105638, -159.531630, 0.000000, -1.#QNAN0
254.040347, -159.747112, 1.000000, -1.#QNAN0
254.000264, -159.810592, 1.000000, -1.#QNAN0
253.935230, -160.025044, 1.000000, -1.#QNAN0
253.906675, -160.091363, 1.000000, -1.#QNAN0
253.853595, -160.307093, 1.000000, -1.#QNAN0
253.836635, -160.376268, 1.000000, -1.#QNAN0
253.784348, -160.589679, 1.000000, -1.#QNAN0
253.779021, -160.661687, 1.000000, -1.#QNAN0
253.727719, -160.872336, 1.000000, -1.#QNAN0
253.710972, -160.941562, 1.000000, -1.#QNAN0
253.660665, -161.149514, 1.000000, -1.#QNAN0
253.644045, -161.218771, 1.000000, -1.#QNAN0
253.603528, -161.438483, 1.000000, -1.#QNAN0
253.587056, -161.507775, 1.000000, -1.#QNAN0
253.536088, -161.722198, 1.000000, -1.#QNAN0
253.519785, -161.791530, 1.000000, -1.#QNAN0
253.482230, -162.003097, 1.000000, -1.#QNAN0
253.477493, -162.075147, 1.000000, -1.#QNAN0
253.428465, -162.283780, 1.000000, -1.#QNAN0
253.423728, -162.355830, 1.000000, -1.#QNAN0
253.386256, -162.567178, 1.000000, -1.#QNAN0
253.381519, -162.639228, 1.000000, -1.#QNAN0
253.332491, -162.847860, 1.000000, -1.#QNAN0
253.304642, -162.914479, 1.000000, -1.#QNAN0
253.255615, -163.123112, 1.000000, -1.#QNAN0
253.239322, -163.192446, 0.000000, -1.#QNAN0
253.190294, -163.401079, 0.000000, -1.#QNAN0
253.174001, -163.470413, 0.000000, -1.#QNAN0
253.124974, -163.679046, 0.000000, -1.#QNAN0
253.108680, -163.748380, 0.000000, -1.#QNAN0
253.059653, -163.957013, 0.000000, -1.#QNAN0
253.043360, -164.026347, 0.000000, -1.#QNAN0
252.994332, -164.234980, 0.000000, -1.#QNAN0
252.978039, -164.304314, 0.000000, -1.#QNAN0
252.929012, -164.512947, 0.000000, -1.#QNAN0
252.912718, -164.582281, 0.000000, -1.#QNAN0
252.852135, -164.788198, 0.000000, -1.#QNAN0
252.835842, -164.857532, 0.000000, -1.#QNAN0
252.786815, -165.066165, 0.000000, -1.#QNAN0
252.770521, -165.135500, 0.000000, -1.#QNAN0
252.721494, -165.344132, 0.000000, -1.#QNAN0
252.705201, -165.413466, 0.000000, -1.#QNAN0
252.656173, -165.622099, 0.000000, -1.#QNAN0
252.639880, -165.691433, 0.000000, -1.#QNAN0
252.590853, -165.900066, 0.000000, -1.#QNAN0
252.574559, -165.969401, 0.000000, -1.#QNAN0
250.920209, -165.796658, 0.000000, -1.#QNAN0
252.498055, -166.242688, 1.000000, -1.#QNAN0
252.449623, -166.447666, 1.000000, -1.#QNAN0
252.433086, -166.516943, 1.000000, -1.#QNAN0
252.384297, -166.721345, 1.000000, -1.#QNAN0
252.367581, -166.790578, 1.000000, -1.#QNAN0
252.329901, -166.997237, 1.000000, -1.#QNAN0
252.312987, -167.066422, 1.000000, -1.#QNAN0
252.274727, -167.272928, 1.000000, -1.#QNAN0
252.257611, -167.342064, 1.000000, -1.#QNAN0
252.206172, -167.549842, 1.000000, -1.#QNAN0
252.189045, -167.618975, 1.000000, -1.#QNAN0
252.149029, -167.829856, 1.000000, -1.#QNAN0
252.131902, -167.898989, 1.000000, -1.#QNAN0
252.092004, -168.109395, 1.000000, -1.#QNAN0
252.086398, -168.181383, 1.000000, -1.#QNAN0
252.037917, -168.377073, 1.000000, -1.#QNAN0
252.020790, -168.446206, 1.000000, -1.#QNAN0
251.983915, -168.644409, 1.000000, -1.#QNAN0
251.955265, -168.710688, 1.000000, -1.#QNAN0
251.909807, -168.894175, 1.000000, -1.#QNAN0
251.892680, -168.963308, 1.000000, -1.#QNAN0
251.847306, -169.146456, 1.000000, -1.#QNAN0
251.804870, -169.317742, 1.000000, -1.#QNAN0
251.799265, -169.389730, 1.000000, -1.#QNAN0
251.756913, -169.560679, 1.000000, -1.#QNAN0
251.717382, -169.720242, 1.000000, -1.#QNAN0
251.700254, -169.789375, 1.000000, -1.#QNAN0
251.660723, -169.948939, 1.000000, -1.#QNAN0
251.621192, -170.108502, 1.000000, -1.#QNAN0
251.592542, -170.174781, 1.000000, -1.#QNAN0
251.553011, -170.334344, 1.000000, -1.#QNAN0
251.513480, -170.493908, 1.000000, -1.#QNAN0
251.507875, -170.565895, 1.000000, -1.#QNAN0
251.468343, -170.725459, 1.000000, -1.#QNAN0
251.428812, -170.885022, 1.000000, -1.#QNAN0
251.423207, -170.957010, 1.000000, -1.#QNAN0
251.390457, -171.087524, 1.000000, -1.#QNAN0
251.363102, -171.193234, 1.000000, -1.#QNAN0
251.342164, -171.261310, 1.000000, -1.#QNAN0
251.316210, -171.346076, 1.000000, -1.#QNAN0
251.301177, -171.399027, 1.000000, -1.#QNAN0
251.272178, -171.464079, 1.000000, -1.#QNAN0
251.265024, -171.487812, 1.000000, -1.#QNAN0
251.193182, -171.616259, 1.000000, -1.#QNAN0
251.167969, -171.683919, 1.000000, -1.#QNAN0
251.086024, -171.826425, 1.000000, -1.#QNAN0
251.004080, -171.968931, 1.000000, -1.#QNAN0
250.968576, -172.030674, 1.000000, -1.#QNAN0
250.896922, -172.179098, 1.000000, -1.#QNAN0
250.814978, -172.321604, 1.000000, -1.#QNAN0
250.779474, -172.383347, 1.000000, -1.#QNAN0
250.697530, -172.525853, 1.000000, -1.#QNAN0
250.625876, -172.674276, 1.000000, -1.#QNAN0
250.590372, -172.736019, 1.000000, -1.#QNAN0
250.508428, -172.878525, 1.000000, -1.#QNAN0
250.426483, -173.021031, 1.000000, -1.#QNAN0
250.390980, -173.082774, 1.000000, -1.#QNAN0
250.319326, -173.231198, 1.000000, -1.#QNAN0
250.222569, -173.400082, 1.000000, -1.#QNAN0
250.188331, -173.462536, 1.000000, -1.#QNAN0
250.064189, -173.702354, 1.000000, -1.#QNAN0
249.954330, -173.951833, 1.000000, -1.#QNAN0
249.864754, -174.196909, 1.000000, -1.#QNAN0
249.855337, -174.268498, 1.000000, -1.#QNAN0
249.804617, -174.437658, 1.000000, -1.#QNAN0
249.762764, -174.582238, 1.000000, -1.#QNAN0
249.719076, -174.733154, 1.000000, -1.#QNAN0
249.676854, -174.879006, 1.000000, -1.#QNAN0
249.657049, -174.947420, 1.000000, -1.#QNAN0
249.615003, -175.092664, 1.000000, -1.#QNAN0
249.572957, -175.237907, 1.000000, -1.#QNAN0
249.530911, -175.383151, 1.000000, -1.#QNAN0
249.477462, -175.525094, 1.000000, -1.#QNAN0
249.435416, -175.670338, 1.000000, -1.#QNAN0
249.381968, -175.812281, 1.000000, -1.#QNAN0
249.362163, -175.880695, 1.000000, -1.#QNAN0
249.320117, -176.025939, 1.000000, -1.#QNAN0
249.277935, -176.171715, 1.000000, -1.#QNAN0
249.230893, -176.336685, 1.000000, -1.#QNAN0
249.183064, -176.514300, 1.000000, -1.#QNAN0
249.141472, -176.681286, 1.000000, -1.#QNAN0
249.115071, -176.844986, 1.000000, -1.#QNAN0
249.099361, -176.914454, 1.000000, -1.#QNAN0
249.064037, -177.072856, 1.000000, -1.#QNAN0
249.030476, -177.227772, 1.000000, -1.#QNAN0
248.998614, -177.377470, 1.000000, -1.#QNAN0
248.967277, -177.525395, 1.000000, -1.#QNAN0
248.935939, -177.673319, 1.000000, -1.#QNAN0
248.904601, -177.821243, 1.000000, -1.#QNAN0
248.889840, -177.890920, 1.000000, -1.#QNAN0
248.870114, -178.041305, 1.000000, -1.#QNAN0
248.850389, -178.191689, 1.000000, -1.#QNAN0
248.819051, -178.339613, 1.000000, -1.#QNAN0
248.787714, -178.487538, 1.000000, -1.#QNAN0
248.756376, -178.635462, 1.000000, -1.#QNAN0
248.726395, -178.776981, 1.000000, -1.#QNAN0
248.707670, -178.922642, 1.000000, -1.#QNAN0
248.679412, -179.056030, 1.000000, -1.#QNAN0
248.653202, -179.179749, 1.000000, -1.#QNAN0
248.614929, -179.303131, 1.000000, -1.#QNAN0
248.578619, -179.417253, 1.000000, -1.#QNAN0
248.543526, -179.582901, 1.000000, -1.#QNAN0
248.507319, -179.696534, 1.000000, -1.#QNAN0
248.472891, -179.859044, 1.000000, -1.#QNAN0
248.448296, -179.975137, 1.000000, -1.#QNAN0
248.413868, -180.137647, 1.000000, -1.#QNAN0
248.389274, -180.253740, 1.000000, -1.#QNAN0
248.354846, -180.416250, 1.000000, -1.#QNAN0
248.341864, -180.534803, 1.000000, -1.#QNAN0
248.319049, -180.699773, 1.000000, -1.#QNAN0
248.294455, -180.815866, 1.000000, -1.#QNAN0
248.270183, -180.987797, 1.000000, -1.#QNAN0
248.244790, -181.111330, 1.000000, -1.#QNAN0
248.196558, -181.298189, 1.000000, -1.#QNAN0
248.171425, -181.439316, 1.000000, -1.#QNAN0
248.140424, -181.631054, 1.000000, -1.#QNAN0
248.122216, -181.757560, 1.000000, -1.#QNAN0
248.085333, -181.946829, 1.000000, -1.#QNAN0
248.070611, -182.073858, 1.000000, -1.#QNAN0
248.040324, -182.252958, 1.000000, -1.#QNAN0
248.029622, -182.371882, 1.000000, -1.#QNAN0
248.016618, -182.525961, 1.000000, -1.#QNAN0
248.007425, -182.636428, 1.000000, -1.#QNAN0
247.994944, -182.786384, 1.000000, -1.#QNAN0
247.985750, -182.896850, 1.000000, -1.#QNAN0
247.973270, -183.046806, 1.000000, -1.#QNAN0
247.964076, -183.157272, 1.000000, -1.#QNAN0
247.963425, -183.308212, 1.000000, -1.#QNAN0
247.954232, -183.418679, 1.000000, -1.#QNAN0
247.953581, -183.569619, 1.000000, -1.#QNAN0
247.956217, -183.681070, 1.000000, -1.#QNAN0
247.955566, -183.832010, 1.000000, -1.#QNAN0
247.946372, -183.942477, 1.000000, -1.#QNAN0
247.945721, -184.093417, 1.000000, -1.#QNAN0
247.924698, -184.202899, 1.000000, -1.#QNAN0
247.912217, -184.352854, 1.000000, -1.#QNAN0
247.914853, -184.464305, 1.000000, -1.#QNAN0
247.917221, -184.578981, 1.000000, -1.#QNAN0
247.915121, -184.747334, 1.000000, -1.#QNAN0
247.916572, -184.873013, 1.000000, -1.#QNAN0
249.289294, -185.124483, -1.000000, -1.#QNAN0
249.283387, -185.195461, -1.000000, -1.#QNAN0
249.272064, -185.331503, -1.000000, -1.#QNAN0
249.259776, -185.479146, -1.000000, -1.#QNAN0
249.246793, -185.635145, -1.000000, -1.#QNAN0
249.233810, -185.791144, -1.000000, -1.#QNAN0
249.220826, -185.947143, -1.000000, -1.#QNAN0
249.207843, -186.103142, -1.000000, -1.#QNAN0
249.201936, -186.174119, -1.000000, -1.#QNAN0
249.188952, -186.330118, -1.000000, -1.#QNAN0
249.175969, -186.486117, -1.000000, -1.#QNAN0
249.163346, -186.642144, -1.000000, -1.#QNAN0
249.152546, -186.798302, -1.000000, -1.#QNAN0
249.145398, -186.954668, -1.000000, -1.#QNAN0
249.141759, -187.111156, -1.000000, -1.#QNAN0
249.141668, -187.182378, -1.000000, -1.#QNAN0
249.142653, -187.338896, -1.000000, -1.#QNAN0
249.146434, -187.495373, -1.000000, -1.#QNAN0
249.152778, -187.651770, -1.000000, -1.#QNAN0
249.161504, -187.808057, -1.000000, -1.#QNAN0
249.172545, -187.964205, -1.000000, -1.#QNAN0
249.185160, -188.120233, -1.000000, -1.#QNAN0
249.190964, -188.191219, -1.000000, -1.#QNAN0
249.203721, -188.347237, -1.000000, -1.#QNAN0
249.216478, -188.503254, -1.000000, -1.#QNAN0
249.229236, -188.659272, -1.000000, -1.#QNAN0
249.241993, -188.815290, -1.000000, -1.#QNAN0
249.254750, -188.971307, -1.000000, -1.#QNAN0
249.267507, -189.127325, -1.000000, -1.#QNAN0
249.273311, -189.198311, -1.000000, -1.#QNAN0
249.286068, -189.354329, -1.000000, -1.#QNAN0
249.298840, -189.510531, -1.000000, -1.#QNAN0
249.311644, -189.667113, -1.000000, -1.#QNAN0
249.324483, -189.824130, -1.000000, -1.#QNAN0
249.337361, -189.981638, -1.000000, -1.#QNAN0
249.350285, -190.139691, -1.000000, -1.#QNAN0
247.971860, -190.323861, 1.000000, -1.#QNAN0
247.973001, -190.483480, 1.000000, -1.#QNAN0
247.986027, -190.642785, 1.000000, -1.#QNAN0
247.987248, -190.803368, 1.000000, -1.#QNAN0
248.000299, -190.962984, 1.000000, -1.#QNAN0
248.001519, -191.123567, 1.000000, -1.#QNAN0
248.002740, -191.284150, 1.000000, -1.#QNAN0
247.996713, -191.356104, 1.000000, -1.#QNAN0
248.009764, -191.515720, 1.000000, -1.#QNAN0
248.010984, -191.676303, 1.000000, -1.#QNAN0
248.012205, -191.836886, 1.000000, -1.#QNAN0
248.013425, -191.997470, 1.000000, -1.#QNAN0
248.014645, -192.158053, 1.000000, -1.#QNAN0
248.015866, -192.318636, 1.000000, -1.#QNAN0
247.998008, -192.391557, 1.000000, -1.#QNAN0
247.999228, -192.552140, 1.000000, -1.#QNAN0
247.976786, -192.714658, 1.000000, -1.#QNAN0
247.942514, -192.878144, 1.000000, -1.#QNAN0
247.907407, -193.032694, 1.000000, -1.#QNAN0
247.883414, -193.186683, 1.000000, -1.#QNAN0
247.858744, -193.340899, 1.000000, -1.#QNAN0
247.816111, -193.415127, 1.000000, -1.#QNAN0
249.614965, -193.455541, -1.000000, -1.#QNAN0
247.787585, -193.718757, 0.000000, -1.#QNAN0
247.796106, -193.872215, 0.000000, -1.#QNAN0
247.792307, -194.026824, 0.000000, -1.#QNAN0
247.787857, -194.177707, 0.000000, -1.#QNAN0
247.794708, -194.332083, 0.000000, -1.#QNAN0
247.785787, -194.403735, 0.000000, -1.#QNAN0
247.780228, -194.559949, 0.000000, -1.#QNAN0
247.786355, -194.718142, 0.000000, -1.#QNAN0
247.780214, -194.868961, 0.000000, -1.#QNAN0
247.774297, -195.025656, 0.000000, -1.#QNAN0
247.777005, -195.096828, 0.000000, -1.#QNAN0
247.771316, -195.259528, 0.000000, -1.#QNAN0
247.765860, -195.428350, 0.000000, -1.#QNAN0
247.768568, -195.499521, 0.000000, -1.#QNAN0
247.762898, -195.662708, 0.000000, -1.#QNAN0
247.769330, -195.831768, 0.000000, -1.#QNAN0
247.760176, -195.903391, 0.000000, -1.#QNAN0
247.754990, -196.079312, 0.000000, -1.#QNAN0
247.761819, -196.258798, 0.000000, -1.#QNAN0
247.752664, -196.330421, 0.000000, -1.#QNAN0
247.747631, -196.510358, 0.000000, -1.#QNAN0
247.754460, -196.689844, 0.000000, -1.#QNAN0
247.745306, -196.761466, 0.000000, -1.#QNAN0
247.740273, -196.941403, 0.000000, -1.#QNAN0
247.747102, -197.120889, 0.000000, -1.#QNAN0
247.737948, -197.192512, 0.000000, -1.#QNAN0
247.744777, -197.371998, 0.000000, -1.#QNAN0
247.739744, -197.551935, 0.000000, -1.#QNAN0
247.730590, -197.623558, 0.000000, -1.#QNAN0
247.737418, -197.803043, 0.000000, -1.#QNAN0
247.732385, -197.982980, 0.000000, -1.#QNAN0
247.723231, -198.054603, 0.000000, -1.#QNAN0
247.730060, -198.234089, 0.000000, -1.#QNAN0
247.725027, -198.414026, 0.000000, -1.#QNAN0
247.715873, -198.485649, 0.000000, -1.#QNAN0
247.722702, -198.665135, 0.000000, -1.#QNAN0
247.717669, -198.845072, 0.000000, -1.#QNAN0
247.708515, -198.916694, 0.000000, -1.#QNAN0
247.715343, -199.096180, 0.000000, -1.#QNAN0
247.710310, -199.276117, 0.000000, -1.#QNAN0
247.713018, -199.347289, 0.000000, -1.#QNAN0
247.707985, -199.527226, 0.000000, -1.#QNAN0
247.702952, -199.707163, 0.000000, -1.#QNAN0
247.705660, -199.778334, 0.000000, -1.#QNAN0
247.700627, -199.958271, 0.000000, -1.#QNAN0
247.695594, -200.138208, 0.000000, -1.#QNAN0
247.698302, -200.209380, 0.000000, -1.#QNAN0
247.694440, -200.406292, 0.000000, -1.#QNAN0
247.695481, -200.651697, 0.000000, -1.#QNAN0
247.700853, -200.722717, 0.000000, -1.#QNAN0
247.739754, -201.139001, 0.000000, -1.#QNAN0
247.827420, -201.535325, 0.000000, -1.#QNAN0
247.836077, -201.607009, 0.000000, -1.#QNAN0
247.967388, -202.022306, 0.000000, -1.#QNAN0
248.169198, -202.447947, 0.000000, -1.#QNAN0
248.195129, -202.515335, 0.000000, -1.#QNAN0
248.457082, -202.935523, 0.000000, -1.#QNAN0
248.501240, -202.991405, 0.000000, -1.#QNAN0
248.824236, -203.375347, 0.000000, -1.#QNAN0
248.867295, -203.433309, 0.000000, -1.#QNAN0
249.157118, -203.693225, 0.000000, -1.#QNAN0
249.311740, -203.833355, 0.000000, -1.#QNAN0
249.359950, -203.887109, 0.000000, -1.#QNAN0
249.519413, -204.014635, 0.000000, -1.#QNAN0
249.567622, -204.068388, 0.000000, -1.#QNAN0
249.728199, -204.196805, 0.000000, -1.#QNAN0
249.776409, -204.250559, 0.000000, -1.#QNAN0
249.929572, -204.388246, 0.000000, -1.#QNAN0
249.985195, -204.432729, 0.000000, -1.#QNAN0
250.138358, -204.570416, 0.000000, -1.#QNAN0
250.186568, -204.624170, 0.000000, -1.#QNAN0
250.347145, -204.752587, 0.000000, -1.#QNAN0
250.500308, -204.890274, 0.000000, -1.#QNAN0
250.548517, -204.944028, 0.000000, -1.#QNAN0
250.709094, -205.072444, 0.000000, -1.#QNAN0
250.757304, -205.126198, 0.000000, -1.#QNAN0
250.917881, -205.254615, 0.000000, -1.#QNAN0
250.966090, -205.308368, 0.000000, -1.#QNAN0
251.119253, -205.446055, 0.000000, -1.#QNAN0
251.174877, -205.490539, 0.000000, -1.#QNAN0
251.328040, -205.628226, 0.000000, -1.#QNAN0
251.376250, -205.681980, 0.000000, -1.#QNAN0
251.536826, -205.810396, 0.000000, -1.#QNAN0
251.689989, -205.948083, 0.000000, -1.#QNAN0
251.738199, -206.001837, 0.000000, -1.#QNAN0
251.898776, -206.130254, 0.000000, -1.#QNAN0
251.946986, -206.184008, 0.000000, -1.#QNAN0
252.100149, -206.321695, 0.000000, -1.#QNAN0
252.155772, -206.366178, 0.000000, -1.#QNAN0
252.308935, -206.503865, 0.000000, -1.#QNAN0
252.364558, -206.548348, 0.000000, -1.#QNAN0
252.517721, -206.686035, 0.000000, -1.#QNAN0
252.565931, -206.739789, 0.000000, -1.#QNAN0
252.726508, -206.868206, 0.000000, -1.#QNAN0
252.879671, -207.005893, 0.000000, -1.#QNAN0
252.927880, -207.059647, 0.000000, -1.#QNAN0
253.088457, -207.188063, 0.000000, -1.#QNAN0
253.136667, -207.241817, 0.000000, -1.#QNAN0
253.316362, -207.400050, 0.000000, -1.#QNAN0
253.372558, -207.443808, 0.000000, -1.#QNAN0
253.766345, -207.740273, 0.000000, -1.#QNAN0
253.827037, -207.777547, 0.000000, -1.#QNAN0
254.194780, -208.001128, 0.000000, -1.#QNAN0
254.253139, -208.043646, 0.000000, -1.#QNAN0
254.622715, -208.215025, 0.000000, -1.#QNAN0
254.928044, -208.348828, 0.000000, -1.#QNAN0
254.991337, -208.383578, 0.000000, -1.#QNAN0
255.254074, -208.473543, 0.000000, -1.#QNAN0
255.318520, -208.506106, 0.000000, -1.#QNAN0
255.590353, -208.600167, 0.000000, -1.#QNAN0
255.659073, -208.618881, 0.000000, -1.#QNAN0
255.920190, -208.698676, 0.000000, -1.#QNAN0
