2607.411930, 303.950637, 0.000000, -1.#QNAN0
2607.482237, 303.962020, 0.000000, -1.#QNAN0
2607.552545, 303.973404, 0.000000, -1.#QNAN0
2607.622852, 303.984788, 0.000000, -1.#QNAN0
2607.693159, 303.996172, 0.000000, -1.#QNAN0
2608.114625, 304.064414, 1.000000, -1.#QNAN0
2608.184932, 304.075798, 1.000000, -1.#QNAN0
2608.255239, 304.087182, 1.000000, -1.#QNAN0
2608.323649, 304.110284, 1.000000, -1.#QNAN0
2608.393957, 304.121668, 1.000000, -1.#QNAN0
2608.813526, 304.201628, 1.000000, -1.#QNAN0
2608.883833, 304.213012, 1.000000, -1.#QNAN0
2608.954140, 304.224396, 1.000000, -1.#QNAN0
2609.024448, 304.235780, 1.000000, -1.#QNAN0
2609.096652, 304.235446, 1.000000, -1.#QNAN0
2609.518118, 304.303688, 1.000000, -1.#QNAN0
2609.588425, 304.315072, 1.000000, -1.#QNAN0
2609.656835, 304.338174, 1.000000, -1.#QNAN0
2609.727143, 304.349558, 1.000000, -1.#QNAN0
2609.797450, 304.360941, 1.000000, -1.#QNAN0
2610.223062, 304.440592, 1.000000, -1.#QNAN0
2610.295265, 304.440018, 1.000000, -1.#QNAN0
2610.365610, 304.451168, 1.000000, -1.#QNAN0
2610.435955, 304.462318, 1.000000, -1.#QNAN0
2610.506300, 304.473468, 1.000000, -1.#QNAN0
2610.938906, 304.539754, 1.000000, -1.#QNAN0
2611.009317, 304.550478, 1.000000, -1.#QNAN0
2611.079728, 304.561202, 1.000000, -1.#QNAN0
2611.150139, 304.571927, 1.000000, -1.#QNAN0
2611.220550, 304.582651, 1.000000, -1.#QNAN0
2611.290961, 304.593375, 1.000000, -1.#QNAN0
2611.726279, 304.644889, 1.000000, -1.#QNAN0
2611.796757, 304.655166, 1.000000, -1.#QNAN0
2611.867235, 304.665442, 1.000000, -1.#QNAN0
2611.937713, 304.675718, 1.000000, -1.#QNAN0
2612.006478, 304.697741, 1.000000, -1.#QNAN0
2612.440216, 304.758342, 1.000000, -1.#QNAN0
2612.510757, 304.768180, 1.000000, -1.#QNAN0
2612.581297, 304.778018, 1.000000, -1.#QNAN0
2612.650197, 304.799612, 1.000000, -1.#QNAN0
2612.720738, 304.809450, 1.000000, -1.#QNAN0
2613.154664, 304.867458, 1.000000, -1.#QNAN0
2613.225263, 304.876867, 1.000000, -1.#QNAN0
2613.297430, 304.874509, 1.000000, -1.#QNAN0
2613.369597, 304.872151, 1.000000, -1.#QNAN0
2613.440195, 304.881560, 1.000000, -1.#QNAN0
2613.875575, 304.925226, 1.000000, -1.#QNAN0
2613.946229, 304.934215, 1.000000, -1.#QNAN0
2614.018381, 304.931427, 1.000000, -1.#QNAN0
2614.090532, 304.928640, 1.000000, -1.#QNAN0
2614.161186, 304.937628, 1.000000, -1.#QNAN0
2614.596375, 304.978769, 1.000000, -1.#QNAN0
2614.667080, 304.987345, 1.000000, -1.#QNAN0
2614.737785, 304.995922, 1.000000, -1.#QNAN0
2614.808489, 305.004499, 0.000000, -1.#QNAN0
2614.879194, 305.013075, 0.000000, -1.#QNAN0
2615.306620, 305.064159, 0.000000, -1.#QNAN0
2615.377342, 305.072590, 0.000000, -1.#QNAN0
2615.446659, 305.092809, 0.000000, -1.#QNAN0
2615.517382, 305.101240, 0.000000, -1.#QNAN0
2615.588104, 305.109671, 0.000000, -1.#QNAN0
2615.658826, 305.118103, 0.000000, -1.#QNAN0
2616.082954, 305.168624, 0.000000, -1.#QNAN0
2616.153677, 305.177048, 0.000000, -1.#QNAN0
2616.224400, 305.185473, 0.000000, -1.#QNAN0
2616.295123, 305.193897, 0.000000, -1.#QNAN0
2616.365846, 305.202321, 0.000000, -1.#QNAN0
2616.789804, 305.252822, 0.000000, -1.#QNAN0
2616.859123, 305.273033, 0.000000, -1.#QNAN0
2616.929846, 305.281458, 0.000000, -1.#QNAN0
2617.000569, 305.289882, 0.000000, -1.#QNAN0
2617.071292, 305.298306, 0.000000, -1.#QNAN0
2617.495251, 305.348807, 0.000000, -1.#QNAN0
2617.565974, 305.357232, 0.000000, -1.#QNAN0
2617.636697, 305.365656, 0.000000, -1.#QNAN0
2617.707420, 305.374080, 0.000000, -1.#QNAN0
2617.778143, 305.382505, 0.000000, -1.#QNAN0
2618.202101, 305.433005, 0.000000, -1.#QNAN0
2618.271420, 305.453217, 0.000000, -1.#QNAN0
2618.342143, 305.461641, 0.000000, -1.#QNAN0
2618.412866, 305.470065, 0.000000, -1.#QNAN0
2618.483589, 305.478490, 0.000000, -1.#QNAN0
2618.907546, 305.528990, 0.000000, -1.#QNAN0
2618.978269, 305.537415, 0.000000, -1.#QNAN0
2619.048993, 305.545839, 0.000000, -1.#QNAN0
2619.119716, 305.554263, 0.000000, -1.#QNAN0
2619.190439, 305.562688, 0.000000, -1.#QNAN0
2619.614397, 305.613189, 0.000000, -1.#QNAN0
2619.683716, 305.633400, 0.000000, -1.#QNAN0
2619.754439, 305.641824, 0.000000, -1.#QNAN0
2619.825162, 305.650249, 0.000000, -1.#QNAN0
2619.895885, 305.658673, 0.000000, -1.#QNAN0
2620.174409, 303.922596, -1.000000, -1.#QNAN0
2620.391970, 305.705811, 1.000000, -1.#QNAN0
2620.462693, 305.714235, 1.000000, -1.#QNAN0
2620.534820, 305.710872, 1.000000, -1.#QNAN0
2620.605543, 305.719297, 1.000000, -1.#QNAN0
2620.676266, 305.727721, 1.000000, -1.#QNAN0
2621.100224, 305.778222, 1.000000, -1.#QNAN0
2621.170947, 305.786646, 1.000000, -1.#QNAN0
2621.241670, 305.795071, 1.000000, -1.#QNAN0
2621.312393, 305.803495, 1.000000, -1.#QNAN0
2621.381712, 305.823706, 1.000000, -1.#QNAN0
2621.805670, 305.874207, 1.000000, -1.#QNAN0
2621.877798, 305.870844, 1.000000, -1.#QNAN0
2621.948521, 305.879269, 1.000000, -1.#QNAN0
2622.019244, 305.887693, 1.000000, -1.#QNAN0
2622.089967, 305.896117, 1.000000, -1.#QNAN0
2622.513924, 305.946618, 1.000000, -1.#QNAN0
2622.584647, 305.955042, 1.000000, -1.#QNAN0
2622.655370, 305.963467, 1.000000, -1.#QNAN0
2622.726093, 305.971891, 1.000000, -1.#QNAN0
2622.796817, 305.980315, 1.000000, -1.#QNAN0
2623.220774, 306.030816, 1.000000, -1.#QNAN0
2623.290093, 306.051028, 1.000000, -1.#QNAN0
2623.360816, 306.059452, 1.000000, -1.#QNAN0
2623.431539, 306.067876, 1.000000, -1.#QNAN0
2623.502262, 306.076301, 1.000000, -1.#QNAN0
2623.930869, 306.127355, 1.000000, -1.#QNAN0
2624.001592, 306.135779, 1.000000, -1.#QNAN0
2624.072315, 306.144204, 1.000000, -1.#QNAN0
2624.143038, 306.152628, 1.000000, -1.#QNAN0
2624.213761, 306.161052, 1.000000, -1.#QNAN0
2624.633096, 306.211002, 1.000000, -1.#QNAN0
2624.705223, 306.207640, 1.000000, -1.#QNAN0
2624.775946, 306.216064, 1.000000, -1.#QNAN0
2624.846669, 306.224488, 1.000000, -1.#QNAN0
2624.917392, 306.232913, 1.000000, -1.#QNAN0
2625.326053, 306.293546, 1.000000, -1.#QNAN0
2625.396776, 306.301970, 1.000000, -1.#QNAN0
2625.467499, 306.310394, 1.000000, -1.#QNAN0
2625.538222, 306.318819, 1.000000, -1.#QNAN0
2625.608945, 306.327243, 1.000000, -1.#QNAN0
2626.021528, 306.376389, 1.000000, -1.#QNAN0
2626.092251, 306.384813, 1.000000, -1.#QNAN0
2626.162974, 306.393237, 1.000000, -1.#QNAN0
2626.235101, 306.389875, 1.000000, -1.#QNAN0
2626.307228, 306.386512, 1.000000, -1.#QNAN0
2626.710542, 306.434553, 1.000000, -1.#QNAN0
2626.781265, 306.442978, 1.000000, -1.#QNAN0
2627.055576, 304.742262, -1.000000, -1.#QNAN0
2626.922711, 306.459826, 0.000000, -1.#QNAN0
2626.993434, 306.468251, 0.000000, -1.#QNAN0
2627.399266, 306.516592, 0.000000, -1.#QNAN0
2627.469989, 306.525017, 0.000000, -1.#QNAN0
2627.540712, 306.533441, 0.000000, -1.#QNAN0
2627.611435, 306.541865, 0.000000, -1.#QNAN0
2627.683563, 306.538502, 0.000000, -1.#QNAN0
2628.080128, 306.585740, 0.000000, -1.#QNAN0
2628.150851, 306.594165, 0.000000, -1.#QNAN0
2628.221574, 306.602589, 0.000000, -1.#QNAN0
2628.292297, 306.611013, 0.000000, -1.#QNAN0
2628.686731, 306.657997, 0.000000, -1.#QNAN0
2628.757454, 306.666421, 0.000000, -1.#QNAN0
2628.828177, 306.674846, 0.000000, -1.#QNAN0
2628.898900, 306.683270, 0.000000, -1.#QNAN0
2628.969623, 306.691694, 0.000000, -1.#QNAN0
2629.364056, 306.738678, 0.000000, -1.#QNAN0
2629.434779, 306.747103, 0.000000, -1.#QNAN0
2629.505502, 306.755527, 0.000000, -1.#QNAN0
2629.576225, 306.763951, 0.000000, -1.#QNAN0
2629.646948, 306.772376, 0.000000, -1.#QNAN0
2630.042786, 306.807572, 0.000000, -1.#QNAN0
2630.113510, 306.815997, 0.000000, -1.#QNAN0
2630.184233, 306.824421, 0.000000, -1.#QNAN0
2630.254956, 306.832845, 0.000000, -1.#QNAN0
2630.649389, 306.879829, 0.000000, -1.#QNAN0
2630.720112, 306.888254, 0.000000, -1.#QNAN0
2630.790835, 306.896678, 0.000000, -1.#QNAN0
2630.861558, 306.905102, 0.000000, -1.#QNAN0
2630.932281, 306.913527, 0.000000, -1.#QNAN0
2631.326919, 306.960492, 0.000000, -1.#QNAN0
2631.397643, 306.968908, 0.000000, -1.#QNAN0
2631.468367, 306.977324, 0.000000, -1.#QNAN0
2631.539091, 306.985740, 0.000000, -1.#QNAN0
2631.609815, 306.994156, 0.000000, -1.#QNAN0
2632.006789, 307.029184, 0.000000, -1.#QNAN0
2632.077519, 307.037554, 0.000000, -1.#QNAN0
2632.148248, 307.045923, 0.000000, -1.#QNAN0
2632.218978, 307.054293, 0.000000, -1.#QNAN0
2632.614927, 307.100851, 0.000000, -1.#QNAN0
2632.685664, 307.109159, 0.000000, -1.#QNAN0
2632.953032, 305.443364, -1.000000, -1.#QNAN0
2632.827138, 307.125776, 1.000000, -1.#QNAN0
2632.897874, 307.134084, 1.000000, -1.#QNAN0
2633.294017, 307.180266, 1.000000, -1.#QNAN0
2633.366135, 307.176716, 1.000000, -1.#QNAN0
2633.436880, 307.184957, 1.000000, -1.#QNAN0
2633.507624, 307.193198, 1.000000, -1.#QNAN0
2633.578369, 307.201439, 1.000000, -1.#QNAN0
2633.974512, 307.247224, 1.000000, -1.#QNAN0
2634.045264, 307.255399, 1.000000, -1.#QNAN0
2634.116017, 307.263574, 1.000000, -1.#QNAN0
2634.186769, 307.271750, 1.000000, -1.#QNAN0
2634.581652, 307.328998, 1.000000, -1.#QNAN0
2634.652412, 307.337105, 1.000000, -1.#QNAN0
2634.723172, 307.345213, 1.000000, -1.#QNAN0
2634.793932, 307.353320, 1.000000, -1.#QNAN0
2634.863341, 307.373220, 1.000000, -1.#QNAN0
2635.259714, 307.418267, 1.000000, -1.#QNAN0
2635.329143, 307.438098, 1.000000, -1.#QNAN0
2635.399911, 307.446134, 1.000000, -1.#QNAN0
2635.470679, 307.454170, 1.000000, -1.#QNAN0
2635.541447, 307.462206, 1.000000, -1.#QNAN0
2635.936627, 307.518622, 1.000000, -1.#QNAN0
2636.007404, 307.526584, 1.000000, -1.#QNAN0
2636.078180, 307.534546, 1.000000, -1.#QNAN0
2636.147630, 307.554304, 1.000000, -1.#QNAN0
2636.543014, 307.598657, 1.000000, -1.#QNAN0
2636.613794, 307.606593, 1.000000, -1.#QNAN0
2636.683251, 307.626326, 1.000000, -1.#QNAN0
2636.754030, 307.634262, 1.000000, -1.#QNAN0
2636.824810, 307.642198, 1.000000, -1.#QNAN0
2637.219625, 307.686451, 1.000000, -1.#QNAN0
2637.290405, 307.694384, 1.000000, -1.#QNAN0
2637.359863, 307.714114, 1.000000, -1.#QNAN0
2637.430643, 307.722048, 1.000000, -1.#QNAN0
2637.501422, 307.729981, 1.000000, -1.#QNAN0
2637.896173, 307.774226, 1.000000, -1.#QNAN0
2637.966953, 307.782159, 1.000000, -1.#QNAN0
2638.039055, 307.778295, 1.000000, -1.#QNAN0
2638.109835, 307.786229, 1.000000, -1.#QNAN0
2638.504585, 307.830473, 1.000000, -1.#QNAN0
2638.576687, 307.826610, 1.000000, -1.#QNAN0
2638.647467, 307.834543, 1.000000, -1.#QNAN0
2638.718247, 307.842477, 1.000000, -1.#QNAN0
2638.789026, 307.850410, 1.000000, -1.#QNAN0
2639.183776, 307.894655, 1.000000, -1.#QNAN0
2639.254556, 307.902588, 1.000000, -1.#QNAN0
2639.325336, 307.910521, 1.000000, -1.#QNAN0
2639.396116, 307.918454, 1.000000, -1.#QNAN0
2639.468218, 307.914591, 1.000000, -1.#QNAN0
2639.862969, 307.958836, 1.000000, -1.#QNAN0
2639.933749, 307.966769, 1.000000, -1.#QNAN0
2640.004528, 307.974702, 1.000000, -1.#QNAN0
2640.075308, 307.982635, 1.000000, -1.#QNAN0
2640.470058, 308.026880, 1.000000, -1.#QNAN0
2640.540838, 308.034813, 1.000000, -1.#QNAN0
2640.611618, 308.042747, 1.000000, -1.#QNAN0
2640.682398, 308.050680, 1.000000, -1.#QNAN0
2640.753177, 308.058613, 1.000000, -1.#QNAN0
2641.147928, 308.102858, 1.000000, -1.#QNAN0
2641.217385, 308.122588, 1.000000, -1.#QNAN0
2641.288165, 308.130521, 1.000000, -1.#QNAN0
2641.358945, 308.138454, 1.000000, -1.#QNAN0
2641.429725, 308.146387, 1.000000, -1.#QNAN0
2641.824475, 308.190632, 1.000000, -1.#QNAN0
2641.895255, 308.198566, 1.000000, -1.#QNAN0
2641.966035, 308.206499, 1.000000, -1.#QNAN0
2642.036815, 308.214432, 1.000000, -1.#QNAN0
2642.431565, 308.258677, 1.000000, -1.#QNAN0
2642.502345, 308.266610, 1.000000, -1.#QNAN0
2642.573125, 308.274543, 1.000000, -1.#QNAN0
2642.643904, 308.282476, 1.000000, -1.#QNAN0
2642.716006, 308.278613, 1.000000, -1.#QNAN0
2643.110757, 308.322858, 1.000000, -1.#QNAN0
2643.181536, 308.330791, 1.000000, -1.#QNAN0
2643.252316, 308.338724, 1.000000, -1.#QNAN0
2643.323096, 308.346658, 1.000000, -1.#QNAN0
2643.392554, 308.366387, 1.000000, -1.#QNAN0
2643.789725, 308.410904, 1.000000, -1.#QNAN0
2643.860505, 308.418837, 1.000000, -1.#QNAN0
2643.931285, 308.426770, 1.000000, -1.#QNAN0
2644.002064, 308.434703, 1.000000, -1.#QNAN0
2644.405139, 308.479881, 1.000000, -1.#QNAN0
2644.477241, 308.476018, 1.000000, -1.#QNAN0
2644.548021, 308.483951, 1.000000, -1.#QNAN0
2644.618801, 308.491884, 1.000000, -1.#QNAN0
2644.689581, 308.499817, 1.000000, -1.#QNAN0
2645.086764, 308.544335, 1.000000, -1.#QNAN0
2645.156221, 308.564065, 1.000000, -1.#QNAN0
2645.227001, 308.571998, 1.000000, -1.#QNAN0
2645.299103, 308.568135, 1.000000, -1.#QNAN0
2645.369883, 308.576068, 1.000000, -1.#QNAN0
2645.772972, 308.621247, 1.000000, -1.#QNAN0
2645.843752, 308.629180, 1.000000, -1.#QNAN0
2645.914532, 308.637114, 1.000000, -1.#QNAN0
2645.985312, 308.645047, 1.000000, -1.#QNAN0
2646.057414, 308.641183, 1.000000, -1.#QNAN0
2646.466408, 308.687025, 1.000000, -1.#QNAN0
2646.537188, 308.694958, 1.000000, -1.#QNAN0
2646.607968, 308.702891, 1.000000, -1.#QNAN0
2646.678748, 308.710825, 1.000000, -1.#QNAN0
2646.749527, 308.718758, 1.000000, -1.#QNAN0
2647.164428, 308.765261, 1.000000, -1.#QNAN0
2647.235208, 308.773194, 1.000000, -1.#QNAN0
2647.305988, 308.781128, 1.000000, -1.#QNAN0
2647.376768, 308.789061, 1.000000, -1.#QNAN0
2647.785779, 308.834904, 1.000000, -1.#QNAN0
2647.856559, 308.842837, 1.000000, -1.#QNAN0
2647.927339, 308.850771, 1.000000, -1.#QNAN0
2647.998119, 308.858704, 1.000000, -1.#QNAN0
2648.068899, 308.866637, 1.000000, -1.#QNAN0
2648.481395, 308.912871, 1.000000, -1.#QNAN0
2648.552175, 308.920804, 1.000000, -1.#QNAN0
2648.622955, 308.928737, 1.000000, -1.#QNAN0
2648.693734, 308.936671, 1.000000, -1.#QNAN0
2648.764514, 308.944604, 1.000000, -1.#QNAN0
2649.177011, 308.990838, 1.000000, -1.#QNAN0
2649.247790, 308.998771, 1.000000, -1.#QNAN0
2649.318570, 309.006704, 1.000000, -1.#QNAN0
2649.389350, 309.014637, 1.000000, -1.#QNAN0
2649.460130, 309.022570, 1.000000, -1.#QNAN0
2649.872627, 309.068804, 1.000000, -1.#QNAN0
2649.943407, 309.076738, 1.000000, -1.#QNAN0
2650.015509, 309.072874, 1.000000, -1.#QNAN0
2650.086289, 309.080807, 1.000000, -1.#QNAN0
2650.157068, 309.088741, 1.000000, -1.#QNAN0
2650.569565, 309.134975, 1.000000, -1.#QNAN0
2650.639022, 309.154704, 1.000000, -1.#QNAN0
2650.709802, 309.162638, 1.000000, -1.#QNAN0
2650.780582, 309.170571, 1.000000, -1.#QNAN0
2650.852684, 309.166707, 1.000000, -1.#QNAN0
2651.265419, 309.212919, 1.000000, -1.#QNAN0
2651.336200, 309.220842, 1.000000, -1.#QNAN0
2651.406981, 309.228765, 1.000000, -1.#QNAN0
2651.477762, 309.236689, 1.000000, -1.#QNAN0
2651.548543, 309.244612, 1.000000, -1.#QNAN0
2651.960828, 309.302482, 1.000000, -1.#QNAN0
2652.031613, 309.310361, 1.000000, -1.#QNAN0
2652.102399, 309.318239, 1.000000, -1.#QNAN0
2652.173185, 309.326118, 1.000000, -1.#QNAN0
2652.243971, 309.333996, 1.000000, -1.#QNAN0
2652.658188, 309.379752, 1.000000, -1.#QNAN0
2652.728981, 309.387562, 1.000000, -1.#QNAN0
2652.799775, 309.395371, 1.000000, -1.#QNAN0
2652.870568, 309.403181, 1.000000, -1.#QNAN0
2652.941362, 309.410991, 1.000000, -1.#QNAN0
2653.354287, 309.468149, 1.000000, -1.#QNAN0
2653.425088, 309.475893, 1.000000, -1.#QNAN0
2653.494599, 309.495436, 1.000000, -1.#QNAN0
2653.565400, 309.503179, 1.000000, -1.#QNAN0
2653.637491, 309.499122, 1.000000, -1.#QNAN0
2654.051719, 309.544095, 1.000000, -1.#QNAN0
2654.122527, 309.551773, 1.000000, -1.#QNAN0
2654.193335, 309.559451, 1.000000, -1.#QNAN0
2654.264143, 309.567129, 1.000000, -1.#QNAN0
2654.334951, 309.574807, 1.000000, -1.#QNAN0
2654.750446, 309.607600, 1.000000, -1.#QNAN0
2654.819992, 309.627017, 1.000000, -1.#QNAN0
2654.890807, 309.634632, 1.000000, -1.#QNAN0
2654.961622, 309.642246, 1.000000, -1.#QNAN0
2655.033705, 309.638059, 1.000000, -1.#QNAN0
2655.447922, 309.682286, 1.000000, -1.#QNAN0
2655.518743, 309.689839, 1.000000, -1.#QNAN0
2655.589564, 309.697392, 1.000000, -1.#QNAN0
2655.660386, 309.704945, 1.000000, -1.#QNAN0
2655.732466, 309.700694, 1.000000, -1.#QNAN0
2656.146336, 309.744597, 1.000000, -1.#QNAN0
2656.217162, 309.752104, 1.000000, -1.#QNAN0
2656.287988, 309.759610, 1.000000, -1.#QNAN0
2656.358815, 309.767117, 1.000000, -1.#QNAN0
2656.430892, 309.762819, 1.000000, -1.#QNAN0
2656.844026, 309.806528, 1.000000, -1.#QNAN0
2656.914854, 309.814020, 1.000000, -1.#QNAN0
2656.985682, 309.821511, 1.000000, -1.#QNAN0
2657.056510, 309.829003, 1.000000, -1.#QNAN0
2657.127338, 309.836494, 1.000000, -1.#QNAN0
2657.540114, 309.880153, 1.000000, -1.#QNAN0
2657.610942, 309.887644, 1.000000, -1.#QNAN0
2657.681770, 309.895135, 1.000000, -1.#QNAN0
2657.752598, 309.902627, 1.000000, -1.#QNAN0
2657.823426, 309.910118, 1.000000, -1.#QNAN0
2658.236204, 309.953777, 1.000000, -1.#QNAN0
2658.307032, 309.961268, 1.000000, -1.#QNAN0
2658.379108, 309.956955, 1.000000, -1.#QNAN0
2658.449936, 309.964447, 1.000000, -1.#QNAN0
2658.520764, 309.971938, 1.000000, -1.#QNAN0
2658.933541, 310.015597, 1.000000, -1.#QNAN0
2659.004369, 310.023088, 1.000000, -1.#QNAN0
2659.075197, 310.030579, 1.000000, -1.#QNAN0
2659.146025, 310.038071, 1.000000, -1.#QNAN0
2659.216853, 310.045562, 1.000000, -1.#QNAN0
2659.628381, 310.101026, 1.000000, -1.#QNAN0
2659.699209, 310.108517, 1.000000, -1.#QNAN0
2659.770037, 310.116008, 1.000000, -1.#QNAN0
2659.840865, 310.123500, 1.000000, -1.#QNAN0
2659.912942, 310.119187, 1.000000, -1.#QNAN0
2660.325719, 310.162845, 1.000000, -1.#QNAN0
2660.396547, 310.170337, 1.000000, -1.#QNAN0
2660.467375, 310.177828, 1.000000, -1.#QNAN0
2660.538203, 310.185320, 1.000000, -1.#QNAN0
2660.609031, 310.192811, 1.000000, -1.#QNAN0
2661.021808, 310.236470, 1.000000, -1.#QNAN0
2661.092636, 310.243961, 1.000000, -1.#QNAN0
2661.163464, 310.251452, 1.000000, -1.#QNAN0
2661.234292, 310.258944, 1.000000, -1.#QNAN0
2661.305120, 310.266435, 1.000000, -1.#QNAN0
2661.717897, 310.310094, 1.000000, -1.#QNAN0
2661.788725, 310.317585, 1.000000, -1.#QNAN0
2661.859553, 310.325077, 1.000000, -1.#QNAN0
2661.930380, 310.332568, 1.000000, -1.#QNAN0
2662.001208, 310.340060, 1.000000, -1.#QNAN0
2662.413986, 310.383718, 1.000000, -1.#QNAN0
2662.484814, 310.391210, 1.000000, -1.#QNAN0
2662.555642, 310.398701, 1.000000, -1.#QNAN0
2662.626470, 310.406193, 1.000000, -1.#QNAN0
2662.697298, 310.413684, 1.000000, -1.#QNAN0
2663.110075, 310.457343, 1.000000, -1.#QNAN0
2663.180903, 310.464834, 1.000000, -1.#QNAN0
2663.251731, 310.472325, 1.000000, -1.#QNAN0
2663.322559, 310.479817, 1.000000, -1.#QNAN0
2663.393387, 310.487308, 1.000000, -1.#QNAN0
2663.806163, 310.530967, 1.000000, -1.#QNAN0
2663.876991, 310.538458, 1.000000, -1.#QNAN0
2663.947819, 310.545950, 1.000000, -1.#QNAN0
2664.018647, 310.553441, 1.000000, -1.#QNAN0
2664.089475, 310.560933, 1.000000, -1.#QNAN0
2664.503251, 310.604697, 1.000000, -1.#QNAN0
2664.574079, 310.612188, 1.000000, -1.#QNAN0
2664.644907, 310.619680, 1.000000, -1.#QNAN0
2664.715735, 310.627171, 1.000000, -1.#QNAN0
2664.786563, 310.634662, 1.000000, -1.#QNAN0
2665.206209, 310.679048, 1.000000, -1.#QNAN0
2665.275789, 310.698344, 1.000000, -1.#QNAN0
2665.346617, 310.705835, 1.000000, -1.#QNAN0
2665.417445, 310.713327, 1.000000, -1.#QNAN0
2665.488273, 310.720818, 1.000000, -1.#QNAN0
2665.913792, 310.765825, 1.000000, -1.#QNAN0
2665.984620, 310.773316, 1.000000, -1.#QNAN0
2666.055448, 310.780807, 1.000000, -1.#QNAN0
2666.126276, 310.788299, 1.000000, -1.#QNAN0
2666.197103, 310.795790, 1.000000, -1.#QNAN0
2666.616692, 310.840169, 1.000000, -1.#QNAN0
2666.687520, 310.847661, 1.000000, -1.#QNAN0
2666.758347, 310.855152, 1.000000, -1.#QNAN0
2666.829175, 310.862643, 1.000000, -1.#QNAN0
2666.900003, 310.870135, 1.000000, -1.#QNAN0
2666.970831, 310.877626, 1.000000, -1.#QNAN0
2667.395044, 310.934431, 1.000000, -1.#QNAN0
2667.465872, 310.941923, 1.000000, -1.#QNAN0
2667.536700, 310.949414, 1.000000, -1.#QNAN0
2667.607528, 310.956905, 1.000000, -1.#QNAN0
2667.678355, 310.964397, 1.000000, -1.#QNAN0
2668.109691, 311.010018, 1.000000, -1.#QNAN0
2668.180519, 311.017510, 1.000000, -1.#QNAN0
2668.251347, 311.025001, 1.000000, -1.#QNAN0
2668.322175, 311.032492, 1.000000, -1.#QNAN0
2668.391754, 311.051789, 1.000000, -1.#QNAN0
2668.828965, 311.098032, 1.000000, -1.#QNAN0
2668.898544, 311.117328, 1.000000, -1.#QNAN0
2668.969372, 311.124819, 1.000000, -1.#QNAN0
2669.040200, 311.132310, 1.000000, -1.#QNAN0
2669.111028, 311.139802, 1.000000, -1.#QNAN0
2669.553115, 311.186561, 1.000000, -1.#QNAN0
2669.623942, 311.194052, 1.000000, -1.#QNAN0
2669.694770, 311.201543, 1.000000, -1.#QNAN0
2669.765598, 311.209035, 1.000000, -1.#QNAN0
2669.836426, 311.216526, 1.000000, -1.#QNAN0
2670.277264, 311.275090, 1.000000, -1.#QNAN0
2670.348092, 311.282581, 1.000000, -1.#QNAN0
2670.418920, 311.290072, 1.000000, -1.#QNAN0
2670.489748, 311.297564, 1.000000, -1.#QNAN0
2670.560576, 311.305055, 1.000000, -1.#QNAN0
2671.001415, 311.363619, 1.000000, -1.#QNAN0
2671.072243, 311.371110, 1.000000, -1.#QNAN0
2671.143071, 311.378601, 1.000000, -1.#QNAN0
2671.213899, 311.386093, 1.000000, -1.#QNAN0
2671.284727, 311.393584, 1.000000, -1.#QNAN0
2671.355555, 311.401076, 1.000000, -1.#QNAN0
2671.797641, 311.447834, 1.000000, -1.#QNAN0
2671.868469, 311.455326, 1.000000, -1.#QNAN0
2671.939297, 311.462817, 1.000000, -1.#QNAN0
2672.010125, 311.470309, 1.000000, -1.#QNAN0
2672.080953, 311.477800, 1.000000, -1.#QNAN0
2672.522657, 311.524612, 1.000000, -1.#QNAN0
2672.593484, 311.532118, 1.000000, -1.#QNAN0
2672.664310, 311.539625, 1.000000, -1.#QNAN0
2672.735136, 311.547131, 1.000000, -1.#QNAN0
2672.804712, 311.566442, 1.000000, -1.#QNAN0
2673.244955, 311.613534, 1.000000, -1.#QNAN0
2673.315774, 311.621113, 1.000000, -1.#QNAN0
2673.386592, 311.628692, 1.000000, -1.#QNAN0
2673.457411, 311.636271, 1.000000, -1.#QNAN0
2673.528230, 311.643850, 1.000000, -1.#QNAN0
2673.969747, 311.679573, 1.000000, -1.#QNAN0
2674.040558, 311.687222, 1.000000, -1.#QNAN0
2674.111369, 311.694872, 1.000000, -1.#QNAN0
2674.180905, 311.714324, 1.000000, -1.#QNAN0
2674.251716, 311.721973, 1.000000, -1.#QNAN0
2674.691956, 311.769920, 1.000000, -1.#QNAN0
2674.761473, 311.789439, 1.000000, -1.#QNAN0
2674.832277, 311.797158, 1.000000, -1.#QNAN0
2674.903080, 311.804876, 1.000000, -1.#QNAN0
2674.973884, 311.812595, 1.000000, -1.#QNAN0
2675.414110, 311.860953, 1.000000, -1.#QNAN0
2675.484906, 311.868739, 1.000000, -1.#QNAN0
2675.555702, 311.876524, 1.000000, -1.#QNAN0
2675.626498, 311.884310, 1.000000, -1.#QNAN0
2675.697295, 311.892096, 1.000000, -1.#QNAN0
2675.768091, 311.899882, 1.000000, -1.#QNAN0
2676.206996, 311.960506, 1.000000, -1.#QNAN0
2676.277785, 311.968357, 1.000000, -1.#QNAN0
2676.348574, 311.976209, 1.000000, -1.#QNAN0
2676.419363, 311.984060, 1.000000, -1.#QNAN0
2676.490152, 311.991912, 1.000000, -1.#QNAN0
2676.930408, 312.041121, 1.000000, -1.#QNAN0
2677.001190, 312.049034, 1.000000, -1.#QNAN0
2677.070653, 312.068744, 1.000000, -1.#QNAN0
2677.141435, 312.076658, 1.000000, -1.#QNAN0
2677.212217, 312.084571, 1.000000, -1.#QNAN0
2677.651625, 312.145886, 1.000000, -1.#QNAN0
2677.722402, 312.153841, 1.000000, -1.#QNAN0
2677.793180, 312.161796, 1.000000, -1.#QNAN0
2677.863957, 312.169750, 1.000000, -1.#QNAN0
2677.934734, 312.177705, 1.000000, -1.#QNAN0
2678.376506, 312.227354, 1.000000, -1.#QNAN0
2678.447283, 312.235309, 1.000000, -1.#QNAN0
2678.518061, 312.243264, 1.000000, -1.#QNAN0
2678.588838, 312.251218, 1.000000, -1.#QNAN0
2678.658290, 312.270969, 1.000000, -1.#QNAN0
2679.100061, 312.320619, 1.000000, -1.#QNAN0
2679.170838, 312.328573, 1.000000, -1.#QNAN0
2679.241616, 312.336528, 1.000000, -1.#QNAN0
2679.312393, 312.344482, 1.000000, -1.#QNAN0
2679.383170, 312.352437, 1.000000, -1.#QNAN0
2679.824942, 312.402087, 1.000000, -1.#QNAN0
2679.895720, 312.410041, 1.000000, -1.#QNAN0
2679.966497, 312.417996, 1.000000, -1.#QNAN0
2680.038600, 312.414154, 1.000000, -1.#QNAN0
2680.109378, 312.422109, 1.000000, -1.#QNAN0
2680.178830, 312.441859, 1.000000, -1.#QNAN0
2680.620601, 312.491509, 1.000000, -1.#QNAN0
2680.691378, 312.499464, 1.000000, -1.#QNAN0
2680.762156, 312.507418, 1.000000, -1.#QNAN0
2680.832933, 312.515373, 1.000000, -1.#QNAN0
2680.903710, 312.523327, 1.000000, -1.#QNAN0
2681.345482, 312.572977, 1.000000, -1.#QNAN0
2681.417585, 312.569136, 1.000000, -1.#QNAN0
2681.488362, 312.577090, 1.000000, -1.#QNAN0
2681.559140, 312.585045, 1.000000, -1.#QNAN0
2681.629917, 312.592999, 1.000000, -1.#QNAN0
2682.070363, 312.654445, 1.000000, -1.#QNAN0
2682.141141, 312.662400, 1.000000, -1.#QNAN0
2682.211918, 312.670354, 1.000000, -1.#QNAN0
2682.284021, 312.666513, 1.000000, -1.#QNAN0
2682.354799, 312.674467, 1.000000, -1.#QNAN0
2682.796570, 312.724117, 1.000000, -1.#QNAN0
2682.868673, 312.720275, 1.000000, -1.#QNAN0
2682.939450, 312.728230, 1.000000, -1.#QNAN0
2683.010228, 312.736184, 1.000000, -1.#QNAN0
2683.081005, 312.744139, 1.000000, -1.#QNAN0
2683.522777, 312.793789, 1.000000, -1.#QNAN0
2683.593554, 312.801743, 1.000000, -1.#QNAN0
2683.664331, 312.809698, 1.000000, -1.#QNAN0
2683.735109, 312.817652, 1.000000, -1.#QNAN0
2683.805886, 312.825607, 1.000000, -1.#QNAN0
2684.247658, 312.875257, 1.000000, -1.#QNAN0
2684.319761, 312.871415, 1.000000, -1.#QNAN0
2684.390539, 312.879370, 1.000000, -1.#QNAN0
2684.461316, 312.887324, 1.000000, -1.#QNAN0
2684.532094, 312.895279, 1.000000, -1.#QNAN0
2684.602871, 312.903233, 1.000000, -1.#QNAN0
2685.044642, 312.952883, 1.000000, -1.#QNAN0
2685.115420, 312.960838, 1.000000, -1.#QNAN0
2685.186197, 312.968792, 1.000000, -1.#QNAN0
2685.256975, 312.976747, 1.000000, -1.#QNAN0
2685.327752, 312.984701, 1.000000, -1.#QNAN0
2685.769523, 313.034351, 1.000000, -1.#QNAN0
2685.840301, 313.042306, 1.000000, -1.#QNAN0
2685.911078, 313.050260, 1.000000, -1.#QNAN0
2685.981855, 313.058215, 1.000000, -1.#QNAN0
2686.052633, 313.066169, 1.000000, -1.#QNAN0
2686.491191, 313.103513, 1.000000, -1.#QNAN0
2686.561968, 313.111467, 1.000000, -1.#QNAN0
2686.632746, 313.119422, 1.000000, -1.#QNAN0
2686.703523, 313.127376, 1.000000, -1.#QNAN0
2686.774301, 313.135331, 1.000000, -1.#QNAN0
2687.203838, 313.183606, 1.000000, -1.#QNAN0
2687.274616, 313.191560, 1.000000, -1.#QNAN0
2687.345393, 313.199515, 1.000000, -1.#QNAN0
2687.416170, 313.207469, 1.000000, -1.#QNAN0
2687.488274, 313.203628, 1.000000, -1.#QNAN0
2687.910117, 313.251038, 1.000000, -1.#QNAN0
2687.982220, 313.247196, 1.000000, -1.#QNAN0
2688.052997, 313.255151, 1.000000, -1.#QNAN0
2688.123775, 313.263105, 1.000000, -1.#QNAN0
2688.194552, 313.271060, 1.000000, -1.#QNAN0
2688.619173, 313.330727, 1.000000, -1.#QNAN0
2688.689950, 313.338682, 1.000000, -1.#QNAN0
2688.760728, 313.346636, 1.000000, -1.#QNAN0
2688.831505, 313.354591, 1.000000, -1.#QNAN0
2688.902283, 313.362546, 1.000000, -1.#QNAN0
2689.320534, 313.409552, 1.000000, -1.#QNAN0
2689.391311, 313.417507, 1.000000, -1.#QNAN0
2689.460763, 313.437257, 1.000000, -1.#QNAN0
2689.531541, 313.445212, 1.000000, -1.#QNAN0
2689.602318, 313.453166, 1.000000, -1.#QNAN0
2690.012875, 313.499308, 1.000000, -1.#QNAN0
2690.083653, 313.507263, 1.000000, -1.#QNAN0
2690.154430, 313.515217, 1.000000, -1.#QNAN0
2690.225207, 313.523172, 1.000000, -1.#QNAN0
2690.295985, 313.531126, 1.000000, -1.#QNAN0
2690.710645, 313.577729, 1.000000, -1.#QNAN0
2690.781423, 313.585684, 1.000000, -1.#QNAN0
2690.852200, 313.593638, 1.000000, -1.#QNAN0
2690.922977, 313.601593, 1.000000, -1.#QNAN0
2690.993755, 313.609547, 1.000000, -1.#QNAN0
2691.405260, 313.655796, 1.000000, -1.#QNAN0
2691.476037, 313.663750, 1.000000, -1.#QNAN0
2691.546815, 313.671705, 1.000000, -1.#QNAN0
2691.617592, 313.679659, 1.000000, -1.#QNAN0
2691.688369, 313.687614, 1.000000, -1.#QNAN0
2692.098549, 313.745658, 1.000000, -1.#QNAN0
2692.168000, 313.765409, 1.000000, -1.#QNAN0
2692.238778, 313.773364, 1.000000, -1.#QNAN0
2692.309555, 313.781318, 1.000000, -1.#QNAN0
2692.380332, 313.789273, 1.000000, -1.#QNAN0
2692.791838, 313.835521, 1.000000, -1.#QNAN0
2692.862615, 313.843476, 1.000000, -1.#QNAN0
2692.933393, 313.851430, 1.000000, -1.#QNAN0
2693.004170, 313.859385, 1.000000, -1.#QNAN0
2693.073622, 313.879135, 1.000000, -1.#QNAN0
2693.485127, 313.925384, 1.000000, -1.#QNAN0
2693.554579, 313.945134, 1.000000, -1.#QNAN0
2693.625356, 313.953089, 1.000000, -1.#QNAN0
2693.696133, 313.961043, 1.000000, -1.#QNAN0
2693.765585, 313.980794, 1.000000, -1.#QNAN0
2694.176994, 314.027053, 1.000000, -1.#QNAN0
2694.247771, 314.035011, 1.000000, -1.#QNAN0
2694.318548, 314.042970, 1.000000, -1.#QNAN0
2694.389325, 314.050928, 1.000000, -1.#QNAN0
2694.800624, 314.097214, 1.000000, -1.#QNAN0
2694.871400, 314.105180, 1.000000, -1.#QNAN0
2694.942176, 314.113146, 1.000000, -1.#QNAN0
2695.012952, 314.121112, 1.000000, -1.#QNAN0
2695.083728, 314.129078, 1.000000, -1.#QNAN0
2695.494974, 314.175414, 1.000000, -1.#QNAN0
2695.565749, 314.183390, 1.000000, -1.#QNAN0
2695.636525, 314.191365, 1.000000, -1.#QNAN0
2695.707300, 314.199341, 1.000000, -1.#QNAN0
2695.778075, 314.207316, 1.000000, -1.#QNAN0
2696.189306, 314.253711, 1.000000, -1.#QNAN0
2696.258749, 314.273492, 1.000000, -1.#QNAN0
2696.329523, 314.281477, 1.000000, -1.#QNAN0
2696.400297, 314.289463, 1.000000, -1.#QNAN0
2696.469740, 314.309244, 1.000000, -1.#QNAN0
2696.880953, 314.355698, 1.000000, -1.#QNAN0
2696.951726, 314.363694, 1.000000, -1.#QNAN0
2697.021166, 314.383485, 1.000000, -1.#QNAN0
2697.093272, 314.379685, 1.000000, -1.#QNAN0
2697.164044, 314.387681, 1.000000, -1.#QNAN0
2697.576575, 314.422401, 1.000000, -1.#QNAN0
2697.647347, 314.430408, 1.000000, -1.#QNAN0
2697.718119, 314.438414, 1.000000, -1.#QNAN0
2697.788890, 314.446420, 1.000000, -1.#QNAN0
2697.858327, 314.466222, 1.000000, -1.#QNAN0
2698.269507, 314.512802, 1.000000, -1.#QNAN0
2698.338942, 314.532614, 1.000000, -1.#QNAN0
2698.409712, 314.540631, 1.000000, -1.#QNAN0
2698.480482, 314.548648, 1.000000, -1.#QNAN0
2698.891710, 314.595278, 1.000000, -1.#QNAN0
2698.963817, 314.591510, 1.000000, -1.#QNAN0
2699.034586, 314.599536, 1.000000, -1.#QNAN0
2699.104018, 314.619356, 1.000000, -1.#QNAN0
2699.174788, 314.627382, 1.000000, -1.#QNAN0
2699.586165, 314.674053, 1.000000, -1.#QNAN0
2699.655596, 314.693877, 1.000000, -1.#QNAN0
2699.726365, 314.701906, 1.000000, -1.#QNAN0
2699.797134, 314.709935, 1.000000, -1.#QNAN0
2699.867903, 314.717964, 1.000000, -1.#QNAN0
2700.279359, 314.764645, 1.000000, -1.#QNAN0
2700.350128, 314.772674, 1.000000, -1.#QNAN0
2700.419559, 314.792498, 1.000000, -1.#QNAN0
2700.490328, 314.800527, 1.000000, -1.#QNAN0
2700.561097, 314.808556, 1.000000, -1.#QNAN0
2700.972553, 314.855237, 1.000000, -1.#QNAN0
2701.043322, 314.863266, 1.000000, -1.#QNAN0
2701.114091, 314.871295, 1.000000, -1.#QNAN0
2701.184860, 314.879324, 1.000000, -1.#QNAN0
2701.255629, 314.887353, 1.000000, -1.#QNAN0
2701.667085, 314.934035, 1.000000, -1.#QNAN0
2701.737854, 314.942064, 1.000000, -1.#QNAN0
2701.808623, 314.950093, 1.000000, -1.#QNAN0
2701.878054, 314.969917, 1.000000, -1.#QNAN0
2701.948823, 314.977946, 1.000000, -1.#QNAN0
2702.360279, 315.024627, 1.000000, -1.#QNAN0
2702.431048, 315.032656, 1.000000, -1.#QNAN0
2702.500479, 315.052480, 1.000000, -1.#QNAN0
2702.571248, 315.060509, 1.000000, -1.#QNAN0
2702.982705, 315.107190, 1.000000, -1.#QNAN0
2703.053474, 315.115219, 1.000000, -1.#QNAN0
2703.124243, 315.123248, 1.000000, -1.#QNAN0
2703.195012, 315.131277, 1.000000, -1.#QNAN0
2703.265781, 315.139306, 1.000000, -1.#QNAN0
2703.677237, 315.185988, 1.000000, -1.#QNAN0
2703.748006, 315.194017, 1.000000, -1.#QNAN0
2703.818775, 315.202046, 1.000000, -1.#QNAN0
2703.889544, 315.210075, 1.000000, -1.#QNAN0
2703.960313, 315.218104, 1.000000, -1.#QNAN0
2704.370431, 315.276580, 1.000000, -1.#QNAN0
2704.441200, 315.284609, 1.000000, -1.#QNAN0
2704.511969, 315.292638, 1.000000, -1.#QNAN0
2704.581400, 315.312462, 1.000000, -1.#QNAN0
2704.652169, 315.320491, 1.000000, -1.#QNAN0
2705.063625, 315.367172, 1.000000, -1.#QNAN0
2705.133056, 315.386996, 1.000000, -1.#QNAN0
2705.203825, 315.395025, 1.000000, -1.#QNAN0
2705.274594, 315.403054, 1.000000, -1.#QNAN0
2705.344025, 315.422878, 1.000000, -1.#QNAN0
2705.755481, 315.469559, 1.000000, -1.#QNAN0
2705.824912, 315.489383, 1.000000, -1.#QNAN0
2705.895681, 315.497412, 1.000000, -1.#QNAN0
2705.966450, 315.505441, 1.000000, -1.#QNAN0
2706.037219, 315.513470, 1.000000, -1.#QNAN0
2706.448675, 315.560151, 1.000000, -1.#QNAN0
2706.519444, 315.568180, 1.000000, -1.#QNAN0
2706.588875, 315.588004, 1.000000, -1.#QNAN0
2706.659644, 315.596033, 1.000000, -1.#QNAN0
2707.071132, 315.654665, 1.000000, -1.#QNAN0
2707.141901, 315.662694, 1.000000, -1.#QNAN0
2707.211332, 315.682518, 1.000000, -1.#QNAN0
2707.282101, 315.690547, 1.000000, -1.#QNAN0
2707.352870, 315.698576, 1.000000, -1.#QNAN0
2707.769036, 315.745791, 1.000000, -1.#QNAN0
2707.838467, 315.765615, 1.000000, -1.#QNAN0
2707.909236, 315.773644, 1.000000, -1.#QNAN0
2707.980005, 315.781673, 1.000000, -1.#QNAN0
2708.049436, 315.801497, 1.000000, -1.#QNAN0
2708.457148, 315.847754, 1.000000, -1.#QNAN0
2708.527917, 315.855783, 1.000000, -1.#QNAN0
2708.598686, 315.863812, 1.000000, -1.#QNAN0
2708.668117, 315.883636, 1.000000, -1.#QNAN0
2708.738886, 315.891665, 1.000000, -1.#QNAN0
2709.149940, 315.938300, 1.000000, -1.#QNAN0
2709.219371, 315.958124, 1.000000, -1.#QNAN0
2709.290140, 315.966153, 1.000000, -1.#QNAN0
2709.360909, 315.974182, 1.000000, -1.#QNAN0
2709.431678, 315.982211, 1.000000, -1.#QNAN0
2709.844734, 316.041021, 1.000000, -1.#QNAN0
2709.915503, 316.049050, 1.000000, -1.#QNAN0
2709.986272, 316.057079, 1.000000, -1.#QNAN0
2710.055703, 316.076903, 1.000000, -1.#QNAN0
2710.126472, 316.084932, 1.000000, -1.#QNAN0
2710.542870, 316.144120, 1.000000, -1.#QNAN0
2710.613639, 316.152149, 1.000000, -1.#QNAN0
2710.684408, 316.160178, 1.000000, -1.#QNAN0
2710.753838, 316.180002, 1.000000, -1.#QNAN0
2710.824608, 316.188031, 1.000000, -1.#QNAN0
2711.245685, 316.235804, 1.000000, -1.#QNAN0
2711.316454, 316.243833, 1.000000, -1.#QNAN0
2711.387223, 316.251862, 1.000000, -1.#QNAN0
2711.456654, 316.271686, 1.000000, -1.#QNAN0
2711.527423, 316.279715, 1.000000, -1.#QNAN0
2711.950471, 316.327711, 1.000000, -1.#QNAN0
2712.019902, 316.347535, 1.000000, -1.#QNAN0
2712.090671, 316.355564, 1.000000, -1.#QNAN0
2712.161440, 316.363593, 1.000000, -1.#QNAN0
2712.230871, 316.383417, 1.000000, -1.#QNAN0
2712.653919, 316.431414, 1.000000, -1.#QNAN0
2712.724688, 316.439443, 1.000000, -1.#QNAN0
2712.795457, 316.447472, 1.000000, -1.#QNAN0
2712.864888, 316.467296, 1.000000, -1.#QNAN0
2712.935657, 316.475325, 1.000000, -1.#QNAN0
2713.358706, 316.523321, 1.000000, -1.#QNAN0
2713.429475, 316.531350, 1.000000, -1.#QNAN0
2713.500244, 316.539379, 1.000000, -1.#QNAN0
2713.571013, 316.547408, 1.000000, -1.#QNAN0
2713.641782, 316.555437, 1.000000, -1.#QNAN0
2714.064830, 316.603434, 1.000000, -1.#QNAN0
2714.135599, 316.611463, 1.000000, -1.#QNAN0
2714.207706, 316.607697, 1.000000, -1.#QNAN0
2714.278475, 316.615726, 1.000000, -1.#QNAN0
2714.349244, 316.623755, 1.000000, -1.#QNAN0
2714.772060, 316.671767, 1.000000, -1.#QNAN0
2714.842828, 316.679804, 1.000000, -1.#QNAN0
2714.912256, 316.699635, 1.000000, -1.#QNAN0
2714.983025, 316.707672, 1.000000, -1.#QNAN0
2715.053793, 316.715708, 1.000000, -1.#QNAN0
2715.476099, 316.763800, 1.000000, -1.#QNAN0
2715.545521, 316.783654, 1.000000, -1.#QNAN0
2715.616286, 316.791715, 1.000000, -1.#QNAN0
2715.688395, 316.787981, 1.000000, -1.#QNAN0
2715.759161, 316.796042, 1.000000, -1.#QNAN0
2716.181259, 316.844288, 1.000000, -1.#QNAN0
2716.253369, 316.840586, 1.000000, -1.#QNAN0
2716.324131, 316.848676, 1.000000, -1.#QNAN0
2716.394893, 316.856767, 1.000000, -1.#QNAN0
2716.465655, 316.864858, 1.000000, -1.#QNAN0
2716.887751, 316.913284, 1.000000, -1.#QNAN0
2716.958509, 316.921404, 1.000000, -1.#QNAN0
2717.029268, 316.929525, 1.000000, -1.#QNAN0
2717.100027, 316.937645, 1.000000, -1.#QNAN0
2717.170785, 316.945766, 1.000000, -1.#QNAN0
2717.592874, 316.994368, 0.000000, -1.#QNAN0
2717.662271, 317.014311, 0.000000, -1.#QNAN0
2717.733026, 317.022461, 0.000000, -1.#QNAN0
2717.802423, 317.042403, 0.000000, -1.#QNAN0
2717.873179, 317.050553, 0.000000, -1.#QNAN0
2718.293887, 317.111120, 0.000000, -1.#QNAN0
2718.363276, 317.131091, 0.000000, -1.#QNAN0
2718.434028, 317.139269, 0.000000, -1.#QNAN0
2718.503416, 317.159240, 0.000000, -1.#QNAN0
2718.574168, 317.167419, 0.000000, -1.#QNAN0
2718.994851, 317.228155, 0.000000, -1.#QNAN0
2719.065599, 317.236362, 0.000000, -1.#QNAN0
2719.134980, 317.256361, 0.000000, -1.#QNAN0
2719.205728, 317.264568, 0.000000, -1.#QNAN0
2719.275109, 317.284566, 0.000000, -1.#QNAN0
2719.697410, 317.333664, 0.000000, -1.#QNAN0
2719.766785, 317.353681, 0.000000, -1.#QNAN0
2719.837531, 317.361908, 0.000000, -1.#QNAN0
2719.906906, 317.381926, 0.000000, -1.#QNAN0
2719.977653, 317.390152, 0.000000, -1.#QNAN0
2720.399056, 317.451129, 0.000000, -1.#QNAN0
2720.468430, 317.471151, 0.000000, -1.#QNAN0
2720.539176, 317.479382, 0.000000, -1.#QNAN0
2720.608550, 317.499404, 0.000000, -1.#QNAN0
2720.679296, 317.507635, 0.000000, -1.#QNAN0
2721.100833, 317.568630, 0.000000, -1.#QNAN0
2721.171579, 317.576860, 0.000000, -1.#QNAN0
2721.240953, 317.596882, 0.000000, -1.#QNAN0
2721.311699, 317.605113, 0.000000, -1.#QNAN0
2721.381073, 317.625135, 0.000000, -1.#QNAN0
2721.803983, 317.674339, 0.000000, -1.#QNAN0
2721.873357, 317.694361, 0.000000, -1.#QNAN0
2721.944103, 317.702592, 0.000000, -1.#QNAN0
2722.013477, 317.722614, 0.000000, -1.#QNAN0
2722.084223, 317.730845, 0.000000, -1.#QNAN0
2722.505760, 317.791839, 0.000000, -1.#QNAN0
2722.575134, 317.811861, 0.000000, -1.#QNAN0
2722.645880, 317.820092, 0.000000, -1.#QNAN0
2722.715254, 317.840114, 0.000000, -1.#QNAN0
2722.786000, 317.848345, 0.000000, -1.#QNAN0
2723.207538, 317.909340, 0.000000, -1.#QNAN0
2723.278283, 317.917570, 0.000000, -1.#QNAN0
2723.347657, 317.937592, 0.000000, -1.#QNAN0
2723.418403, 317.945823, 0.000000, -1.#QNAN0
2723.487777, 317.965845, 0.000000, -1.#QNAN0
2723.910687, 318.015049, 0.000000, -1.#QNAN0
2723.980061, 318.035071, 0.000000, -1.#QNAN0
2724.050807, 318.043302, 0.000000, -1.#QNAN0
2724.120181, 318.063324, 0.000000, -1.#QNAN0
2724.190927, 318.071555, 0.000000, -1.#QNAN0
2724.612465, 318.132549, 0.000000, -1.#QNAN0
2724.681839, 318.152571, 0.000000, -1.#QNAN0
2724.752584, 318.160802, 0.000000, -1.#QNAN0
2724.821958, 318.180824, 0.000000, -1.#QNAN0
2724.892704, 318.189055, 0.000000, -1.#QNAN0
2725.314242, 318.250050, 0.000000, -1.#QNAN0
2725.384988, 318.258280, 0.000000, -1.#QNAN0
2725.454362, 318.278302, 0.000000, -1.#QNAN0
2725.525107, 318.286533, 0.000000, -1.#QNAN0
2725.594481, 318.306555, 0.000000, -1.#QNAN0
2726.017392, 318.355759, 0.000000, -1.#QNAN0
2726.086766, 318.375781, 0.000000, -1.#QNAN0
2726.157512, 318.384012, 0.000000, -1.#QNAN0
2726.226886, 318.404034, 0.000000, -1.#QNAN0
2726.297631, 318.412265, 0.000000, -1.#QNAN0
2726.719169, 318.473259, 0.000000, -1.#QNAN0
2726.788543, 318.493281, 0.000000, -1.#QNAN0
2726.859289, 318.501512, 0.000000, -1.#QNAN0
2726.928663, 318.521534, 0.000000, -1.#QNAN0
2726.999409, 318.529765, 0.000000, -1.#QNAN0
2727.420946, 318.590760, 0.000000, -1.#QNAN0
2727.491692, 318.598990, 0.000000, -1.#QNAN0
2727.561066, 318.619012, 0.000000, -1.#QNAN0
2727.631812, 318.627243, 0.000000, -1.#QNAN0
2727.701186, 318.647265, 0.000000, -1.#QNAN0
2728.121524, 318.696170, 0.000000, -1.#QNAN0
2728.190898, 318.716192, 0.000000, -1.#QNAN0
2728.261643, 318.724423, 0.000000, -1.#QNAN0
2728.331017, 318.744444, 0.000000, -1.#QNAN0
2728.401763, 318.752675, 0.000000, -1.#QNAN0
2728.816369, 318.812863, 0.000000, -1.#QNAN0
2728.885743, 318.832885, 0.000000, -1.#QNAN0
2728.956488, 318.841116, 0.000000, -1.#QNAN0
2729.025862, 318.861138, 0.000000, -1.#QNAN0
2729.096608, 318.869369, 0.000000, -1.#QNAN0
2729.506854, 318.929050, 0.000000, -1.#QNAN0
2729.577600, 318.937281, 0.000000, -1.#QNAN0
2729.646974, 318.957303, 0.000000, -1.#QNAN0
2729.772593, 318.493895, 1.000000, -1.#QNAN0
2729.843339, 318.502126, 1.000000, -1.#QNAN0
2730.250598, 318.549509, 1.000000, -1.#QNAN0
2730.321344, 318.557740, 1.000000, -1.#QNAN0
2608.013380, 300.236064, 0.000000, 0.000000
2608.083687, 300.247448, 0.000000, 0.000000
2608.153995, 300.258832, 0.000000, 0.000000
2608.224302, 300.270216, 0.000000, 0.000000
2608.294609, 300.281600, 0.000000, 0.000000
2608.716075, 300.349842, 0.000000, 0.000000
2608.786382, 300.361226, 0.000000, 0.000000
2608.854792, 300.384328, 1.000000, 0.000000
2608.923202, 300.407429, 1.000000, 0.000000
2608.991612, 300.430531, 1.000000, 0.000000
2609.413078, 300.498774, 1.000000, 0.000000
2609.483386, 300.510157, 1.000000, 0.000000
2609.553693, 300.521541, 1.000000, 0.000000
2609.624000, 300.532925, 1.000000, 0.000000
2609.694308, 300.544309, 1.000000, 0.000000
2610.113876, 300.624269, 1.000000, 0.000000
2610.184183, 300.635653, 1.000000, 0.000000
2610.254490, 300.647037, 1.000000, 0.000000
2610.326695, 300.646703, 1.000000, 0.000000
2610.397003, 300.658087, 1.000000, 0.000000
2610.812158, 300.724040, 1.000000, 0.000000
2610.882503, 300.735190, 1.000000, 0.000000
2610.952848, 300.746341, 1.000000, 0.000000
2611.023193, 300.757491, 1.000000, 0.000000
2611.093537, 300.768641, 1.000000, 0.000000
2611.503714, 300.831441, 1.000000, 0.000000
2611.574125, 300.842165, 1.000000, 0.000000
2611.644536, 300.852889, 1.000000, 0.000000
2611.716735, 300.851878, 1.000000, 0.000000
2611.787146, 300.862602, 1.000000, 0.000000
2611.857557, 300.873327, 1.000000, 0.000000
2612.267504, 300.933061, 1.000000, 0.000000
2612.337982, 300.943337, 1.000000, 0.000000
2612.408460, 300.953613, 1.000000, 0.000000
2612.478937, 300.963890, 1.000000, 0.000000
2612.549415, 300.974166, 1.000000, 0.000000
2612.959989, 301.031463, 1.000000, 0.000000
2613.030529, 301.041301, 1.000000, 0.000000
2613.101069, 301.051139, 1.000000, 0.000000
2613.171610, 301.060977, 1.000000, 0.000000
2613.242150, 301.070815, 1.000000, 0.000000
2613.653322, 301.125720, 1.000000, 0.000000
2613.723921, 301.135129, 1.000000, 0.000000
2613.794520, 301.144537, 1.000000, 0.000000
2613.865119, 301.153946, 1.000000, 0.000000
2613.935718, 301.163354, 1.000000, 0.000000
2614.347461, 301.215913, 1.000000, 0.000000
2614.418114, 301.224901, 1.000000, 0.000000
2614.488768, 301.233890, 1.000000, 0.000000
2614.559421, 301.242878, 1.000000, 0.000000
2614.630075, 301.251866, 1.000000, 0.000000
2615.042364, 301.302122, 1.000000, 0.000000
2615.113068, 301.310699, 1.000000, 0.000000
2615.183773, 301.319276, 1.000000, 0.000000
2615.254478, 301.327853, 1.000000, 0.000000
2615.325183, 301.336429, 1.000000, 0.000000
2615.745053, 301.386604, 1.000000, 0.000000
2615.815775, 301.395036, 1.000000, 0.000000
2615.886497, 301.403467, 1.000000, 0.000000
2615.957219, 301.411898, 1.000000, 0.000000
2616.027942, 301.420330, 1.000000, 0.000000
2616.098664, 301.428761, 1.000000, 0.000000
2616.521020, 301.491025, 1.000000, 0.000000
2616.591743, 301.499450, 1.000000, 0.000000
2616.661062, 301.519661, 1.000000, 0.000000
2616.498712, 303.484757, -1.000000, 0.000000
2616.803912, 301.524723, 0.000000, 0.000000
2617.227870, 301.575223, 0.000000, 0.000000
2617.298593, 301.583648, 0.000000, 0.000000
2617.369316, 301.592072, 0.000000, 0.000000
2617.440039, 301.600496, 0.000000, 0.000000
2617.510762, 301.608921, 0.000000, 0.000000
2617.934720, 301.659422, 0.000000, 0.000000
2618.005443, 301.667846, 0.000000, 0.000000
2618.077570, 301.664483, 0.000000, 0.000000
2618.148294, 301.672907, 0.000000, 0.000000
2618.219017, 301.681332, 0.000000, 0.000000
2618.642974, 301.731832, 0.000000, 0.000000
2618.713697, 301.740257, 0.000000, 0.000000
2618.784420, 301.748681, 0.000000, 0.000000
2618.855143, 301.757105, 0.000000, 0.000000
2618.925866, 301.765530, 0.000000, 0.000000
2619.349824, 301.816031, 0.000000, 0.000000
2619.420547, 301.824455, 0.000000, 0.000000
2619.491270, 301.832879, 0.000000, 0.000000
2619.561993, 301.841304, 0.000000, 0.000000
2619.632716, 301.849728, 0.000000, 0.000000
2620.056675, 301.900229, 0.000000, 0.000000
2620.127398, 301.908653, 0.000000, 0.000000
2620.198121, 301.917077, 0.000000, 0.000000
2620.270248, 301.913714, 0.000000, 0.000000
2620.340971, 301.922139, 0.000000, 0.000000
2620.411694, 301.930563, 0.000000, 0.000000
2620.835652, 301.981064, 0.000000, 0.000000
2620.906375, 301.989488, 0.000000, 0.000000
2620.977098, 301.997913, 0.000000, 0.000000
2621.047821, 302.006337, 0.000000, 0.000000
2621.118544, 302.014761, 0.000000, 0.000000
2621.542502, 302.065262, 0.000000, 0.000000
2621.613225, 302.073686, 0.000000, 0.000000
2621.683948, 302.082111, 0.000000, 0.000000
2621.754671, 302.090535, 0.000000, 0.000000
2621.825394, 302.098959, 0.000000, 0.000000
2622.249352, 302.149460, 0.000000, 0.000000
2622.320075, 302.157884, 0.000000, 0.000000
2622.390798, 302.166309, 0.000000, 0.000000
2622.462925, 302.162946, 0.000000, 0.000000
2622.533648, 302.171370, 0.000000, 0.000000
2622.957606, 302.221871, 0.000000, 0.000000
2623.028329, 302.230295, 0.000000, 0.000000
2623.099052, 302.238720, 0.000000, 0.000000
2623.169775, 302.247144, 0.000000, 0.000000
2623.240498, 302.255568, 0.000000, 0.000000
2623.664456, 302.306069, 0.000000, 0.000000
2623.735179, 302.314493, 0.000000, 0.000000
2623.805902, 302.322918, 0.000000, 0.000000
2623.876625, 302.331342, 0.000000, 0.000000
2623.947348, 302.339766, 0.000000, 0.000000
2624.375955, 302.390821, 0.000000, 0.000000
2624.446678, 302.399245, 0.000000, 0.000000
2624.517401, 302.407669, 0.000000, 0.000000
2624.588124, 302.416094, 0.000000, 0.000000
2624.658847, 302.424518, 0.000000, 0.000000
2625.079586, 302.462681, 0.000000, 0.000000
2625.150309, 302.471105, 0.000000, 0.000000
2625.221032, 302.479530, 0.000000, 0.000000
2625.291755, 302.487954, 0.000000, 0.000000
2625.362478, 302.496378, 0.000000, 0.000000
2625.772543, 302.545224, 0.000000, 0.000000
2625.843266, 302.553648, 0.000000, 0.000000
2625.913989, 302.562073, 0.000000, 0.000000
2625.984712, 302.570497, 0.000000, 0.000000
2626.055435, 302.578921, 0.000000, 0.000000
2626.468018, 302.628067, 0.000000, 0.000000
2626.538741, 302.636492, 0.000000, 0.000000
2626.609464, 302.644916, 0.000000, 0.000000
2626.680187, 302.653340, 0.000000, 0.000000
2626.750910, 302.661765, 0.000000, 0.000000
2627.154224, 302.709806, 0.000000, 0.000000
2627.226351, 302.706443, 0.000000, 0.000000
2627.297074, 302.714868, 0.000000, 0.000000
2627.367797, 302.723292, 0.000000, 0.000000
2627.438520, 302.731716, 0.000000, 0.000000
2627.844352, 302.780058, 0.000000, 0.000000
2627.915075, 302.788482, 0.000000, 0.000000
2627.985798, 302.796907, 0.000000, 0.000000
2628.056521, 302.805331, 0.000000, 0.000000
2628.125840, 302.825542, 1.000000, 0.000000
2628.522406, 302.872780, 1.000000, 0.000000
2628.591725, 302.892992, 1.000000, 0.000000
2628.662448, 302.901416, 1.000000, 0.000000
2628.724747, 302.980564, 1.000000, 0.000000
2629.117776, 303.039335, 1.000000, 0.000000
2629.188499, 303.047759, 1.000000, 0.000000
2629.259222, 303.056183, 1.000000, 0.000000
2629.329945, 303.064608, 1.000000, 0.000000
2629.400668, 303.073032, 1.000000, 0.000000
2629.796505, 303.108229, 1.000000, 0.000000
2629.867228, 303.116653, 1.000000, 0.000000
2629.937952, 303.125077, 1.000000, 0.000000
2630.008675, 303.133502, 1.000000, 0.000000
2630.079398, 303.141926, 1.000000, 0.000000
2630.473832, 303.188910, 1.000000, 0.000000
2630.544555, 303.197334, 1.000000, 0.000000
2630.615278, 303.205758, 1.000000, 0.000000
2630.686001, 303.214183, 1.000000, 0.000000
2631.079030, 303.272954, 1.000000, 0.000000
2631.149753, 303.281378, 1.000000, 0.000000
2631.220476, 303.289803, 1.000000, 0.000000
2631.291199, 303.298227, 1.000000, 0.000000
2631.360518, 303.318438, 1.000000, 0.000000
2631.754731, 303.365353, 1.000000, 0.000000
2631.824052, 303.385556, 1.000000, 0.000000
2631.894776, 303.393972, 1.000000, 0.000000
2631.965500, 303.402388, 1.000000, 0.000000
2632.036224, 303.410804, 1.000000, 0.000000
2632.428050, 303.469129, 1.000000, 0.000000
2632.498779, 303.477499, 1.000000, 0.000000
2632.569509, 303.485868, 1.000000, 0.000000
2632.640238, 303.494238, 1.000000, 0.000000
2633.031729, 303.552223, 1.000000, 0.000000
2633.102466, 303.560531, 1.000000, 0.000000
2633.173203, 303.568840, 1.000000, 0.000000
2633.243939, 303.577148, 1.000000, 0.000000
2633.314676, 303.585456, 1.000000, 0.000000
2633.707442, 303.631243, 1.000000, 0.000000
2633.778187, 303.639484, 1.000000, 0.000000
2633.848932, 303.647725, 1.000000, 0.000000
2633.919676, 303.655966, 1.000000, 0.000000
2633.990421, 303.664207, 1.000000, 0.000000
2634.383272, 303.709610, 1.000000, 0.000000
2634.455387, 303.705993, 1.000000, 0.000000
2634.531590, 303.667000, 1.000000, 0.000000
2634.602342, 303.675175, 1.000000, 0.000000
2634.995114, 303.720232, 1.000000, 0.000000
2635.065874, 303.728340, 1.000000, 0.000000
2635.139336, 303.712860, 0.000000, 0.000000
2635.210096, 303.720967, 0.000000, 0.000000
2635.280856, 303.729074, 0.000000, 0.000000
2635.673574, 303.773704, 0.000000, 0.000000
2635.745682, 303.769946, 0.000000, 0.000000
2635.816450, 303.777982, 0.000000, 0.000000
2635.887218, 303.786018, 0.000000, 0.000000
2635.957986, 303.794054, 0.000000, 0.000000
2636.350658, 303.838240, 0.000000, 0.000000
2636.421435, 303.846202, 0.000000, 0.000000
2636.492211, 303.854164, 0.000000, 0.000000
2636.564315, 303.850330, 0.000000, 0.000000
2636.958327, 303.894529, 0.000000, 0.000000
2637.029106, 303.902465, 0.000000, 0.000000
2637.099886, 303.910401, 0.000000, 0.000000
2637.170665, 303.918337, 0.000000, 0.000000
2637.241445, 303.926273, 0.000000, 0.000000
2637.636119, 303.970511, 0.000000, 0.000000
2637.706899, 303.978444, 0.000000, 0.000000
2637.779001, 303.974581, 0.000000, 0.000000
2637.849781, 303.982514, 0.000000, 0.000000
2637.920561, 303.990447, 0.000000, 0.000000
2638.315312, 304.034692, 0.000000, 0.000000
2638.386091, 304.042625, 0.000000, 0.000000
2638.456871, 304.050558, 0.000000, 0.000000
2638.527651, 304.058492, 0.000000, 0.000000
2638.923723, 304.090940, 0.000000, 0.000000
2638.994503, 304.098873, 0.000000, 0.000000
2639.065283, 304.106806, 0.000000, 0.000000
2639.136063, 304.114739, 0.000000, 0.000000
2639.206843, 304.122673, 0.000000, 0.000000
2639.601593, 304.166917, 0.000000, 0.000000
2639.672373, 304.174851, 0.000000, 0.000000
2639.743152, 304.182784, 0.000000, 0.000000
2639.815254, 304.178920, 0.000000, 0.000000
2639.886034, 304.186854, 0.000000, 0.000000
2640.280785, 304.231099, 0.000000, 0.000000
2640.351565, 304.239032, 0.000000, 0.000000
2640.422345, 304.246965, 0.000000, 0.000000
2640.493125, 304.254898, 0.000000, 0.000000
2640.887875, 304.299143, 0.000000, 0.000000
2640.959977, 304.295280, 0.000000, 0.000000
2641.030756, 304.303213, 0.000000, 0.000000
2641.101536, 304.311146, 0.000000, 0.000000
2641.172316, 304.319079, 0.000000, 0.000000
2641.567066, 304.363324, 0.000000, 0.000000
2641.637846, 304.371257, 0.000000, 0.000000
2641.708626, 304.379191, 0.000000, 0.000000
2641.779406, 304.387124, 0.000000, 0.000000
2641.851508, 304.383260, 0.000000, 0.000000
2642.246258, 304.427505, 0.000000, 0.000000
2642.317038, 304.435438, 0.000000, 0.000000
2642.387818, 304.443372, 0.000000, 0.000000
2642.458598, 304.451305, 0.000000, 0.000000
2642.853348, 304.495550, 0.000000, 0.000000
2642.924128, 304.503483, 0.000000, 0.000000
2642.996230, 304.499620, 0.000000, 0.000000
2643.067010, 304.507553, 0.000000, 0.000000
2643.137789, 304.515486, 0.000000, 0.000000
2643.532539, 304.559731, 0.000000, 0.000000
2643.603319, 304.567664, 0.000000, 0.000000
2643.674099, 304.575597, 0.000000, 0.000000
2643.744879, 304.583530, 0.000000, 0.000000
2643.815659, 304.591464, 0.000000, 0.000000
2644.214152, 304.624183, 0.000000, 0.000000
2644.284932, 304.632116, 0.000000, 0.000000
2644.355712, 304.640050, 0.000000, 0.000000
2644.426492, 304.647983, 0.000000, 0.000000
2644.829567, 304.693161, 0.000000, 0.000000
2644.900346, 304.701094, 0.000000, 0.000000
2644.971126, 304.709027, 0.000000, 0.000000
2645.043228, 304.705164, 0.000000, 0.000000
2645.114008, 304.713097, 0.000000, 0.000000
2645.511191, 304.757615, 0.000000, 0.000000
2645.581971, 304.765548, 0.000000, 0.000000
2645.651429, 304.785278, 1.000000, 0.000000
2645.720886, 304.805007, 1.000000, 0.000000
2645.790344, 304.824737, 1.000000, 0.000000
2646.192111, 304.881713, 1.000000, 0.000000
2646.256280, 304.948630, 1.000000, 0.000000
2646.327059, 304.956563, 1.000000, 0.000000
2646.397839, 304.964496, 1.000000, 0.000000
2646.468619, 304.972430, 1.000000, 0.000000
2646.877613, 305.018271, 1.000000, 0.000000
2646.948393, 305.026204, 1.000000, 0.000000
2647.019173, 305.034137, 1.000000, 0.000000
2647.089953, 305.042071, 1.000000, 0.000000
2647.160733, 305.050004, 1.000000, 0.000000
2647.575633, 305.096507, 1.000000, 0.000000
2647.646413, 305.104440, 1.000000, 0.000000
2647.717193, 305.112374, 1.000000, 0.000000
2647.787973, 305.120307, 1.000000, 0.000000
2648.196985, 305.166150, 1.000000, 0.000000
2648.267764, 305.174083, 1.000000, 0.000000
2648.338544, 305.182017, 1.000000, 0.000000
2648.409324, 305.189950, 1.000000, 0.000000
2648.480104, 305.197883, 1.000000, 0.000000
2648.891278, 305.255914, 1.000000, 0.000000
2648.962058, 305.263847, 1.000000, 0.000000
2649.034160, 305.259983, 1.000000, 0.000000
2649.104940, 305.267917, 1.000000, 0.000000
2649.175720, 305.275850, 1.000000, 0.000000
2649.588216, 305.322084, 1.000000, 0.000000
2649.657673, 305.341814, 1.000000, 0.000000
2649.728453, 305.349747, 1.000000, 0.000000
2649.799233, 305.357680, 1.000000, 0.000000
2649.870013, 305.365613, 1.000000, 0.000000
2650.282510, 305.411847, 1.000000, 0.000000
2650.353290, 305.419780, 1.000000, 0.000000
2650.424070, 305.427714, 1.000000, 0.000000
2650.494850, 305.435647, 1.000000, 0.000000
2650.565629, 305.443580, 1.000000, 0.000000
2650.978126, 305.489814, 1.000000, 0.000000
2651.048905, 305.497747, 1.000000, 0.000000
2651.119685, 305.505680, 1.000000, 0.000000
2651.190465, 305.513614, 1.000000, 0.000000
2651.261245, 305.521547, 1.000000, 0.000000
2651.673476, 305.567701, 1.000000, 0.000000
2651.744257, 305.575625, 1.000000, 0.000000
2651.816359, 305.571752, 1.000000, 0.000000
2651.888460, 305.567878, 1.000000, 0.000000
2651.963203, 305.540411, 1.000000, 0.000000
2652.374452, 305.586221, 1.000000, 0.000000
2652.445238, 305.594100, 1.000000, 0.000000
2652.291485, 307.619377, -1.000000, 0.000000
2652.586810, 305.609857, 0.000000, 0.000000
2652.657596, 305.617735, 0.000000, 0.000000
2653.068210, 305.663091, 0.000000, 0.000000
2653.139004, 305.670901, 0.000000, 0.000000
2653.209797, 305.678711, 0.000000, 0.000000
2653.280591, 305.686521, 0.000000, 0.000000
2653.351384, 305.694331, 0.000000, 0.000000
2653.762093, 305.739304, 0.000000, 0.000000
2653.834185, 305.735247, 0.000000, 0.000000
2653.904986, 305.742990, 0.000000, 0.000000
2653.975786, 305.750733, 0.000000, 0.000000
2654.046587, 305.758476, 0.000000, 0.000000
2654.457377, 305.803074, 0.000000, 0.000000
2654.528185, 305.810752, 0.000000, 0.000000
2654.598993, 305.818431, 0.000000, 0.000000
2654.669801, 305.826109, 0.000000, 0.000000
2654.740609, 305.833787, 0.000000, 0.000000
2655.151486, 305.878021, 0.000000, 0.000000
2655.222300, 305.885635, 0.000000, 0.000000
2655.293115, 305.893250, 0.000000, 0.000000
2655.363930, 305.900865, 0.000000, 0.000000
2655.434745, 305.908479, 0.000000, 0.000000
2655.845707, 305.952358, 0.000000, 0.000000
2655.916528, 305.959911, 0.000000, 0.000000
2655.988608, 305.955661, 0.000000, 0.000000
2656.059430, 305.963214, 0.000000, 0.000000
2656.130251, 305.970766, 0.000000, 0.000000
2656.541678, 306.014410, 0.000000, 0.000000
2656.612504, 306.021916, 0.000000, 0.000000
2656.683331, 306.029423, 0.000000, 0.000000
2656.754157, 306.036929, 0.000000, 0.000000
2656.824983, 306.044436, 0.000000, 0.000000
2657.237323, 306.088061, 0.000000, 0.000000
2657.308151, 306.095553, 0.000000, 0.000000
2657.378979, 306.103044, 0.000000, 0.000000
2657.449807, 306.110535, 0.000000, 0.000000
2657.520635, 306.118027, 0.000000, 0.000000
2657.933411, 306.161685, 0.000000, 0.000000
2658.004239, 306.169177, 0.000000, 0.000000
2658.075067, 306.176668, 0.000000, 0.000000
2658.145895, 306.184160, 0.000000, 0.000000
2658.217972, 306.179846, 0.000000, 0.000000
2658.630749, 306.223505, 0.000000, 0.000000
2658.701577, 306.230997, 0.000000, 0.000000
2658.772405, 306.238488, 0.000000, 0.000000
2658.843233, 306.245979, 0.000000, 0.000000
2658.914061, 306.253471, 0.000000, 0.000000
2659.326838, 306.297129, 0.000000, 0.000000
2659.397666, 306.304621, 0.000000, 0.000000
2659.468494, 306.312112, 0.000000, 0.000000
2659.539322, 306.319604, 0.000000, 0.000000
2659.610150, 306.327095, 0.000000, 0.000000
2660.022927, 306.370754, 0.000000, 0.000000
2660.093755, 306.378245, 0.000000, 0.000000
2660.164583, 306.385737, 0.000000, 0.000000
2660.235411, 306.393228, 0.000000, 0.000000
2660.306239, 306.400719, 0.000000, 0.000000
2660.720265, 306.432574, 0.000000, 0.000000
2660.791093, 306.440065, 0.000000, 0.000000
2660.861921, 306.447556, 0.000000, 0.000000
2660.932749, 306.455048, 0.000000, 0.000000
2661.003577, 306.462539, 0.000000, 0.000000
2661.416353, 306.506198, 0.000000, 0.000000
2661.487181, 306.513689, 0.000000, 0.000000
2661.558009, 306.521181, 0.000000, 0.000000
2661.628837, 306.528672, 0.000000, 0.000000
2661.699665, 306.536163, 0.000000, 0.000000
2662.112442, 306.579822, 0.000000, 0.000000
2662.183270, 306.587314, 0.000000, 0.000000
2662.254098, 306.594805, 0.000000, 0.000000
2662.324926, 306.602296, 0.000000, 0.000000
2662.395754, 306.609788, 0.000000, 0.000000
2662.808532, 306.653447, 0.000000, 0.000000
2662.879359, 306.660938, 0.000000, 0.000000
2662.951436, 306.656625, 0.000000, 0.000000
2663.022264, 306.664116, 0.000000, 0.000000
2663.093092, 306.671607, 0.000000, 0.000000
2663.505869, 306.715266, 0.000000, 0.000000
2663.576697, 306.722758, 0.000000, 0.000000
2663.647525, 306.730249, 0.000000, 0.000000
2663.718353, 306.737740, 0.000000, 0.000000
2663.789181, 306.745232, 0.000000, 0.000000
2664.199460, 306.812500, 1.000000, 0.000000
2664.269040, 306.831796, 1.000000, 0.000000
2664.338619, 306.851092, 1.000000, 0.000000
2664.404453, 306.905802, 1.000000, 0.000000
2664.474032, 306.925098, 1.000000, 0.000000
2664.887808, 306.968862, 1.000000, 0.000000
2664.957387, 306.988158, 1.000000, 0.000000
2665.028215, 306.995650, 1.000000, 0.000000
2665.099043, 307.003141, 1.000000, 0.000000
2665.169871, 307.010632, 1.000000, 0.000000
2665.589518, 307.055018, 1.000000, 0.000000
2665.660346, 307.062509, 1.000000, 0.000000
2665.731174, 307.070001, 1.000000, 0.000000
2665.802002, 307.077492, 1.000000, 0.000000
2665.872830, 307.084983, 1.000000, 0.000000
2666.298349, 307.129990, 1.000000, 0.000000
2666.367928, 307.149286, 1.000000, 0.000000
2666.438756, 307.156777, 1.000000, 0.000000
2666.509584, 307.164269, 1.000000, 0.000000
2666.580412, 307.171760, 1.000000, 0.000000
2667.000000, 307.216139, 1.000000, 0.000000
2667.070828, 307.223631, 1.000000, 0.000000
2667.141656, 307.231122, 1.000000, 0.000000
2667.212484, 307.238613, 1.000000, 0.000000
2667.283312, 307.246105, 1.000000, 0.000000
2667.354140, 307.253596, 1.000000, 0.000000
2667.779601, 307.298597, 1.000000, 0.000000
2667.851677, 307.294283, 1.000000, 0.000000
2667.922505, 307.301775, 1.000000, 0.000000
2667.993333, 307.309266, 1.000000, 0.000000
2668.064161, 307.316757, 1.000000, 0.000000
2668.494248, 307.374184, 1.000000, 0.000000
2668.565076, 307.381675, 1.000000, 0.000000
2668.635904, 307.389166, 1.000000, 0.000000
2668.706732, 307.396658, 1.000000, 0.000000
2668.777560, 307.404149, 1.000000, 0.000000
2669.214770, 307.450392, 1.000000, 0.000000
2669.285598, 307.457884, 1.000000, 0.000000
2669.356426, 307.465375, 1.000000, 0.000000
2669.427254, 307.472866, 1.000000, 0.000000
2669.498082, 307.480358, 1.000000, 0.000000
2669.940169, 307.527117, 1.000000, 0.000000
2670.010997, 307.534608, 1.000000, 0.000000
2670.081825, 307.542099, 1.000000, 0.000000
2670.153901, 307.537786, 1.000000, 0.000000
2670.229723, 307.498059, 1.000000, 0.000000
2670.671810, 307.544818, 1.000000, 0.000000
2670.742638, 307.552309, 1.000000, 0.000000
2670.813466, 307.559800, 1.000000, 0.000000
2670.884294, 307.567292, 0.000000, 0.000000
2670.955122, 307.574783, 0.000000, 0.000000
2671.397209, 307.621542, 0.000000, 0.000000
2671.468037, 307.629034, 0.000000, 0.000000
2671.538865, 307.636525, 0.000000, 0.000000
2671.609693, 307.644016, 0.000000, 0.000000
2671.680521, 307.651508, 0.000000, 0.000000
2671.751349, 307.658999, 0.000000, 0.000000
2672.193435, 307.705758, 0.000000, 0.000000
2672.263015, 307.725054, 0.000000, 0.000000
2672.333843, 307.732545, 0.000000, 0.000000
2672.404671, 307.740037, 0.000000, 0.000000
2672.475498, 307.747528, 0.000000, 0.000000
2672.918003, 307.794425, 0.000000, 0.000000
2672.988830, 307.801931, 0.000000, 0.000000
2673.059656, 307.809438, 0.000000, 0.000000
2673.130482, 307.816944, 0.000000, 0.000000
2673.201309, 307.824451, 0.000000, 0.000000
2673.645382, 307.871950, 0.000000, 0.000000
2673.716201, 307.879529, 0.000000, 0.000000
2673.787019, 307.887108, 0.000000, 0.000000
2673.857838, 307.894688, 0.000000, 0.000000
2673.928657, 307.902267, 0.000000, 0.000000
2674.372631, 307.950192, 0.000000, 0.000000
2674.443442, 307.957842, 0.000000, 0.000000
2674.514253, 307.965492, 0.000000, 0.000000
2674.583789, 307.984943, 0.000000, 0.000000
2674.654600, 307.992593, 0.000000, 0.000000
2675.098468, 308.040933, 0.000000, 0.000000
2675.169272, 308.048652, 0.000000, 0.000000
2675.240075, 308.056370, 0.000000, 0.000000
2675.310879, 308.064089, 0.000000, 0.000000
2675.381682, 308.071808, 0.000000, 0.000000
2675.825459, 308.120554, 0.000000, 0.000000
2675.896255, 308.128340, 0.000000, 0.000000
2675.967052, 308.136126, 0.000000, 0.000000
2676.037848, 308.143912, 0.000000, 0.000000
2676.108644, 308.151697, 0.000000, 0.000000
2676.179440, 308.159483, 0.000000, 0.000000
2676.623120, 308.208692, 0.000000, 0.000000
2676.693909, 308.216543, 0.000000, 0.000000
2676.764698, 308.224395, 0.000000, 0.000000
2676.835487, 308.232246, 0.000000, 0.000000
2676.904967, 308.251896, 0.000000, 0.000000
2677.348489, 308.301469, 0.000000, 0.000000
2677.419271, 308.309382, 0.000000, 0.000000
2677.490053, 308.317295, 0.000000, 0.000000
2677.560835, 308.325208, 0.000000, 0.000000
2677.631617, 308.333122, 0.000000, 0.000000
2678.074541, 308.382887, 0.000000, 0.000000
2678.145319, 308.390841, 0.000000, 0.000000
2678.216096, 308.398796, 0.000000, 0.000000
2678.286873, 308.406750, 0.000000, 0.000000
2678.357651, 308.414705, 0.000000, 0.000000
2678.799422, 308.464355, 0.000000, 0.000000
2678.870199, 308.472309, 0.000000, 0.000000
2678.940977, 308.480264, 0.000000, 0.000000
2679.011754, 308.488218, 0.000000, 0.000000
2679.082532, 308.496173, 0.000000, 0.000000
2679.524303, 308.545823, 0.000000, 0.000000
2679.593755, 308.565573, 0.000000, 0.000000
2679.664532, 308.573528, 0.000000, 0.000000
2679.735309, 308.581482, 0.000000, 0.000000
2679.806087, 308.589437, 0.000000, 0.000000
2680.247859, 308.639087, 0.000000, 0.000000
2680.318636, 308.647041, 0.000000, 0.000000
2680.389414, 308.654996, 0.000000, 0.000000
2680.460191, 308.662951, 0.000000, 0.000000
2680.530968, 308.670905, 0.000000, 0.000000
2680.601746, 308.678860, 0.000000, 0.000000
2681.043517, 308.728509, 0.000000, 0.000000
2681.114294, 308.736464, 0.000000, 0.000000
2681.185072, 308.744419, 0.000000, 0.000000
2681.255849, 308.752373, 0.000000, 0.000000
2681.326627, 308.760328, 0.000000, 0.000000
2681.768398, 308.809977, 0.000000, 0.000000
2681.839175, 308.817932, 0.000000, 0.000000
2681.908627, 308.837683, 0.000000, 0.000000
2681.979404, 308.845637, 0.000000, 0.000000
2682.050182, 308.853592, 0.000000, 0.000000
2682.491954, 308.903242, 0.000000, 0.000000
2682.562731, 308.911196, 0.000000, 0.000000
2682.633509, 308.919151, 0.000000, 0.000000
2682.704286, 308.927105, 0.000000, 0.000000
2682.775064, 308.935060, 0.000000, 0.000000
2683.215509, 308.996506, 1.000000, 0.000000
2683.284961, 309.016257, 1.000000, 0.000000
2683.355738, 309.024211, 1.000000, 0.000000
2683.425190, 309.043962, 1.000000, 0.000000
2683.495967, 309.051917, 1.000000, 0.000000
2683.936413, 309.113363, 1.000000, 0.000000
2684.005864, 309.133113, 1.000000, 0.000000
2684.076642, 309.141068, 1.000000, 0.000000
2684.147419, 309.149022, 1.000000, 0.000000
2684.218197, 309.156977, 1.000000, 0.000000
2684.659969, 309.206627, 1.000000, 0.000000
2684.730746, 309.214581, 1.000000, 0.000000
2684.801523, 309.222536, 1.000000, 0.000000
2684.872301, 309.230491, 1.000000, 0.000000
2684.943078, 309.238445, 1.000000, 0.000000
2685.013856, 309.246400, 1.000000, 0.000000
2685.454301, 309.307846, 1.000000, 0.000000
2685.525079, 309.315800, 1.000000, 0.000000
2685.595856, 309.323755, 1.000000, 0.000000
2685.666633, 309.331709, 1.000000, 0.000000
2685.737411, 309.339664, 1.000000, 0.000000
2686.177856, 309.401110, 1.000000, 0.000000
2686.248634, 309.409064, 1.000000, 0.000000
2686.319411, 309.417019, 1.000000, 0.000000
2686.390189, 309.424974, 1.000000, 0.000000
2686.460966, 309.432928, 1.000000, 0.000000
2686.898198, 309.482068, 1.000000, 0.000000
2686.967650, 309.501819, 1.000000, 0.000000
2687.038427, 309.509773, 1.000000, 0.000000
2687.109205, 309.517728, 1.000000, 0.000000
2687.179982, 309.525682, 1.000000, 0.000000
2687.609520, 309.573957, 1.000000, 0.000000
2687.678971, 309.593708, 1.000000, 0.000000
2687.749749, 309.601662, 1.000000, 0.000000
2687.821852, 309.597821, 1.000000, 0.000000
2687.891304, 309.617571, 1.000000, 0.000000
2688.313147, 309.664982, 1.000000, 0.000000
2688.383924, 309.672936, 1.000000, 0.000000
2688.454702, 309.680891, 1.000000, 0.000000
2688.525479, 309.688845, 1.000000, 0.000000
2688.596257, 309.696800, 1.000000, 0.000000
2689.022203, 309.744671, 1.000000, 0.000000
2689.091655, 309.764422, 1.000000, 0.000000
2689.162432, 309.772376, 1.000000, 0.000000
2689.233209, 309.780331, 1.000000, 0.000000
2689.303987, 309.788285, 1.000000, 0.000000
2689.720912, 309.847088, 1.000000, 0.000000
2689.791690, 309.855043, 1.000000, 0.000000
2689.861142, 309.874794, 1.000000, 0.000000
2689.931919, 309.882748, 1.000000, 0.000000
2690.002696, 309.890703, 1.000000, 0.000000
2690.413254, 309.936844, 1.000000, 0.000000
2690.485357, 309.933003, 0.000000, 0.000000
2690.556134, 309.940957, 0.000000, 0.000000
2690.626912, 309.948912, 0.000000, 0.000000
2690.697689, 309.956866, 0.000000, 0.000000
2691.112349, 310.003469, 0.000000, 0.000000
2691.183127, 310.011424, 0.000000, 0.000000
2691.253904, 310.019378, 0.000000, 0.000000
2691.324682, 310.027333, 0.000000, 0.000000
2691.395459, 310.035287, 0.000000, 0.000000
2691.806964, 310.081536, 0.000000, 0.000000
2691.877741, 310.089490, 0.000000, 0.000000
2691.948519, 310.097445, 0.000000, 0.000000
2692.019296, 310.105399, 0.000000, 0.000000
2692.090074, 310.113354, 0.000000, 0.000000
2692.500253, 310.171398, 0.000000, 0.000000
2692.571030, 310.179353, 0.000000, 0.000000
2692.641808, 310.187307, 0.000000, 0.000000
2692.712585, 310.195262, 0.000000, 0.000000
2692.783362, 310.203216, 0.000000, 0.000000
2693.194868, 310.249465, 0.000000, 0.000000
2693.265646, 310.257419, 0.000000, 0.000000
2693.336423, 310.265374, 0.000000, 0.000000
2693.407200, 310.273328, 0.000000, 0.000000
2693.477978, 310.281283, 0.000000, 0.000000
2693.889483, 310.327531, 0.000000, 0.000000
2693.960260, 310.335486, 0.000000, 0.000000
2694.031038, 310.343440, 0.000000, 0.000000
2694.101815, 310.351395, 0.000000, 0.000000
2694.172592, 310.359349, 0.000000, 0.000000
2694.584188, 310.405629, 0.000000, 0.000000
2694.654965, 310.413588, 0.000000, 0.000000
2694.725742, 310.421546, 0.000000, 0.000000
2694.796519, 310.429504, 0.000000, 0.000000
2695.208216, 310.475835, 0.000000, 0.000000
2695.278993, 310.483801, 0.000000, 0.000000
2695.349769, 310.491767, 0.000000, 0.000000
2695.420545, 310.499733, 0.000000, 0.000000
2695.491321, 310.507698, 0.000000, 0.000000
2695.903057, 310.554090, 0.000000, 0.000000
2695.973832, 310.562066, 0.000000, 0.000000
2696.044607, 310.570041, 0.000000, 0.000000
2696.115382, 310.578017, 0.000000, 0.000000
2696.184828, 310.597788, 0.000000, 0.000000
2696.596564, 310.644240, 0.000000, 0.000000
2696.667338, 310.652225, 0.000000, 0.000000
2696.738112, 310.660210, 0.000000, 0.000000
2696.808886, 310.668196, 0.000000, 0.000000
2696.879660, 310.676181, 0.000000, 0.000000
2697.291398, 310.722695, 0.000000, 0.000000
2697.362171, 310.730690, 0.000000, 0.000000
2697.432943, 310.738686, 0.000000, 0.000000
2697.503716, 310.746682, 0.000000, 0.000000
2697.574489, 310.754677, 0.000000, 0.000000
2697.986228, 310.801255, 0.000000, 0.000000
2698.056999, 310.809261, 0.000000, 0.000000
2698.127771, 310.817267, 0.000000, 0.000000
2698.198543, 310.825273, 0.000000, 0.000000
2698.269314, 310.833280, 0.000000, 0.000000
2698.681054, 310.879923, 0.000000, 0.000000
2698.751825, 310.887940, 0.000000, 0.000000
2698.822595, 310.895957, 0.000000, 0.000000
2698.893366, 310.903975, 0.000000, 0.000000
2699.305049, 310.950657, 0.000000, 0.000000
2699.375819, 310.958683, 0.000000, 0.000000
2699.446588, 310.966709, 0.000000, 0.000000
2699.517358, 310.974735, 0.000000, 0.000000
2699.588127, 310.982761, 0.000000, 0.000000
2699.999659, 311.029448, 0.000000, 0.000000
2700.070429, 311.037478, 0.000000, 0.000000
2700.139859, 311.057301, 0.000000, 0.000000
2700.210628, 311.065330, 0.000000, 0.000000
2700.281397, 311.073359, 0.000000, 0.000000
2700.692853, 311.120041, 0.000000, 0.000000
2700.763622, 311.128070, 0.000000, 0.000000
2700.834391, 311.136099, 0.000000, 0.000000
2700.905160, 311.144128, 0.000000, 0.000000
2700.975929, 311.152157, 0.000000, 0.000000
2701.387386, 311.198838, 0.000000, 0.000000
2701.458155, 311.206867, 0.000000, 0.000000
2701.528924, 311.214896, 0.000000, 0.000000
2701.599693, 311.222925, 0.000000, 0.000000
2701.670462, 311.230954, 0.000000, 0.000000
2702.081918, 311.277636, 0.000000, 0.000000
2702.151349, 311.297459, 1.000000, 0.000000
2702.222118, 311.305488, 1.000000, 0.000000
2702.287534, 311.360697, 1.000000, 0.000000
2702.356965, 311.380521, 1.000000, 0.000000
2702.768421, 311.427202, 1.000000, 0.000000
2702.839190, 311.435231, 1.000000, 0.000000
2702.909959, 311.443260, 1.000000, 0.000000
2702.980728, 311.451289, 1.000000, 0.000000
2703.392185, 311.497970, 1.000000, 0.000000
2703.462954, 311.505999, 1.000000, 0.000000
2703.533723, 311.514028, 1.000000, 0.000000
2703.604492, 311.522057, 1.000000, 0.000000
2703.675261, 311.530086, 1.000000, 0.000000
2704.086717, 311.576768, 1.000000, 0.000000
2704.157486, 311.584797, 1.000000, 0.000000
2704.226917, 311.604621, 1.000000, 0.000000
2704.297686, 311.612650, 1.000000, 0.000000
2704.368455, 311.620679, 1.000000, 0.000000
2704.779911, 311.667360, 1.000000, 0.000000
2704.850680, 311.675389, 1.000000, 0.000000
2704.921449, 311.683418, 1.000000, 0.000000
2704.992218, 311.691447, 1.000000, 0.000000
2705.062987, 311.699476, 1.000000, 0.000000
2705.474444, 311.746157, 1.000000, 0.000000
2705.545213, 311.754186, 1.000000, 0.000000
2705.615982, 311.762215, 1.000000, 0.000000
2705.686751, 311.770244, 1.000000, 0.000000
2705.757520, 311.778273, 1.000000, 0.000000
2706.168976, 311.824955, 1.000000, 0.000000
2706.239745, 311.832984, 1.000000, 0.000000
2706.310514, 311.841013, 1.000000, 0.000000
2706.379945, 311.860837, 1.000000, 0.000000
2706.450714, 311.868866, 1.000000, 0.000000
2706.862170, 311.915547, 1.000000, 0.000000
2706.932939, 311.923576, 1.000000, 0.000000
2707.003708, 311.931605, 1.000000, 0.000000
2707.074477, 311.939634, 1.000000, 0.000000
2707.487303, 311.986471, 1.000000, 0.000000
2707.558072, 311.994500, 1.000000, 0.000000
2707.628841, 312.002529, 1.000000, 0.000000
2707.700948, 311.998763, 1.000000, 0.000000
2707.777070, 311.959613, 1.000000, 0.000000
2708.191898, 312.018623, 1.000000, 0.000000
2708.264005, 312.014857, 1.000000, 0.000000
2708.334774, 312.022886, 1.000000, 0.000000
2708.408220, 312.007326, 0.000000, 0.000000
2708.478989, 312.015355, 0.000000, 0.000000
2708.886701, 312.061611, 0.000000, 0.000000
2708.957470, 312.069640, 0.000000, 0.000000
2709.026901, 312.089464, 0.000000, 0.000000
2709.097670, 312.097493, 0.000000, 0.000000
2709.168439, 312.105522, 0.000000, 0.000000
2709.579493, 312.152158, 0.000000, 0.000000
2709.650262, 312.160187, 0.000000, 0.000000
2709.721031, 312.168216, 0.000000, 0.000000
2709.791800, 312.176245, 0.000000, 0.000000
2709.861231, 312.196069, 0.000000, 0.000000
2710.275625, 312.243084, 0.000000, 0.000000
2710.346394, 312.251113, 0.000000, 0.000000
2710.417163, 312.259142, 0.000000, 0.000000
2710.487932, 312.267171, 0.000000, 0.000000
2710.558701, 312.275200, 0.000000, 0.000000
2710.976437, 312.322593, 0.000000, 0.000000
2711.045868, 312.342417, 0.000000, 0.000000
2711.116637, 312.350446, 0.000000, 0.000000
2711.187406, 312.358475, 0.000000, 0.000000
2711.258175, 312.366504, 0.000000, 0.000000
2711.679252, 312.414277, 0.000000, 0.000000
2711.750021, 312.422306, 0.000000, 0.000000
2711.820790, 312.430335, 0.000000, 0.000000
2711.891559, 312.438364, 0.000000, 0.000000
2711.960990, 312.458188, 0.000000, 0.000000
2712.384038, 312.506185, 0.000000, 0.000000
2712.454807, 312.514214, 0.000000, 0.000000
2712.525576, 312.522243, 0.000000, 0.000000
2712.596345, 312.530272, 0.000000, 0.000000
2712.667114, 312.538301, 0.000000, 0.000000
2713.090163, 312.586297, 0.000000, 0.000000
2713.159593, 312.606121, 0.000000, 0.000000
2713.230362, 312.614150, 0.000000, 0.000000
2713.301131, 312.622179, 0.000000, 0.000000
2713.371900, 312.630208, 0.000000, 0.000000
2713.794949, 312.678205, 0.000000, 0.000000
2713.865718, 312.686234, 0.000000, 0.000000
2713.936487, 312.694263, 0.000000, 0.000000
2714.007256, 312.702292, 0.000000, 0.000000
2714.076687, 312.722116, 0.000000, 0.000000
2714.499736, 312.770112, 0.000000, 0.000000
2714.570505, 312.778141, 0.000000, 0.000000
2714.641274, 312.786170, 0.000000, 0.000000
2714.712043, 312.794199, 0.000000, 0.000000
2714.782812, 312.802228, 0.000000, 0.000000
2715.206038, 312.850287, 0.000000, 0.000000
2715.275466, 312.870118, 0.000000, 0.000000
2715.346235, 312.878155, 0.000000, 0.000000
2715.417003, 312.886192, 0.000000, 0.000000
2715.487771, 312.894228, 0.000000, 0.000000
2715.911371, 312.942466, 0.000000, 0.000000
2715.982136, 312.950527, 0.000000, 0.000000
2716.052902, 312.958588, 0.000000, 0.000000
2716.122324, 312.978442, 0.000000, 0.000000
2716.193089, 312.986503, 0.000000, 0.000000
2716.616811, 313.034935, 0.000000, 0.000000
2716.687573, 313.043026, 0.000000, 0.000000
2716.758335, 313.051116, 0.000000, 0.000000
2716.829097, 313.059207, 0.000000, 0.000000
2716.899859, 313.067298, 0.000000, 0.000000
2717.323550, 313.115907, 0.000000, 0.000000
2717.392955, 313.135820, 0.000000, 0.000000
2717.463713, 313.143941, 0.000000, 0.000000
2717.534472, 313.152061, 0.000000, 0.000000
2717.605230, 313.160182, 0.000000, 0.000000
2718.028887, 313.208965, 0.000000, 0.000000
2718.099642, 313.217114, 0.000000, 0.000000
2718.170397, 313.225264, 0.000000, 0.000000
2718.239794, 313.245206, 0.000000, 0.000000
2718.310550, 313.253356, 0.000000, 0.000000
2718.734171, 313.302310, 0.000000, 0.000000
2718.804923, 313.310489, 0.000000, 0.000000
2718.875674, 313.318668, 0.000000, 0.000000
2718.946426, 313.326846, 0.000000, 0.000000
2719.017178, 313.335025, 0.000000, 0.000000
2719.440770, 313.384149, 0.000000, 0.000000
2719.510151, 313.404147, 0.000000, 0.000000
2719.580899, 313.412354, 0.000000, 0.000000
2719.651648, 313.420561, 0.000000, 0.000000
2719.722397, 313.428769, 0.000000, 0.000000
2720.145765, 313.477990, 0.000000, 0.000000
2720.216511, 313.486216, 0.000000, 0.000000
2720.287257, 313.494443, 0.000000, 0.000000
2720.356633, 313.514461, 0.000000, 0.000000
2720.427379, 313.522688, 0.000000, 0.000000
2720.850386, 313.571900, 0.000000, 0.000000
2720.731820, 315.207285, -1.000000, 0.000000
2720.990506, 313.600153, 1.000000, 0.000000
2721.059880, 313.620175, 1.000000, 0.000000
2721.129254, 313.640197, 1.000000, 0.000000
2721.546676, 313.736565, 1.000000, 0.000000
2721.616050, 313.756586, 1.000000, 0.000000
2721.685424, 313.776608, 1.000000, 0.000000
2721.756170, 313.784839, 1.000000, 0.000000
2721.826916, 313.793070, 1.000000, 0.000000
2722.249826, 313.842274, 1.000000, 0.000000
2722.320572, 313.850505, 1.000000, 0.000000
2722.391318, 313.858736, 1.000000, 0.000000
2722.462064, 313.866967, 1.000000, 0.000000
2722.532809, 313.875198, 1.000000, 0.000000
2722.955719, 313.924401, 1.000000, 0.000000
2723.026465, 313.932632, 1.000000, 0.000000
2723.097211, 313.940863, 1.000000, 0.000000
2723.167956, 313.949094, 1.000000, 0.000000
2723.238702, 313.957325, 1.000000, 0.000000
2723.661612, 314.006529, 1.000000, 0.000000
2723.732358, 314.014760, 1.000000, 0.000000
2723.803103, 314.022991, 1.000000, 0.000000
2723.873849, 314.031222, 1.000000, 0.000000
2723.944595, 314.039453, 1.000000, 0.000000
2724.367505, 314.088656, 1.000000, 0.000000
2724.438251, 314.096887, 1.000000, 0.000000
2724.508997, 314.105118, 1.000000, 0.000000
2724.579743, 314.113349, 1.000000, 0.000000
2724.650488, 314.121580, 1.000000, 0.000000
2725.073398, 314.170784, 1.000000, 0.000000
2725.144144, 314.179015, 1.000000, 0.000000
2725.214890, 314.187246, 1.000000, 0.000000
2725.285635, 314.195476, 1.000000, 0.000000
2725.364612, 314.132962, 0.000000, 0.000000
2725.787522, 314.182165, 0.000000, 0.000000
2725.858267, 314.190396, 0.000000, 0.000000
2725.929013, 314.198627, 0.000000, 0.000000
2725.999759, 314.206858, 0.000000, 0.000000
2726.070505, 314.215089, 0.000000, 0.000000
2726.493415, 314.264293, 0.000000, 0.000000
2726.564161, 314.272524, 0.000000, 0.000000
2726.634907, 314.280755, 0.000000, 0.000000
2726.705653, 314.288986, 0.000000, 0.000000
2726.776398, 314.297216, 0.000000, 0.000000
2727.199308, 314.346420, 0.000000, 0.000000
2727.270054, 314.354651, 0.000000, 0.000000
2727.342171, 314.351091, 0.000000, 0.000000
2727.412917, 314.359322, 0.000000, 0.000000
2727.483663, 314.367553, 0.000000, 0.000000
2727.906572, 314.416756, 0.000000, 0.000000
2727.977318, 314.424987, 0.000000, 0.000000
2728.048064, 314.433218, 0.000000, 0.000000
2728.118810, 314.441449, 0.000000, 0.000000
2728.189556, 314.449680, 0.000000, 0.000000
2728.609893, 314.498585, 0.000000, 0.000000
2728.680639, 314.506816, 0.000000, 0.000000
2728.751385, 314.515047, 0.000000, 0.000000
2728.822131, 314.523278, 0.000000, 0.000000
2728.892877, 314.531508, 0.000000, 0.000000
2729.308854, 314.579906, 0.000000, 0.000000
2729.379600, 314.588136, 0.000000, 0.000000
2729.450346, 314.596367, 0.000000, 0.000000
2729.521091, 314.604598, 0.000000, 0.000000
2729.591837, 314.612829, 0.000000, 0.000000
2730.003455, 314.660719, 0.000000, 0.000000
2730.074201, 314.668950, 0.000000, 0.000000
2730.144947, 314.677181, 0.000000, 0.000000
2730.215693, 314.685412, 0.000000, 0.000000
2730.286438, 314.693643, 0.000000, 0.000000
2730.693698, 314.741026, 0.000000, 0.000000
2730.765816, 314.737466, 0.000000, 0.000000
