3015.134989, 218.457320, 1.000000, -1.#QNAN0
3015.180120, 218.402221, 1.000000, -1.#QNAN0
3015.225251, 218.347122, 1.000000, -1.#QNAN0
3015.270383, 218.292024, 1.000000, -1.#QNAN0
3015.521956, 217.984889, 1.000000, -1.#QNAN0
3015.567088, 217.929790, 1.000000, -1.#QNAN0
3015.612219, 217.874691, 1.000000, -1.#QNAN0
3015.657350, 217.819593, 1.000000, -1.#QNAN0
3015.693299, 217.756972, 1.000000, -1.#QNAN0
3015.944872, 217.449837, 1.000000, -1.#QNAN0
3015.980821, 217.387216, 1.000000, -1.#QNAN0
3016.025952, 217.332118, 1.000000, -1.#QNAN0
3016.071083, 217.277019, 1.000000, -1.#QNAN0
3016.116215, 217.221920, 1.000000, -1.#QNAN0
3016.358606, 216.907263, 1.000000, -1.#QNAN0
3016.403737, 216.852164, 1.000000, -1.#QNAN0
3016.448868, 216.797065, 1.000000, -1.#QNAN0
3016.494000, 216.741967, 1.000000, -1.#QNAN0
3016.745573, 216.434832, 1.000000, -1.#QNAN0
3016.790705, 216.379733, 1.000000, -1.#QNAN0
3016.835836, 216.324634, 1.000000, -1.#QNAN0
3016.871784, 216.262014, 1.000000, -1.#QNAN0
3016.916916, 216.206915, 1.000000, -1.#QNAN0
3017.160435, 215.890880, 1.000000, -1.#QNAN0
3017.205567, 215.835781, 1.000000, -1.#QNAN0
3017.250698, 215.780682, 1.000000, -1.#QNAN0
3017.295829, 215.725584, 1.000000, -1.#QNAN0
3017.340961, 215.670485, 1.000000, -1.#QNAN0
3017.595435, 215.359809, 1.000000, -1.#QNAN0
3017.640566, 215.304710, 1.000000, -1.#QNAN0
3017.685697, 215.249612, 1.000000, -1.#QNAN0
3017.730829, 215.194513, 1.000000, -1.#QNAN0
3017.987082, 214.881665, 1.000000, -1.#QNAN0
3018.032214, 214.826566, 1.000000, -1.#QNAN0
3018.077345, 214.771467, 1.000000, -1.#QNAN0
3018.131659, 214.723890, 1.000000, -1.#QNAN0
3018.176791, 214.668792, 1.000000, -1.#QNAN0
3018.434832, 214.353761, 1.000000, -1.#QNAN0
3018.479964, 214.298662, 1.000000, -1.#QNAN0
3018.525095, 214.243563, 1.000000, -1.#QNAN0
3018.570226, 214.188464, 1.000000, -1.#QNAN0
3018.615358, 214.133365, 1.000000, -1.#QNAN0
3018.867675, 213.825324, 1.000000, -1.#QNAN0
3018.912806, 213.770225, 1.000000, -1.#QNAN0
3018.957937, 213.715126, 1.000000, -1.#QNAN0
3019.003069, 213.660027, 1.000000, -1.#QNAN0
3019.257190, 213.349782, 1.000000, -1.#QNAN0
3019.302321, 213.294684, 1.000000, -1.#QNAN0
3019.347452, 213.239585, 1.000000, -1.#QNAN0
3019.392584, 213.184486, 1.000000, -1.#QNAN0
3019.437715, 213.129387, 1.000000, -1.#QNAN0
3019.693649, 212.816929, 1.000000, -1.#QNAN0
3019.747964, 212.769352, 1.000000, -1.#QNAN0
3019.793095, 212.714253, 1.000000, -1.#QNAN0
3019.838227, 212.659155, 1.000000, -1.#QNAN0
3019.883358, 212.604056, 1.000000, -1.#QNAN0
3020.139947, 212.290798, 1.000000, -1.#QNAN0
3020.185079, 212.235699, 1.000000, -1.#QNAN0
3020.230210, 212.180600, 1.000000, -1.#QNAN0
3020.275341, 212.125501, 1.000000, -1.#QNAN0
3020.320473, 212.070403, 1.000000, -1.#QNAN0
3020.586245, 211.764667, 1.000000, -1.#QNAN0
3020.631376, 211.709568, 1.000000, -1.#QNAN0
3020.676507, 211.654470, 1.000000, -1.#QNAN0
3020.721639, 211.599371, 1.000000, -1.#QNAN0
3020.766770, 211.544272, 1.000000, -1.#QNAN0
3021.014176, 211.223493, 1.000000, -1.#QNAN0
3021.059307, 211.168394, 1.000000, -1.#QNAN0
3021.104439, 211.113295, 1.000000, -1.#QNAN0
3021.149570, 211.058196, 1.000000, -1.#QNAN0
3021.194701, 211.003097, 1.000000, -1.#QNAN0
3021.451291, 210.689839, 1.000000, -1.#QNAN0
3021.496422, 210.634741, 1.000000, -1.#QNAN0
3021.532370, 210.572120, 1.000000, -1.#QNAN0
3021.577502, 210.517021, 1.000000, -1.#QNAN0
3021.834376, 210.203254, 1.000000, -1.#QNAN0
3021.879491, 210.148142, 1.000000, -1.#QNAN0
3021.924606, 210.093029, 1.000000, -1.#QNAN0
3021.969721, 210.037917, 1.000000, -1.#QNAN0
3022.014836, 209.982805, 1.000000, -1.#QNAN0
3022.274397, 209.663899, 1.000000, -1.#QNAN0
3022.319335, 209.608642, 1.000000, -1.#QNAN0
3022.364272, 209.553385, 1.000000, -1.#QNAN0
3022.400001, 209.490638, 1.000000, -1.#QNAN0
3022.435729, 209.427892, 1.000000, -1.#QNAN0
3022.695500, 209.105718, 1.000000, -1.#QNAN0
3022.740181, 209.050253, 1.000000, -1.#QNAN0
3022.784862, 208.994789, 1.000000, -1.#QNAN0
3022.838787, 208.946770, 1.000000, -1.#QNAN0
3022.883467, 208.891306, 1.000000, -1.#QNAN0
3023.141678, 208.567955, 1.000000, -1.#QNAN0
3023.176826, 208.504881, 1.000000, -1.#QNAN0
3023.221252, 208.449212, 1.000000, -1.#QNAN0
3023.265678, 208.393543, 1.000000, -1.#QNAN0
3023.310104, 208.337874, 1.000000, -1.#QNAN0
3023.557391, 208.006091, 1.000000, -1.#QNAN0
3023.601564, 207.950221, 1.000000, -1.#QNAN0
3023.645738, 207.894352, 1.000000, -1.#QNAN0
3023.689912, 207.838482, 1.000000, -1.#QNAN0
3023.734085, 207.782612, 1.000000, -1.#QNAN0
3023.989088, 207.457142, 1.000000, -1.#QNAN0
3024.033012, 207.401076, 1.000000, -1.#QNAN0
3024.076935, 207.345009, 1.000000, -1.#QNAN0
3024.111514, 207.281622, 1.000000, -1.#QNAN0
3024.365186, 206.955317, 1.000000, -1.#QNAN0
3024.408862, 206.899058, 1.000000, -1.#QNAN0
3024.443161, 206.835519, 1.000000, -1.#QNAN0
3024.486836, 206.779259, 1.000000, -1.#QNAN0
3024.530512, 206.722999, 1.000000, -1.#QNAN0
3024.782141, 206.396627, 1.000000, -1.#QNAN0
3024.816198, 206.332958, 1.000000, -1.#QNAN0
3024.859659, 206.276532, 1.000000, -1.#QNAN0
3024.903121, 206.220106, 1.000000, -1.#QNAN0
3024.946582, 206.163681, 1.000000, -1.#QNAN0
3025.204150, 205.847975, 1.000000, -1.#QNAN0
3025.247541, 205.791495, 1.000000, -1.#QNAN0
3025.290932, 205.735015, 1.000000, -1.#QNAN0
3025.334322, 205.678535, 1.000000, -1.#QNAN0
3025.377713, 205.622055, 1.000000, -1.#QNAN0
3025.624405, 205.300947, 1.000000, -1.#QNAN0
3025.658382, 205.237235, 1.000000, -1.#QNAN0
3025.701773, 205.180756, 1.000000, -1.#QNAN0
3025.735750, 205.117044, 1.000000, -1.#QNAN0
3025.779141, 205.060564, 1.000000, -1.#QNAN0
3026.025832, 204.739456, 1.000000, -1.#QNAN0
3026.078636, 204.690208, 1.000000, -1.#QNAN0
3026.122027, 204.633728, 1.000000, -1.#QNAN0
3026.165418, 204.577248, 1.000000, -1.#QNAN0
3026.218222, 204.528000, 1.000000, -1.#QNAN0
3026.455501, 204.199659, 1.000000, -1.#QNAN0
3026.498891, 204.143179, 1.000000, -1.#QNAN0
3026.542282, 204.086700, 1.000000, -1.#QNAN0
3026.595086, 204.037452, 1.000000, -1.#QNAN0
3026.841778, 203.716343, 1.000000, -1.#QNAN0
3026.885168, 203.659863, 1.000000, -1.#QNAN0
3026.928559, 203.603384, 1.000000, -1.#QNAN0
3026.981363, 203.554136, 1.000000, -1.#QNAN0
3027.024753, 203.497656, 1.000000, -1.#QNAN0
3027.271445, 203.176547, 1.000000, -1.#QNAN0
3027.324249, 203.127299, 1.000000, -1.#QNAN0
3027.367640, 203.070820, 1.000000, -1.#QNAN0
3027.411030, 203.014340, 1.000000, -1.#QNAN0
3027.454421, 202.957860, 1.000000, -1.#QNAN0
3027.691700, 202.629519, 1.000000, -1.#QNAN0
3027.735091, 202.573039, 1.000000, -1.#QNAN0
3027.778481, 202.516559, 1.000000, -1.#QNAN0
3027.831285, 202.467311, 1.000000, -1.#QNAN0
3027.874676, 202.410832, 1.000000, -1.#QNAN0
3028.121368, 202.089723, 1.000000, -1.#QNAN0
3028.164758, 202.033243, 1.000000, -1.#QNAN0
3028.208149, 201.976764, 1.000000, -1.#QNAN0
3028.251540, 201.920284, 1.000000, -1.#QNAN0
3028.294930, 201.863804, 1.000000, -1.#QNAN0
3028.541622, 201.542696, 1.000000, -1.#QNAN0
3028.585013, 201.486216, 1.000000, -1.#QNAN0
3028.628403, 201.429736, 1.000000, -1.#QNAN0
3028.671794, 201.373256, 1.000000, -1.#QNAN0
3028.715185, 201.316776, 1.000000, -1.#QNAN0
3028.961877, 200.995667, 1.000000, -1.#QNAN0
3029.005267, 200.939188, 1.000000, -1.#QNAN0
3029.048658, 200.882708, 1.000000, -1.#QNAN0
3029.092049, 200.826228, 1.000000, -1.#QNAN0
3029.348092, 200.512432, 1.000000, -1.#QNAN0
3029.391483, 200.455952, 1.000000, -1.#QNAN0
3029.434873, 200.399472, 1.000000, -1.#QNAN0
3029.468851, 200.335761, 1.000000, -1.#QNAN0
3029.512241, 200.279281, 1.000000, -1.#QNAN0
3029.756832, 199.960908, 1.000000, -1.#QNAN0
3029.800222, 199.904428, 1.000000, -1.#QNAN0
3029.843613, 199.847948, 1.000000, -1.#QNAN0
3029.887004, 199.791468, 1.000000, -1.#QNAN0
3029.939808, 199.742220, 1.000000, -1.#QNAN0
3030.182399, 199.426449, 1.000000, -1.#QNAN0
3030.225790, 199.369969, 1.000000, -1.#QNAN0
3030.269180, 199.313489, 1.000000, -1.#QNAN0
3030.321984, 199.264241, 1.000000, -1.#QNAN0
3030.374788, 199.214993, 1.000000, -1.#QNAN0
3030.622652, 198.892359, 1.000000, -1.#QNAN0
3030.675456, 198.843111, 1.000000, -1.#QNAN0
3030.718847, 198.786632, 1.000000, -1.#QNAN0
3030.762237, 198.730152, 1.000000, -1.#QNAN0
3030.805628, 198.673672, 1.000000, -1.#QNAN0
3031.051574, 198.353534, 1.000000, -1.#QNAN0
3031.094965, 198.297054, 1.000000, -1.#QNAN0
3031.138355, 198.240574, 1.000000, -1.#QNAN0
3031.181746, 198.184095, 1.000000, -1.#QNAN0
3031.425817, 197.866397, 1.000000, -1.#QNAN0
3031.469208, 197.809917, 1.000000, -1.#QNAN0
3031.512599, 197.753437, 1.000000, -1.#QNAN0
3031.555989, 197.696958, 1.000000, -1.#QNAN0
3031.599380, 197.640478, 1.000000, -1.#QNAN0
3031.841617, 197.325167, 1.000000, -1.#QNAN0
3031.885008, 197.268688, 1.000000, -1.#QNAN0
3031.928399, 197.212208, 1.000000, -1.#QNAN0
3031.971789, 197.155728, 1.000000, -1.#QNAN0
3032.015180, 197.099248, 1.000000, -1.#QNAN0
3032.255680, 196.786199, 1.000000, -1.#QNAN0
3032.299071, 196.729719, 1.000000, -1.#QNAN0
3032.342462, 196.673239, 1.000000, -1.#QNAN0
3032.385852, 196.616759, 1.000000, -1.#QNAN0
3032.635766, 196.310941, 1.000000, -1.#QNAN0
3032.679157, 196.254461, 1.000000, -1.#QNAN0
3032.722548, 196.197981, 1.000000, -1.#QNAN0
3032.765938, 196.141502, 1.000000, -1.#QNAN0
3032.799916, 196.077790, 1.000000, -1.#QNAN0
3033.040416, 195.764741, 1.000000, -1.#QNAN0
3033.074393, 195.701029, 1.000000, -1.#QNAN0
3033.108371, 195.637318, 1.000000, -1.#QNAN0
3033.151761, 195.580838, 1.000000, -1.#QNAN0
3033.204565, 195.531590, 1.000000, -1.#QNAN0
3033.445066, 195.218540, 1.000000, -1.#QNAN0
3033.479043, 195.154829, 1.000000, -1.#QNAN0
3033.522434, 195.098349, 1.000000, -1.#QNAN0
3033.565824, 195.041869, 1.000000, -1.#QNAN0
3033.796912, 194.721587, 1.000000, -1.#QNAN0
3033.840303, 194.665108, 1.000000, -1.#QNAN0
3033.883693, 194.608628, 1.000000, -1.#QNAN0
3033.936497, 194.559380, 1.000000, -1.#QNAN0
3033.979888, 194.502900, 1.000000, -1.#QNAN0
3034.220631, 194.189368, 1.000000, -1.#QNAN0
3034.273421, 194.140106, 1.000000, -1.#QNAN0
3034.316796, 194.083614, 1.000000, -1.#QNAN0
3034.360171, 194.027122, 1.000000, -1.#QNAN0
3034.403547, 193.970631, 1.000000, -1.#QNAN0
3034.661106, 193.648803, 1.000000, -1.#QNAN0
3034.703978, 193.591929, 1.000000, -1.#QNAN0
3034.746851, 193.535055, 1.000000, -1.#QNAN0
3034.789723, 193.478180, 1.000000, -1.#QNAN0
3035.026409, 193.138766, 1.000000, -1.#QNAN0
3035.068731, 193.081482, 1.000000, -1.#QNAN0
3035.111054, 193.024197, 1.000000, -1.#QNAN0
3035.153376, 192.966912, 1.000000, -1.#QNAN0
3035.205246, 192.916681, 1.000000, -1.#QNAN0
3035.448199, 192.581575, 1.000000, -1.#QNAN0
3035.489959, 192.523879, 1.000000, -1.#QNAN0
3035.541335, 192.473143, 1.000000, -1.#QNAN0
3035.583096, 192.415448, 1.000000, -1.#QNAN0
3035.624856, 192.357752, 1.000000, -1.#QNAN0
3035.864514, 192.019798, 1.000000, -1.#QNAN0
3035.905700, 191.961691, 1.000000, -1.#QNAN0
3035.946886, 191.903584, 1.000000, -1.#QNAN0
3035.988072, 191.845477, 1.000000, -1.#QNAN0
3036.224871, 191.505176, 1.000000, -1.#QNAN0
3036.265470, 191.446658, 1.000000, -1.#QNAN0
3036.306070, 191.388139, 1.000000, -1.#QNAN0
3036.346669, 191.329621, 1.000000, -1.#QNAN0
3036.377515, 191.264336, 1.000000, -1.#QNAN0
3036.610724, 190.921378, 1.000000, -1.#QNAN0
3036.640903, 190.855782, 1.000000, -1.#QNAN0
3036.680903, 190.796853, 1.000000, -1.#QNAN0
3036.711082, 190.731256, 1.000000, -1.#QNAN0
3036.751083, 190.672327, 1.000000, -1.#QNAN0
3036.980362, 190.327279, 1.000000, -1.#QNAN0
3037.019766, 190.267949, 1.000000, -1.#QNAN0
3037.059170, 190.208619, 1.000000, -1.#QNAN0
3037.098574, 190.149289, 1.000000, -1.#QNAN0
3037.318524, 189.816859, 1.000000, -1.#QNAN0
3037.357810, 189.757451, 1.000000, -1.#QNAN0
3037.387194, 189.691495, 1.000000, -1.#QNAN0
3037.426480, 189.632087, 1.000000, -1.#QNAN0
3037.465766, 189.572678, 1.000000, -1.#QNAN0
3037.683514, 189.243399, 1.000000, -1.#QNAN0
3037.722800, 189.183991, 1.000000, -1.#QNAN0
3037.762086, 189.124583, 1.000000, -1.#QNAN0
3037.801372, 189.065174, 1.000000, -1.#QNAN0
3037.840658, 189.005766, 1.000000, -1.#QNAN0
3038.058406, 188.676487, 1.000000, -1.#QNAN0
3038.097692, 188.617079, 1.000000, -1.#QNAN0
3038.136978, 188.557671, 1.000000, -1.#QNAN0
3038.176264, 188.498262, 1.000000, -1.#QNAN0
3038.394013, 188.168983, 1.000000, -1.#QNAN0
3038.433299, 188.109574, 1.000000, -1.#QNAN0
3038.472585, 188.050166, 1.000000, -1.#QNAN0
3038.511871, 187.990758, 1.000000, -1.#QNAN0
3038.551157, 187.931350, 1.000000, -1.#QNAN0
3038.768905, 187.602071, 1.000000, -1.#QNAN0
3038.808191, 187.542662, 1.000000, -1.#QNAN0
3038.847477, 187.483254, 1.000000, -1.#QNAN0
3038.886763, 187.423846, 1.000000, -1.#QNAN0
3038.926049, 187.364438, 1.000000, -1.#QNAN0
3039.143797, 187.035158, 1.000000, -1.#QNAN0
3039.183083, 186.975750, 1.000000, -1.#QNAN0
3039.222369, 186.916342, 1.000000, -1.#QNAN0
3039.261655, 186.856934, 1.000000, -1.#QNAN0
3039.479404, 186.527654, 1.000000, -1.#QNAN0
3039.518690, 186.468246, 1.000000, -1.#QNAN0
3039.557976, 186.408838, 1.000000, -1.#QNAN0
3039.597261, 186.349429, 1.000000, -1.#QNAN0
3039.636547, 186.290021, 1.000000, -1.#QNAN0
3039.864197, 185.967290, 1.000000, -1.#QNAN0
3039.903483, 185.907881, 1.000000, -1.#QNAN0
3039.942769, 185.848473, 1.000000, -1.#QNAN0
3039.982055, 185.789065, 1.000000, -1.#QNAN0
3040.011439, 185.723109, 1.000000, -1.#QNAN0
3040.229188, 185.393830, 1.000000, -1.#QNAN0
3040.268474, 185.334422, 1.000000, -1.#QNAN0
3040.317661, 185.281561, 1.000000, -1.#QNAN0
3040.356947, 185.222153, 1.000000, -1.#QNAN0
3040.574696, 184.892873, 1.000000, -1.#QNAN0
3040.613982, 184.833465, 1.000000, -1.#QNAN0
3040.653268, 184.774057, 1.000000, -1.#QNAN0
3040.692553, 184.714649, 1.000000, -1.#QNAN0
3040.731839, 184.655240, 1.000000, -1.#QNAN0
3040.959501, 184.332491, 1.000000, -1.#QNAN0
3041.008688, 184.279631, 1.000000, -1.#QNAN0
3041.047974, 184.220223, 1.000000, -1.#QNAN0
3041.097161, 184.167362, 1.000000, -1.#QNAN0
3041.136447, 184.107954, 1.000000, -1.#QNAN0
3041.354316, 183.778493, 1.000000, -1.#QNAN0
3041.393602, 183.719084, 1.000000, -1.#QNAN0
3041.442789, 183.666224, 1.000000, -1.#QNAN0
3041.482075, 183.606816, 1.000000, -1.#QNAN0
3041.700077, 183.277152, 1.000000, -1.#QNAN0
3041.749265, 183.224292, 1.000000, -1.#QNAN0
3041.788550, 183.164884, 1.000000, -1.#QNAN0
3041.827836, 183.105475, 1.000000, -1.#QNAN0
3041.867122, 183.046067, 1.000000, -1.#QNAN0
3042.085282, 182.716167, 1.000000, -1.#QNAN0
3042.124568, 182.656758, 1.000000, -1.#QNAN0
3042.163853, 182.597350, 1.000000, -1.#QNAN0
3042.203139, 182.537942, 1.000000, -1.#QNAN0
3042.242425, 182.478534, 1.000000, -1.#QNAN0
3042.460766, 182.148358, 1.000000, -1.#QNAN0
3042.500052, 182.088950, 1.000000, -1.#QNAN0
3042.539338, 182.029542, 1.000000, -1.#QNAN0
3042.588525, 181.976682, 1.000000, -1.#QNAN0
3042.807072, 181.646195, 1.000000, -1.#QNAN0
3042.836457, 181.580239, 1.000000, -1.#QNAN0
3042.875743, 181.520831, 1.000000, -1.#QNAN0
3042.915029, 181.461422, 1.000000, -1.#QNAN0
3042.954315, 181.402014, 1.000000, -1.#QNAN0
3043.173091, 181.071180, 1.000000, -1.#QNAN0
3043.202476, 181.005224, 1.000000, -1.#QNAN0
3043.241762, 180.945816, 1.000000, -1.#QNAN0
3043.271146, 180.879860, 1.000000, -1.#QNAN0
3043.310432, 180.820452, 1.000000, -1.#QNAN0
3043.519529, 180.482735, 1.000000, -1.#QNAN0
3043.558815, 180.423327, 1.000000, -1.#QNAN0
3043.598101, 180.363918, 1.000000, -1.#QNAN0
3043.637387, 180.304510, 1.000000, -1.#QNAN0
3043.856386, 179.973340, 1.000000, -1.#QNAN0
3043.895672, 179.913932, 1.000000, -1.#QNAN0
3043.934958, 179.854523, 1.000000, -1.#QNAN0
3043.974244, 179.795115, 1.000000, -1.#QNAN0
3044.013530, 179.735707, 1.000000, -1.#QNAN0
3044.232528, 179.404537, 1.000000, -1.#QNAN0
3044.281716, 179.351677, 1.000000, -1.#QNAN0
3044.321001, 179.292268, 1.000000, -1.#QNAN0
3044.370189, 179.239408, 1.000000, -1.#QNAN0
3044.409475, 179.180000, 1.000000, -1.#QNAN0
3044.638375, 178.855377, 1.000000, -1.#QNAN0
3044.677661, 178.795969, 1.000000, -1.#QNAN0
3044.716947, 178.736561, 1.000000, -1.#QNAN0
3044.756232, 178.677153, 1.000000, -1.#QNAN0
3044.965330, 178.339435, 1.000000, -1.#QNAN0
3045.004616, 178.280027, 1.000000, -1.#QNAN0
3045.034000, 178.214071, 1.000000, -1.#QNAN0
3045.083188, 178.161210, 1.000000, -1.#QNAN0
3045.122474, 178.101802, 1.000000, -1.#QNAN0
3045.352016, 177.775655, 1.000000, -1.#QNAN0
3045.391254, 177.716215, 1.000000, -1.#QNAN0
3045.430491, 177.656775, 1.000000, -1.#QNAN0
3045.469729, 177.597334, 1.000000, -1.#QNAN0
3045.508966, 177.537894, 1.000000, -1.#QNAN0
3045.733010, 177.193368, 1.000000, -1.#QNAN0
3045.771831, 177.133655, 1.000000, -1.#QNAN0
3045.810652, 177.073942, 1.000000, -1.#QNAN0
3045.849473, 177.014229, 1.000000, -1.#QNAN0
3046.072332, 176.666049, 1.000000, -1.#QNAN0
3046.110662, 176.606019, 1.000000, -1.#QNAN0
3046.148991, 176.545989, 1.000000, -1.#QNAN0
3046.187321, 176.485960, 1.000000, -1.#QNAN0
3046.225651, 176.425930, 1.000000, -1.#QNAN0
3046.445472, 176.075847, 1.000000, -1.#QNAN0
3046.483309, 176.015505, 1.000000, -1.#QNAN0
3046.511088, 175.948857, 1.000000, -1.#QNAN0
3046.548924, 175.888515, 1.000000, -1.#QNAN0
3046.586760, 175.828173, 1.000000, -1.#QNAN0
3046.793372, 175.470077, 1.000000, -1.#QNAN0
3046.830713, 175.409428, 1.000000, -1.#QNAN0
3046.868054, 175.348778, 1.000000, -1.#QNAN0
3046.905395, 175.288128, 1.000000, -1.#QNAN0
3047.109340, 174.928661, 1.000000, -1.#QNAN0
3047.146184, 174.867708, 1.000000, -1.#QNAN0
3047.183028, 174.806756, 1.000000, -1.#QNAN0
3047.219872, 174.745803, 1.000000, -1.#QNAN0
3047.266874, 174.690991, 1.000000, -1.#QNAN0
3047.498324, 174.347969, 1.000000, -1.#QNAN0
3047.544878, 174.292775, 1.000000, -1.#QNAN0
3047.581223, 174.231523, 1.000000, -1.#QNAN0
3047.617568, 174.170272, 1.000000, -1.#QNAN0
3047.643705, 174.102963, 1.000000, -1.#QNAN0
3047.851207, 173.747466, 1.000000, -1.#QNAN0
3047.876851, 173.679968, 1.000000, -1.#QNAN0
3047.912747, 173.618452, 1.000000, -1.#QNAN0
3047.958895, 173.562919, 1.000000, -1.#QNAN0
3048.159775, 173.217895, 1.000000, -1.#QNAN0
3048.195603, 173.156340, 1.000000, -1.#QNAN0
3048.231430, 173.094784, 1.000000, -1.#QNAN0
3048.267258, 173.033228, 1.000000, -1.#QNAN0
3048.303086, 172.971673, 1.000000, -1.#QNAN0
3048.502806, 172.628533, 1.000000, -1.#QNAN0
3048.528375, 172.561006, 1.000000, -1.#QNAN0
3048.564203, 172.499451, 1.000000, -1.#QNAN0
3048.600030, 172.437895, 1.000000, -1.#QNAN0
3048.635858, 172.376340, 1.000000, -1.#QNAN0
3048.835579, 172.033200, 1.000000, -1.#QNAN0
3048.871406, 171.971645, 1.000000, -1.#QNAN0
3048.907234, 171.910089, 1.000000, -1.#QNAN0
3048.943062, 171.848533, 1.000000, -1.#QNAN0
3049.142783, 171.505393, 1.000000, -1.#QNAN0
3049.178610, 171.443838, 1.000000, -1.#QNAN0
3049.214438, 171.382282, 1.000000, -1.#QNAN0
3049.250266, 171.320727, 1.000000, -1.#QNAN0
3049.286094, 171.259171, 1.000000, -1.#QNAN0
3049.485814, 170.916032, 1.000000, -1.#QNAN0
3049.531901, 170.860447, 1.000000, -1.#QNAN0
3049.567729, 170.798892, 1.000000, -1.#QNAN0
3049.603557, 170.737336, 1.000000, -1.#QNAN0
3049.629125, 170.669809, 1.000000, -1.#QNAN0
3049.828846, 170.326670, 1.000000, -1.#QNAN0
3049.854414, 170.259143, 1.000000, -1.#QNAN0
3049.890242, 170.197587, 1.000000, -1.#QNAN0
3049.936329, 170.142003, 1.000000, -1.#QNAN0
3050.136050, 169.798863, 1.000000, -1.#QNAN0
3050.171878, 169.737307, 1.000000, -1.#QNAN0
3050.207705, 169.675752, 1.000000, -1.#QNAN0
3050.243533, 169.614196, 1.000000, -1.#QNAN0
3050.279361, 169.552641, 1.000000, -1.#QNAN0
3050.489341, 169.215472, 1.000000, -1.#QNAN0
3050.535428, 169.159888, 1.000000, -1.#QNAN0
3050.571255, 169.098332, 1.000000, -1.#QNAN0
3050.617342, 169.042748, 1.000000, -1.#QNAN0
3050.653170, 168.981193, 1.000000, -1.#QNAN0
3050.852891, 168.638053, 1.000000, -1.#QNAN0
3050.888718, 168.576498, 1.000000, -1.#QNAN0
3050.924546, 168.514942, 1.000000, -1.#QNAN0
3050.970633, 168.459358, 1.000000, -1.#QNAN0
3051.170354, 168.116218, 1.000000, -1.#QNAN0
3051.206182, 168.054662, 1.000000, -1.#QNAN0
3051.242010, 167.993106, 1.000000, -1.#QNAN0
3051.277837, 167.931551, 1.000000, -1.#QNAN0
3051.323924, 167.875967, 1.000000, -1.#QNAN0
3051.523137, 167.533699, 1.000000, -1.#QNAN0
3051.569224, 167.478115, 1.000000, -1.#QNAN0
3051.605052, 167.416560, 1.000000, -1.#QNAN0
3051.640880, 167.355004, 1.000000, -1.#QNAN0
3051.676707, 167.293448, 1.000000, -1.#QNAN0
3051.875082, 166.952621, 1.000000, -1.#QNAN0
3051.910910, 166.891066, 1.000000, -1.#QNAN0
3051.946738, 166.829510, 1.000000, -1.#QNAN0
3051.982565, 166.767954, 1.000000, -1.#QNAN0
3052.180170, 166.428450, 1.000000, -1.#QNAN0
3052.215998, 166.366894, 1.000000, -1.#QNAN0
3052.251826, 166.305339, 1.000000, -1.#QNAN0
3052.297913, 166.249754, 1.000000, -1.#QNAN0
3052.333740, 166.188199, 1.000000, -1.#QNAN0
3052.540902, 165.855873, 1.000000, -1.#QNAN0
3052.576730, 165.794317, 1.000000, -1.#QNAN0
3052.612558, 165.732761, 1.000000, -1.#QNAN0
3052.648385, 165.671206, 1.000000, -1.#QNAN0
3052.684213, 165.609650, 1.000000, -1.#QNAN0
3052.870223, 165.266470, 1.000000, -1.#QNAN0
3052.895791, 165.198943, 1.000000, -1.#QNAN0
3052.931619, 165.137387, 1.000000, -1.#QNAN0
3052.967447, 165.075831, 1.000000, -1.#QNAN0
3053.163152, 164.739591, 1.000000, -1.#QNAN0
3053.198979, 164.678036, 1.000000, -1.#QNAN0
3053.234807, 164.616480, 1.000000, -1.#QNAN0
3053.270635, 164.554924, 1.000000, -1.#QNAN0
3053.306463, 164.493369, 1.000000, -1.#QNAN0
3053.501672, 164.157980, 1.000000, -1.#QNAN0
3053.547759, 164.102395, 1.000000, -1.#QNAN0
3053.593846, 164.046811, 1.000000, -1.#QNAN0
3053.629674, 163.985255, 1.000000, -1.#QNAN0
3053.675761, 163.929671, 1.000000, -1.#QNAN0
3053.870779, 163.594611, 1.000000, -1.#QNAN0
3053.906607, 163.533055, 1.000000, -1.#QNAN0
3053.952694, 163.477471, 1.000000, -1.#QNAN0
3053.988522, 163.415915, 1.000000, -1.#QNAN0
3054.183540, 163.080854, 1.000000, -1.#QNAN0
3054.219368, 163.019299, 1.000000, -1.#QNAN0
3054.255196, 162.957743, 1.000000, -1.#QNAN0
3054.291023, 162.896187, 1.000000, -1.#QNAN0
3054.326851, 162.834632, 1.000000, -1.#QNAN0
3054.532129, 162.505543, 1.000000, -1.#QNAN0
3054.567956, 162.443987, 1.000000, -1.#QNAN0
3054.603784, 162.382432, 1.000000, -1.#QNAN0
3054.649871, 162.326847, 1.000000, -1.#QNAN0
3054.685699, 162.265292, 1.000000, -1.#QNAN0
3054.890976, 161.936203, 1.000000, -1.#QNAN0
3054.926804, 161.874647, 1.000000, -1.#QNAN0
3054.962632, 161.813091, 1.000000, -1.#QNAN0
3054.998460, 161.751536, 1.000000, -1.#QNAN0
3055.193478, 161.416475, 1.000000, -1.#QNAN0
3055.229306, 161.354919, 1.000000, -1.#QNAN0
3055.265134, 161.293364, 1.000000, -1.#QNAN0
3055.300961, 161.231808, 1.000000, -1.#QNAN0
3055.336789, 161.170253, 1.000000, -1.#QNAN0
3055.536173, 160.823431, 1.000000, -1.#QNAN0
3055.571644, 160.761669, 1.000000, -1.#QNAN0
3055.607115, 160.699907, 1.000000, -1.#QNAN0
3055.642586, 160.638145, 1.000000, -1.#QNAN0
3055.678056, 160.576383, 1.000000, -1.#QNAN0
3055.879952, 160.214906, 1.000000, -1.#QNAN0
3055.914658, 160.152711, 1.000000, -1.#QNAN0
3055.949364, 160.090515, 1.000000, -1.#QNAN0
3055.984070, 160.028320, 1.000000, -1.#QNAN0
3056.183334, 159.660873, 1.000000, -1.#QNAN0
3056.217153, 159.598191, 1.000000, -1.#QNAN0
3056.250972, 159.535509, 1.000000, -1.#QNAN0
3056.284791, 159.472828, 1.000000, -1.#QNAN0
3056.318611, 159.410146, 1.000000, -1.#QNAN0
3056.512405, 159.039546, 1.000000, -1.#QNAN0
3056.555851, 158.981874, 1.000000, -1.#QNAN0
3056.599297, 158.924202, 1.000000, -1.#QNAN0
3056.632217, 158.861043, 1.000000, -1.#QNAN0
3056.665137, 158.797885, 1.000000, -1.#QNAN0
3056.853522, 158.423904, 1.000000, -1.#QNAN0
3056.885530, 158.360278, 1.000000, -1.#QNAN0
3056.917537, 158.296652, 1.000000, -1.#QNAN0
3056.949545, 158.233027, 1.000000, -1.#QNAN0
3057.122515, 157.851323, 1.000000, -1.#QNAN0
3057.153599, 157.787241, 1.000000, -1.#QNAN0
3057.184682, 157.723159, 1.000000, -1.#QNAN0
3057.215766, 157.659077, 1.000000, -1.#QNAN0
3057.236169, 157.589814, 1.000000, -1.#QNAN0
3057.413937, 157.210682, 1.000000, -1.#QNAN0
3057.444085, 157.146155, 1.000000, -1.#QNAN0
3057.474233, 157.081627, 1.000000, -1.#QNAN0
3057.515136, 157.022125, 1.000000, -1.#QNAN0
3057.545285, 156.957597, 1.000000, -1.#QNAN0
3057.725134, 156.592236, 1.000000, -1.#QNAN0
3057.754700, 156.527439, 1.000000, -1.#QNAN0
3057.784265, 156.462643, 1.000000, -1.#QNAN0
3057.813830, 156.397846, 1.000000, -1.#QNAN0
3057.975973, 156.040773, 1.000000, -1.#QNAN0
3058.005404, 155.975916, 1.000000, -1.#QNAN0
3058.034835, 155.911058, 1.000000, -1.#QNAN0
3058.075076, 155.851105, 1.000000, -1.#QNAN0
3058.104506, 155.786247, 1.000000, -1.#QNAN0
3058.264704, 155.433213, 1.000000, -1.#QNAN0
3058.294135, 155.368355, 1.000000, -1.#QNAN0
3058.334375, 155.308402, 1.000000, -1.#QNAN0
3058.363806, 155.243544, 1.000000, -1.#QNAN0
3058.393237, 155.178686, 1.000000, -1.#QNAN0
3058.542625, 154.820747, 1.000000, -1.#QNAN0
3058.572055, 154.755889, 1.000000, -1.#QNAN0
3058.601486, 154.691031, 1.000000, -1.#QNAN0
3058.630917, 154.626173, 1.000000, -1.#QNAN0
3058.791115, 154.273139, 1.000000, -1.#QNAN0
3058.820546, 154.208281, 1.000000, -1.#QNAN0
3058.849976, 154.143423, 1.000000, -1.#QNAN0
3058.879407, 154.078565, 1.000000, -1.#QNAN0
3058.908838, 154.013707, 1.000000, -1.#QNAN0
3059.069036, 153.660673, 1.000000, -1.#QNAN0
3059.098466, 153.595815, 1.000000, -1.#QNAN0
3059.127897, 153.530957, 1.000000, -1.#QNAN0
3059.168138, 153.471004, 1.000000, -1.#QNAN0
3059.197568, 153.406146, 1.000000, -1.#QNAN0
3059.357766, 153.053112, 1.000000, -1.#QNAN0
3059.387197, 152.988254, 1.000000, -1.#QNAN0
3059.427437, 152.928302, 1.000000, -1.#QNAN0
3059.456868, 152.863444, 1.000000, -1.#QNAN0
3059.617066, 152.510409, 1.000000, -1.#QNAN0
3059.657306, 152.450456, 1.000000, -1.#QNAN0
3059.686737, 152.385598, 1.000000, -1.#QNAN0
3059.716168, 152.320740, 1.000000, -1.#QNAN0
3059.745599, 152.255882, 1.000000, -1.#QNAN0
3059.905796, 151.902848, 1.000000, -1.#QNAN0
3059.935227, 151.837990, 1.000000, -1.#QNAN0
3059.964658, 151.773132, 1.000000, -1.#QNAN0
3059.994089, 151.708275, 1.000000, -1.#QNAN0
3060.012710, 151.638511, 1.000000, -1.#QNAN0
3060.172907, 151.285477, 1.000000, -1.#QNAN0
3060.202338, 151.220619, 1.000000, -1.#QNAN0
3060.231769, 151.155762, 1.000000, -1.#QNAN0
3060.261200, 151.090904, 1.000000, -1.#QNAN0
3060.432207, 150.742774, 1.000000, -1.#QNAN0
3060.461638, 150.677916, 1.000000, -1.#QNAN0
3060.491069, 150.613058, 1.000000, -1.#QNAN0
3060.520500, 150.548200, 1.000000, -1.#QNAN0
3060.549930, 150.483343, 1.000000, -1.#QNAN0
3060.714180, 150.121379, 1.000000, -1.#QNAN0
3060.743611, 150.056521, 1.000000, -1.#QNAN0
3060.773042, 149.991663, 1.000000, -1.#QNAN0
3060.802472, 149.926805, 1.000000, -1.#QNAN0
3060.955053, 149.561830, 1.000000, -1.#QNAN0
3060.984484, 149.496972, 1.000000, -1.#QNAN0
3061.003105, 149.427209, 1.000000, -1.#QNAN0
3061.021726, 149.357446, 1.000000, -1.#QNAN0
3061.051157, 149.292588, 1.000000, -1.#QNAN0
3061.213690, 148.934407, 1.000000, -1.#QNAN0
3061.243121, 148.869549, 1.000000, -1.#QNAN0
3061.272551, 148.804692, 1.000000, -1.#QNAN0
3061.312792, 148.744739, 1.000000, -1.#QNAN0
3061.474469, 148.388443, 1.000000, -1.#QNAN0
3061.503900, 148.323585, 1.000000, -1.#QNAN0
3061.533331, 148.258728, 1.000000, -1.#QNAN0
3061.562762, 148.193870, 1.000000, -1.#QNAN0
3061.603002, 148.133917, 1.000000, -1.#QNAN0
3061.763826, 147.779501, 1.000000, -1.#QNAN0
3061.793257, 147.714644, 1.000000, -1.#QNAN0
3061.822688, 147.649786, 1.000000, -1.#QNAN0
3061.852119, 147.584928, 1.000000, -1.#QNAN0
3062.012093, 147.232387, 1.000000, -1.#QNAN0
3062.041523, 147.167529, 1.000000, -1.#QNAN0
3062.070954, 147.102671, 1.000000, -1.#QNAN0
3062.100385, 147.037813, 1.000000, -1.#QNAN0
3062.129816, 146.972955, 1.000000, -1.#QNAN0
3062.288941, 146.622285, 1.000000, -1.#QNAN0
3062.318372, 146.557427, 1.000000, -1.#QNAN0
3062.347802, 146.492569, 1.000000, -1.#QNAN0
3062.377233, 146.427711, 1.000000, -1.#QNAN0
3062.536349, 146.077060, 1.000000, -1.#QNAN0
3062.565780, 146.012202, 1.000000, -1.#QNAN0
3062.595211, 145.947344, 1.000000, -1.#QNAN0
3062.624642, 145.882486, 1.000000, -1.#QNAN0
3062.654073, 145.817628, 1.000000, -1.#QNAN0
3062.823999, 145.471881, 1.000000, -1.#QNAN0
3062.853430, 145.407023, 1.000000, -1.#QNAN0
3062.882861, 145.342165, 1.000000, -1.#QNAN0
3062.912291, 145.277308, 1.000000, -1.#QNAN0
3063.060598, 144.921751, 1.000000, -1.#QNAN0
3063.090029, 144.856893, 1.000000, -1.#QNAN0
3063.119460, 144.792035, 1.000000, -1.#QNAN0
3063.148890, 144.727177, 1.000000, -1.#QNAN0
3063.167512, 144.657414, 1.000000, -1.#QNAN0
3063.326628, 144.306763, 1.000000, -1.#QNAN0
3063.356059, 144.241905, 1.000000, -1.#QNAN0
3063.374680, 144.172142, 1.000000, -1.#QNAN0
3063.404111, 144.107284, 1.000000, -1.#QNAN0
3063.563227, 143.756632, 1.000000, -1.#QNAN0
3063.592658, 143.691774, 1.000000, -1.#QNAN0
3063.622089, 143.626916, 1.000000, -1.#QNAN0
3063.651520, 143.562058, 1.000000, -1.#QNAN0
3063.680951, 143.497200, 1.000000, -1.#QNAN0
3063.840787, 143.143847, 1.000000, -1.#QNAN0
3063.859320, 143.074061, 1.000000, -1.#QNAN0
3063.888668, 143.009165, 1.000000, -1.#QNAN0
3063.918016, 142.944270, 1.000000, -1.#QNAN0
3064.078308, 142.587645, 1.000000, -1.#QNAN0
3064.107478, 142.522669, 1.000000, -1.#QNAN0
3064.147477, 142.462556, 1.000000, -1.#QNAN0
3064.176648, 142.397580, 1.000000, -1.#QNAN0
3064.205818, 142.332605, 1.000000, -1.#QNAN0
3064.354235, 141.970550, 1.000000, -1.#QNAN0
3064.383224, 141.905493, 1.000000, -1.#QNAN0
3064.412213, 141.840436, 1.000000, -1.#QNAN0
3064.441202, 141.775380, 1.000000, -1.#QNAN0
3064.599558, 141.417728, 1.000000, -1.#QNAN0
3064.628364, 141.352591, 1.000000, -1.#QNAN0
3064.657170, 141.287453, 1.000000, -1.#QNAN0
3064.685976, 141.222315, 1.000000, -1.#QNAN0
3064.714782, 141.157177, 1.000000, -1.#QNAN0
3064.872055, 140.798983, 1.000000, -1.#QNAN0
3064.889806, 140.728993, 1.000000, -1.#QNAN0
3064.918426, 140.663774, 1.000000, -1.#QNAN0
3064.947047, 140.598554, 1.000000, -1.#QNAN0
3065.103397, 140.239928, 1.000000, -1.#QNAN0
3065.131830, 140.174626, 1.000000, -1.#QNAN0
3065.160264, 140.109325, 1.000000, -1.#QNAN0
3065.199581, 140.048763, 1.000000, -1.#QNAN0
3065.228015, 139.983462, 1.000000, -1.#QNAN0
3065.383269, 139.624257, 1.000000, -1.#QNAN0
3065.422410, 139.563581, 1.000000, -1.#QNAN0
3065.450655, 139.498198, 1.000000, -1.#QNAN0
3065.478899, 139.432815, 1.000000, -1.#QNAN0
3065.632607, 139.075510, 1.000000, -1.#QNAN0
3065.660734, 139.010076, 1.000000, -1.#QNAN0
3065.688861, 138.944642, 1.000000, -1.#QNAN0
3065.716988, 138.879209, 1.000000, -1.#QNAN0
3065.734209, 138.809087, 1.000000, -1.#QNAN0
3065.886286, 138.455283, 1.000000, -1.#QNAN0
3065.903506, 138.385161, 1.000000, -1.#QNAN0
3065.942537, 138.324414, 1.000000, -1.#QNAN0
3065.970663, 138.258980, 1.000000, -1.#QNAN0
3066.111818, 137.900524, 1.000000, -1.#QNAN0
3066.139944, 137.835089, 1.000000, -1.#QNAN0
3066.157164, 137.764967, 1.000000, -1.#QNAN0
3066.185289, 137.699533, 1.000000, -1.#QNAN0
3066.202509, 137.629411, 1.000000, -1.#QNAN0
3066.365476, 137.280331, 1.000000, -1.#QNAN0
3066.393602, 137.214896, 1.000000, -1.#QNAN0
3066.432633, 137.154149, 1.000000, -1.#QNAN0
3066.471665, 137.093403, 1.000000, -1.#QNAN0
3066.623725, 136.739634, 1.000000, -1.#QNAN0
3066.651851, 136.674199, 1.000000, -1.#QNAN0
3066.679977, 136.608765, 1.000000, -1.#QNAN0
3066.708103, 136.543331, 1.000000, -1.#QNAN0
3066.725323, 136.473209, 1.000000, -1.#QNAN0
3066.877383, 136.119440, 1.000000, -1.#QNAN0
3066.905509, 136.054006, 1.000000, -1.#QNAN0
3066.922729, 135.983884, 1.000000, -1.#QNAN0
3066.950855, 135.918450, 1.000000, -1.#QNAN0
3067.102916, 135.564682, 1.000000, -1.#QNAN0
3067.131041, 135.499247, 1.000000, -1.#QNAN0
3067.159167, 135.433813, 1.000000, -1.#QNAN0
3067.187293, 135.368378, 1.000000, -1.#QNAN0
3067.204513, 135.298256, 1.000000, -1.#QNAN0
3067.356574, 134.944488, 1.000000, -1.#QNAN0
3067.384700, 134.879053, 1.000000, -1.#QNAN0
3067.412825, 134.813619, 1.000000, -1.#QNAN0
3067.440951, 134.748184, 1.000000, -1.#QNAN0
3067.593012, 134.394416, 1.000000, -1.#QNAN0
3067.621137, 134.328982, 1.000000, -1.#QNAN0
3067.660169, 134.268235, 1.000000, -1.#QNAN0
3067.688295, 134.202801, 1.000000, -1.#QNAN0
3067.716420, 134.137366, 1.000000, -1.#QNAN0
3067.868481, 133.783598, 1.000000, -1.#QNAN0
3067.896607, 133.718164, 1.000000, -1.#QNAN0
3067.913827, 133.648042, 1.000000, -1.#QNAN0
3067.952858, 133.587295, 1.000000, -1.#QNAN0
3068.104919, 133.233526, 1.000000, -1.#QNAN0
3068.122139, 133.163404, 1.000000, -1.#QNAN0
3068.150265, 133.097970, 1.000000, -1.#QNAN0
3068.167485, 133.027848, 1.000000, -1.#QNAN0
3068.195611, 132.962413, 1.000000, -1.#QNAN0
3068.345986, 132.612566, 1.000000, -1.#QNAN0
3068.385018, 132.551819, 1.000000, -1.#QNAN0
3068.413143, 132.486385, 1.000000, -1.#QNAN0
3068.452175, 132.425638, 1.000000, -1.#QNAN0
3068.600479, 132.080610, 1.000000, -1.#QNAN0
3068.628605, 132.015175, 1.000000, -1.#QNAN0
3068.645825, 131.945053, 1.000000, -1.#QNAN0
3068.673951, 131.879619, 1.000000, -1.#QNAN0
3068.702076, 131.814185, 1.000000, -1.#QNAN0
3068.863913, 131.467731, 1.000000, -1.#QNAN0
3068.892039, 131.402297, 1.000000, -1.#QNAN0
3068.931071, 131.341550, 1.000000, -1.#QNAN0
3068.959196, 131.276116, 1.000000, -1.#QNAN0
3069.097172, 130.925058, 1.000000, -1.#QNAN0
3069.125297, 130.859623, 1.000000, -1.#QNAN0
3069.153423, 130.794189, 1.000000, -1.#QNAN0
3069.181549, 130.728754, 1.000000, -1.#QNAN0
3069.209675, 130.663320, 1.000000, -1.#QNAN0
3069.356517, 130.321692, 1.000000, -1.#QNAN0
3069.384643, 130.256258, 1.000000, -1.#QNAN0
3069.412768, 130.190823, 1.000000, -1.#QNAN0
3069.440894, 130.125389, 1.000000, -1.#QNAN0
3069.585709, 129.788478, 1.000000, -1.#QNAN0
3069.613835, 129.723043, 1.000000, -1.#QNAN0
3069.652867, 129.662296, 1.000000, -1.#QNAN0
3069.680992, 129.596862, 1.000000, -1.#QNAN0
3069.828479, 129.253735, 1.000000, -1.#QNAN0
3069.856605, 129.188300, 1.000000, -1.#QNAN0
3069.884731, 129.122866, 1.000000, -1.#QNAN0
3069.901951, 129.052744, 1.000000, -1.#QNAN0
3070.049056, 128.710505, 1.000000, -1.#QNAN0
3070.066276, 128.640383, 1.000000, -1.#QNAN0
3070.094402, 128.574948, 1.000000, -1.#QNAN0
3070.122527, 128.509514, 1.000000, -1.#QNAN0
3070.139747, 128.439392, 1.000000, -1.#QNAN0
3070.286853, 128.097152, 1.000000, -1.#QNAN0
3070.314979, 128.031718, 1.000000, -1.#QNAN0
3070.343104, 127.966283, 1.000000, -1.#QNAN0
3070.360324, 127.896161, 1.000000, -1.#QNAN0
3070.496524, 127.549234, 1.000000, -1.#QNAN0
3070.513744, 127.479112, 1.000000, -1.#QNAN0
3070.541870, 127.413678, 1.000000, -1.#QNAN0
3070.569995, 127.348243, 1.000000, -1.#QNAN0
3070.706195, 127.001317, 1.000000, -1.#QNAN0
3070.734321, 126.935882, 1.000000, -1.#QNAN0
3070.751541, 126.865760, 1.000000, -1.#QNAN0
3070.779666, 126.800326, 1.000000, -1.#QNAN0
3070.926772, 126.458086, 1.000000, -1.#QNAN0
3070.954898, 126.392652, 1.000000, -1.#QNAN0
3070.993929, 126.331905, 1.000000, -1.#QNAN0
3071.022055, 126.266470, 1.000000, -1.#QNAN0
3071.169160, 125.924231, 1.000000, -1.#QNAN0
3071.197286, 125.858797, 1.000000, -1.#QNAN0
3071.214506, 125.788675, 1.000000, -1.#QNAN0
3071.242632, 125.723240, 1.000000, -1.#QNAN0
3071.391927, 125.372512, 1.000000, -1.#QNAN0
3071.408851, 125.302318, 1.000000, -1.#QNAN0
3071.436700, 125.236765, 1.000000, -1.#QNAN0
3071.464549, 125.171213, 1.000000, -1.#QNAN0
3071.492399, 125.105660, 1.000000, -1.#QNAN0
3071.640709, 124.750855, 1.000000, -1.#QNAN0
3071.668171, 124.685139, 1.000000, -1.#QNAN0
3071.695633, 124.619423, 1.000000, -1.#QNAN0
3071.723095, 124.553708, 1.000000, -1.#QNAN0
3071.869541, 124.197297, 1.000000, -1.#QNAN0
3071.896590, 124.131410, 1.000000, -1.#QNAN0
3071.923640, 124.065523, 1.000000, -1.#QNAN0
3071.961670, 124.004145, 1.000000, -1.#QNAN0
3072.106044, 123.646456, 1.000000, -1.#QNAN0
3072.132669, 123.580397, 1.000000, -1.#QNAN0
3072.159294, 123.514337, 1.000000, -1.#QNAN0
3072.185918, 123.448278, 1.000000, -1.#QNAN0
3072.339171, 123.093726, 1.000000, -1.#QNAN0
3072.365359, 123.027492, 1.000000, -1.#QNAN0
3072.391547, 122.961259, 1.000000, -1.#QNAN0
3072.417735, 122.895025, 1.000000, -1.#QNAN0
3072.557753, 122.534788, 1.000000, -1.#QNAN0
3072.572424, 122.464089, 1.000000, -1.#QNAN0
3072.598163, 122.397680, 1.000000, -1.#QNAN0
3072.623902, 122.331270, 1.000000, -1.#QNAN0
3072.761601, 121.969845, 1.000000, -1.#QNAN0
3072.786878, 121.903259, 1.000000, -1.#QNAN0
3072.812156, 121.836672, 1.000000, -1.#QNAN0
3072.837433, 121.770086, 1.000000, -1.#QNAN0
3072.851613, 121.699286, 1.000000, -1.#QNAN0
3072.985124, 121.343892, 1.000000, -1.#QNAN0
3073.021281, 121.281392, 1.000000, -1.#QNAN0
3073.057438, 121.218892, 1.000000, -1.#QNAN0
3073.093596, 121.156392, 1.000000, -1.#QNAN0
3073.224788, 120.806610, 1.000000, -1.#QNAN0
3073.260913, 120.744092, 1.000000, -1.#QNAN0
3073.285924, 120.677405, 1.000000, -1.#QNAN0
3073.310935, 120.610718, 1.000000, -1.#QNAN0
3073.452863, 120.266095, 1.000000, -1.#QNAN0
3073.477874, 120.199408, 1.000000, -1.#QNAN0
3073.502885, 120.132721, 1.000000, -1.#QNAN0
3073.527896, 120.066034, 1.000000, -1.#QNAN0
3073.658710, 119.717242, 1.000000, -1.#QNAN0
3073.694835, 119.654724, 1.000000, -1.#QNAN0
3073.719846, 119.588037, 1.000000, -1.#QNAN0
3073.744857, 119.521349, 1.000000, -1.#QNAN0
3073.875671, 119.172559, 1.000000, -1.#QNAN0
3073.900682, 119.105871, 1.000000, -1.#QNAN0
3073.925693, 119.039184, 1.000000, -1.#QNAN0
3073.950704, 118.972497, 1.000000, -1.#QNAN0
3074.081517, 118.623706, 1.000000, -1.#QNAN0
3074.106528, 118.557019, 1.000000, -1.#QNAN0
3074.131539, 118.490332, 1.000000, -1.#QNAN0
3074.156550, 118.423645, 1.000000, -1.#QNAN0
3074.181561, 118.356958, 1.000000, -1.#QNAN0
3074.323489, 118.012335, 1.000000, -1.#QNAN0
3074.348500, 117.945648, 1.000000, -1.#QNAN0
3074.362397, 117.874792, 1.000000, -1.#QNAN0
3074.387408, 117.808105, 1.000000, -1.#QNAN0
3074.507107, 117.455146, 1.000000, -1.#QNAN0
3074.532118, 117.388458, 1.000000, -1.#QNAN0
3074.546014, 117.317603, 1.000000, -1.#QNAN0
3074.571025, 117.250916, 1.000000, -1.#QNAN0
3074.701839, 116.902125, 1.000000, -1.#QNAN0
3074.715735, 116.831269, 1.000000, -1.#QNAN0
3074.740746, 116.764582, 1.000000, -1.#QNAN0
3074.754643, 116.693726, 1.000000, -1.#QNAN0
3074.885456, 116.344935, 1.000000, -1.#QNAN0
3074.899353, 116.274079, 1.000000, -1.#QNAN0
3074.913249, 116.203224, 1.000000, -1.#QNAN0
3074.938260, 116.136537, 1.000000, -1.#QNAN0
3075.069074, 115.787746, 1.000000, -1.#QNAN0
3075.105199, 115.725227, 1.000000, -1.#QNAN0
3075.130210, 115.658540, 1.000000, -1.#QNAN0
3075.166336, 115.596021, 1.000000, -1.#QNAN0
3075.297162, 115.247196, 1.000000, -1.#QNAN0
3075.322173, 115.180509, 1.000000, -1.#QNAN0
3075.347184, 115.113822, 1.000000, -1.#QNAN0
3075.372195, 115.047134, 1.000000, -1.#QNAN0
3075.397206, 114.980447, 1.000000, -1.#QNAN0
3075.516956, 114.627353, 1.000000, -1.#QNAN0
3075.541967, 114.560666, 1.000000, -1.#QNAN0
3075.566978, 114.493979, 1.000000, -1.#QNAN0
3075.591989, 114.427292, 1.000000, -1.#QNAN0
3075.734011, 114.082418, 1.000000, -1.#QNAN0
3075.759022, 114.015731, 1.000000, -1.#QNAN0
3075.784033, 113.949044, 1.000000, -1.#QNAN0
3075.809044, 113.882357, 1.000000, -1.#QNAN0
3075.928888, 113.529012, 1.000000, -1.#QNAN0
3075.953899, 113.462325, 1.000000, -1.#QNAN0
3075.978909, 113.395638, 1.000000, -1.#QNAN0
3076.003920, 113.328950, 1.000000, -1.#QNAN0
3076.146051, 112.983789, 1.000000, -1.#QNAN0
3076.171062, 112.917102, 1.000000, -1.#QNAN0
3076.196073, 112.850415, 1.000000, -1.#QNAN0
3076.221084, 112.783727, 1.000000, -1.#QNAN0
3076.341049, 112.430059, 1.000000, -1.#QNAN0
3076.366060, 112.363372, 1.000000, -1.#QNAN0
3076.391071, 112.296685, 1.000000, -1.#QNAN0
3076.416081, 112.229998, 1.000000, -1.#QNAN0
3076.536117, 111.876141, 1.000000, -1.#QNAN0
3076.550014, 111.805285, 1.000000, -1.#QNAN0
3076.563910, 111.734430, 1.000000, -1.#QNAN0
3076.588921, 111.667743, 1.000000, -1.#QNAN0
3076.625046, 111.605224, 1.000000, -1.#QNAN0
3076.756242, 111.255414, 1.000000, -1.#QNAN0
3076.781253, 111.188727, 1.000000, -1.#QNAN0
3076.806264, 111.122040, 1.000000, -1.#QNAN0
3076.820161, 111.051184, 1.000000, -1.#QNAN0
3076.951356, 110.701374, 1.000000, -1.#QNAN0
3076.976367, 110.634687, 1.000000, -1.#QNAN0
3077.012493, 110.572169, 1.000000, -1.#QNAN0
3077.037504, 110.505482, 1.000000, -1.#QNAN0
3077.168699, 110.155672, 1.000000, -1.#QNAN0
3077.193710, 110.088985, 1.000000, -1.#QNAN0
3077.218721, 110.022298, 1.000000, -1.#QNAN0
3077.243732, 109.955611, 1.000000, -1.#QNAN0
3077.374928, 109.605801, 1.000000, -1.#QNAN0
3077.399939, 109.539113, 1.000000, -1.#QNAN0
3077.424950, 109.472426, 1.000000, -1.#QNAN0
3077.438846, 109.401571, 1.000000, -1.#QNAN0
3077.570042, 109.051761, 1.000000, -1.#QNAN0
3077.595053, 108.985074, 1.000000, -1.#QNAN0
3077.608949, 108.914218, 1.000000, -1.#QNAN0
3077.645075, 108.851700, 1.000000, -1.#QNAN0
3077.776271, 108.501890, 1.000000, -1.#QNAN0
3077.801281, 108.435203, 1.000000, -1.#QNAN0
3077.826292, 108.368516, 1.000000, -1.#QNAN0
3077.851303, 108.301829, 1.000000, -1.#QNAN0
3077.876314, 108.235142, 1.000000, -1.#QNAN0
3078.008026, 107.882413, 1.000000, -1.#QNAN0
3012.067822, 215.945007, 1.000000, 0.000000
3012.112953, 215.889908, 1.000000, 0.000000
3012.167268, 215.842331, 1.000000, 0.000000
3012.212399, 215.787232, 1.000000, 0.000000
3012.463973, 215.480098, 1.000000, 0.000000
3012.499921, 215.417477, 1.000000, 0.000000
3012.554235, 215.369900, 1.000000, 0.000000
3012.608550, 215.322323, 1.000000, 0.000000
3012.662864, 215.274746, 1.000000, 0.000000
3012.914438, 214.967612, 1.000000, 0.000000
3012.959569, 214.912513, 1.000000, 0.000000
3013.004701, 214.857414, 1.000000, 0.000000
3013.049832, 214.802315, 1.000000, 0.000000
3013.076597, 214.732173, 1.000000, 0.000000
3013.318988, 214.417516, 0.000000, 0.000000
3013.364120, 214.362417, 0.000000, 0.000000
3013.409251, 214.307318, 0.000000, 0.000000
3013.454382, 214.252219, 0.000000, 0.000000
3013.705956, 213.945085, 0.000000, 0.000000
3013.751087, 213.889986, 0.000000, 0.000000
3013.796219, 213.834887, 0.000000, 0.000000
3013.841350, 213.779788, 0.000000, 0.000000
3013.886482, 213.724689, 0.000000, 0.000000
3014.139184, 213.416177, 0.000000, 0.000000
3014.184315, 213.361078, 0.000000, 0.000000
3014.229447, 213.305979, 0.000000, 0.000000
3014.274578, 213.250880, 0.000000, 0.000000
3014.319710, 213.195781, 0.000000, 0.000000
3014.583367, 212.892628, 0.000000, 0.000000
3014.628498, 212.837529, 0.000000, 0.000000
3014.673630, 212.782430, 0.000000, 0.000000
3014.718761, 212.727331, 0.000000, 0.000000
3014.975014, 212.414483, 0.000000, 0.000000
3015.020146, 212.359384, 0.000000, 0.000000
3015.065277, 212.304286, 0.000000, 0.000000
3015.110408, 212.249187, 0.000000, 0.000000
3015.155540, 212.194088, 0.000000, 0.000000
3015.413581, 211.879057, 0.000000, 0.000000
3015.458713, 211.823958, 0.000000, 0.000000
3015.503844, 211.768859, 0.000000, 0.000000
3015.548975, 211.713761, 0.000000, 0.000000
3015.594107, 211.658662, 0.000000, 0.000000
3015.846423, 211.350620, 0.000000, 0.000000
3015.891555, 211.295521, 0.000000, 0.000000
3015.936686, 211.240423, 0.000000, 0.000000
3015.981818, 211.185324, 0.000000, 0.000000
3016.235939, 210.875079, 0.000000, 0.000000
3016.281070, 210.819980, 0.000000, 0.000000
3016.326201, 210.764881, 0.000000, 0.000000
3016.371333, 210.709783, 0.000000, 0.000000
3016.416464, 210.654684, 0.000000, 0.000000
3016.672398, 210.342226, 0.000000, 0.000000
3016.717530, 210.287127, 0.000000, 0.000000
3016.762661, 210.232028, 0.000000, 0.000000
3016.807792, 210.176929, 0.000000, 0.000000
3016.852924, 210.121830, 0.000000, 0.000000
3017.118696, 209.816094, 0.000000, 0.000000
3017.163827, 209.760996, 0.000000, 0.000000
3017.208959, 209.705897, 0.000000, 0.000000
3017.254090, 209.650798, 0.000000, 0.000000
3017.299222, 209.595699, 0.000000, 0.000000
3017.555810, 209.282442, 0.000000, 0.000000
3017.600942, 209.227343, 0.000000, 0.000000
3017.646073, 209.172244, 0.000000, 0.000000
3017.691205, 209.117145, 0.000000, 0.000000
3017.736336, 209.062047, 0.000000, 0.000000
3017.992925, 208.748789, 0.000000, 0.000000
3018.038056, 208.693690, 0.000000, 0.000000
3018.083188, 208.638591, 0.000000, 0.000000
3018.128319, 208.583493, 0.000000, 0.000000
3018.173450, 208.528394, 0.000000, 0.000000
3018.430039, 208.215136, 0.000000, 0.000000
3018.475171, 208.160037, 0.000000, 0.000000
3018.520302, 208.104938, 0.000000, 0.000000
3018.565433, 208.049840, 0.000000, 0.000000
3018.821578, 207.736963, 0.000000, 0.000000
3018.866693, 207.681851, 0.000000, 0.000000
3018.911809, 207.626739, 0.000000, 0.000000
3018.956924, 207.571627, 0.000000, 0.000000
3019.002039, 207.516514, 0.000000, 0.000000
3019.253689, 207.207303, 0.000000, 0.000000
3019.298627, 207.152046, 0.000000, 0.000000
3019.343564, 207.096789, 0.000000, 0.000000
3019.388502, 207.041533, 0.000000, 0.000000
3019.442649, 206.993765, 0.000000, 0.000000
3019.691153, 206.685513, 0.000000, 0.000000
3019.735834, 206.630048, 0.000000, 0.000000
3019.780514, 206.574583, 0.000000, 0.000000
3019.825195, 206.519118, 0.000000, 0.000000
3019.869876, 206.463654, 0.000000, 0.000000
3020.116990, 206.154143, 0.000000, 0.000000
3020.161416, 206.098474, 0.000000, 0.000000
3020.205842, 206.042805, 0.000000, 0.000000
3020.250268, 205.987135, 0.000000, 0.000000
3020.294694, 205.931466, 0.000000, 0.000000
3020.540431, 205.620719, 0.000000, 0.000000
3020.584605, 205.564849, 0.000000, 0.000000
3020.628778, 205.508979, 0.000000, 0.000000
3022.190743, 206.653158, -1.000000, 0.000000
3020.726437, 205.404602, 1.000000, 0.000000
3020.970842, 205.092598, 1.000000, 0.000000
3021.014766, 205.036531, 1.000000, 0.000000
3021.068034, 204.987785, 1.000000, 0.000000
3021.111957, 204.931719, 1.000000, 0.000000
3021.355288, 204.618674, 1.000000, 0.000000
3021.398964, 204.562414, 1.000000, 0.000000
3021.442639, 204.506154, 1.000000, 0.000000
3021.486315, 204.449894, 1.000000, 0.000000
3021.529991, 204.393634, 1.000000, 0.000000
3021.772776, 204.078699, 1.000000, 0.000000
3021.816237, 204.022274, 1.000000, 0.000000
3021.859699, 203.965848, 1.000000, 0.000000
3021.903160, 203.909422, 1.000000, 0.000000
3021.946621, 203.852997, 1.000000, 0.000000
3022.191893, 203.533806, 1.000000, 0.000000
3022.235284, 203.477326, 1.000000, 0.000000
3022.278675, 203.420847, 1.000000, 0.000000
3022.322065, 203.364367, 1.000000, 0.000000
3022.365456, 203.307887, 1.000000, 0.000000
3022.612148, 202.986779, 1.000000, 0.000000
3022.655538, 202.930299, 1.000000, 0.000000
3022.698929, 202.873819, 1.000000, 0.000000
3022.742320, 202.817339, 1.000000, 0.000000
3022.785710, 202.760859, 1.000000, 0.000000
3023.022989, 202.432519, 1.000000, 0.000000
3023.066379, 202.376039, 1.000000, 0.000000
3023.109770, 202.319559, 1.000000, 0.000000
3023.153161, 202.263080, 1.000000, 0.000000
3023.196551, 202.206600, 1.000000, 0.000000
3023.443244, 201.885491, 1.000000, 0.000000
3023.486634, 201.829011, 1.000000, 0.000000
3023.530025, 201.772531, 1.000000, 0.000000
3023.564002, 201.708820, 1.000000, 0.000000
3023.810694, 201.387711, 1.000000, 0.000000
3023.854085, 201.331232, 1.000000, 0.000000
3023.897475, 201.274752, 1.000000, 0.000000
3023.940866, 201.218272, 1.000000, 0.000000
3023.974843, 201.154560, 1.000000, 0.000000
3024.221535, 200.833452, 1.000000, 0.000000
3024.264926, 200.776972, 1.000000, 0.000000
3024.308316, 200.720492, 1.000000, 0.000000
3024.351707, 200.664012, 1.000000, 0.000000
3024.395098, 200.607533, 1.000000, 0.000000
3024.641790, 200.286424, 1.000000, 0.000000
3024.685180, 200.229944, 1.000000, 0.000000
3024.728571, 200.173464, 1.000000, 0.000000
3024.781375, 200.124216, 1.000000, 0.000000
3024.824766, 200.067736, 1.000000, 0.000000
3025.062044, 199.739396, 0.000000, 0.000000
3025.105435, 199.682916, 0.000000, 0.000000
3025.148826, 199.626436, 0.000000, 0.000000
3025.192216, 199.569957, 0.000000, 0.000000
3025.235607, 199.513477, 0.000000, 0.000000
3025.482299, 199.192368, 0.000000, 0.000000
3025.525689, 199.135889, 0.000000, 0.000000
3025.569080, 199.079409, 0.000000, 0.000000
3025.612471, 199.022929, 0.000000, 0.000000
3025.655861, 198.966449, 0.000000, 0.000000
3025.902553, 198.645340, 0.000000, 0.000000
3025.945944, 198.588860, 0.000000, 0.000000
3025.989335, 198.532381, 0.000000, 0.000000
3026.032725, 198.475901, 0.000000, 0.000000
3026.279355, 198.154873, 0.000000, 0.000000
3026.322746, 198.098393, 0.000000, 0.000000
3026.366137, 198.041913, 0.000000, 0.000000
3026.409527, 197.985433, 0.000000, 0.000000
3026.452918, 197.928953, 0.000000, 0.000000
3026.706922, 197.617812, 0.000000, 0.000000
3026.750312, 197.561332, 0.000000, 0.000000
3026.793703, 197.504852, 0.000000, 0.000000
3026.837094, 197.448373, 0.000000, 0.000000
3026.880484, 197.391893, 0.000000, 0.000000
3027.123075, 197.076122, 0.000000, 0.000000
3027.166466, 197.019642, 0.000000, 0.000000
3027.209857, 196.963162, 0.000000, 0.000000
3027.253247, 196.906683, 0.000000, 0.000000
3027.296638, 196.850203, 0.000000, 0.000000
3027.544502, 196.527569, 0.000000, 0.000000
3027.587893, 196.471089, 0.000000, 0.000000
3027.631283, 196.414609, 0.000000, 0.000000
3027.674674, 196.358129, 0.000000, 0.000000
3027.718064, 196.301649, 0.000000, 0.000000
3027.964011, 195.981511, 0.000000, 0.000000
3028.007402, 195.925031, 0.000000, 0.000000
3028.050792, 195.868552, 0.000000, 0.000000
3028.094183, 195.812072, 0.000000, 0.000000
3028.338254, 195.494375, 0.000000, 0.000000
3028.381644, 195.437895, 0.000000, 0.000000
3028.425035, 195.381415, 0.000000, 0.000000
3028.468426, 195.324935, 0.000000, 0.000000
3028.511816, 195.268455, 0.000000, 0.000000
3028.754054, 194.953145, 0.000000, 0.000000
3028.797445, 194.896665, 0.000000, 0.000000
3028.840835, 194.840185, 0.000000, 0.000000
3028.884226, 194.783705, 0.000000, 0.000000
3028.927617, 194.727226, 0.000000, 0.000000
3029.168117, 194.414176, 0.000000, 0.000000
3029.211508, 194.357696, 0.000000, 0.000000
3029.254898, 194.301217, 0.000000, 0.000000
3029.298289, 194.244737, 0.000000, 0.000000
3029.538790, 193.931687, 0.000000, 0.000000
3029.582180, 193.875207, 0.000000, 0.000000
3029.625571, 193.818727, 0.000000, 0.000000
3029.668962, 193.762247, 0.000000, 0.000000
3029.712352, 193.705768, 0.000000, 0.000000
3029.952853, 193.392718, 0.000000, 0.000000
3029.996243, 193.336238, 0.000000, 0.000000
3030.049047, 193.286990, 0.000000, 0.000000
3030.092438, 193.230511, 0.000000, 0.000000
3030.135829, 193.174031, 0.000000, 0.000000
3030.376329, 192.860981, 0.000000, 0.000000
3030.419720, 192.804501, 0.000000, 0.000000
3030.463110, 192.748022, 0.000000, 0.000000
3030.506501, 192.691542, 0.000000, 0.000000
3030.747002, 192.378492, 0.000000, 0.000000
3030.790393, 192.322012, 0.000000, 0.000000
3030.833783, 192.265532, 0.000000, 0.000000
3030.877174, 192.209053, 0.000000, 0.000000
3030.920565, 192.152573, 0.000000, 0.000000
3031.160663, 191.839879, 0.000000, 0.000000
3031.204039, 191.783388, 0.000000, 0.000000
3031.247414, 191.726896, 0.000000, 0.000000
3031.290789, 191.670404, 0.000000, 0.000000
3031.334164, 191.613912, 0.000000, 0.000000
3031.561464, 191.312253, 0.000000, 0.000000
3031.604337, 191.255379, 0.000000, 0.000000
3031.647209, 191.198505, 0.000000, 0.000000
3031.690082, 191.141630, 1.000000, 0.000000
3031.913943, 190.839248, 1.000000, 0.000000
3031.965813, 190.789017, 1.000000, 0.000000
3032.055872, 190.767001, 1.000000, 0.000000
3032.098195, 190.709716, 1.000000, 0.000000
3032.140517, 190.652432, 1.000000, 0.000000
3032.361477, 190.347399, 1.000000, 0.000000
3032.403238, 190.289704, 1.000000, 0.000000
3032.444998, 190.232008, 1.000000, 0.000000
3032.486758, 190.174312, 1.000000, 0.000000
3032.528518, 190.116616, 1.000000, 0.000000
3032.746100, 189.809485, 1.000000, 0.000000
3032.787286, 189.751378, 1.000000, 0.000000
3032.828472, 189.693270, 1.000000, 0.000000
3032.869658, 189.635163, 1.000000, 0.000000
3033.084379, 189.326345, 1.000000, 0.000000
3033.124978, 189.267827, 1.000000, 0.000000
3033.165578, 189.209308, 1.000000, 0.000000
3033.206177, 189.150790, 1.000000, 0.000000
3033.246776, 189.092271, 1.000000, 0.000000
3033.457993, 188.781361, 1.000000, 0.000000
3033.497994, 188.722431, 1.000000, 0.000000
3033.537994, 188.663501, 1.000000, 0.000000
3033.577994, 188.604572, 1.000000, 0.000000
3033.617995, 188.545642, 1.000000, 0.000000
3033.825980, 188.232310, 1.000000, 0.000000
3033.865384, 188.172980, 1.000000, 0.000000
3033.904788, 188.113650, 1.000000, 0.000000
3033.944191, 188.054320, 1.000000, 0.000000
3034.159987, 187.728157, 1.000000, 0.000000
3034.199273, 187.668749, 1.000000, 0.000000
3034.238559, 187.609341, 1.000000, 0.000000
3034.277845, 187.549932, 1.000000, 0.000000
3034.317131, 187.490524, 1.000000, 0.000000
3034.534879, 187.161245, 1.000000, 0.000000
3034.574165, 187.101837, 1.000000, 0.000000
3034.623353, 187.048976, 1.000000, 0.000000
3034.662639, 186.989568, 1.000000, 0.000000
3034.701925, 186.930160, 1.000000, 0.000000
3034.919673, 186.600881, 1.000000, 0.000000
3034.958959, 186.541472, 1.000000, 0.000000
3034.998245, 186.482064, 1.000000, 0.000000
3035.037531, 186.422656, 1.000000, 0.000000
3035.255279, 186.093376, 1.000000, 0.000000
3035.284664, 186.027420, 1.000000, 0.000000
3035.284344, 185.941822, 1.000000, 0.000000
3035.323630, 185.882413, 1.000000, 0.000000
3035.353015, 185.816457, 1.000000, 0.000000
3035.550961, 185.474083, 0.000000, 0.000000
3035.590247, 185.414675, 0.000000, 0.000000
3035.629532, 185.355266, 0.000000, 0.000000
3035.668818, 185.295858, 0.000000, 0.000000
3035.718006, 185.242998, 0.000000, 0.000000
3035.935754, 184.913718, 0.000000, 0.000000
3035.975040, 184.854310, 0.000000, 0.000000
3036.014326, 184.794902, 0.000000, 0.000000
3036.053612, 184.735494, 0.000000, 0.000000
3036.271361, 184.406214, 0.000000, 0.000000
3036.310647, 184.346806, 0.000000, 0.000000
3036.349932, 184.287398, 0.000000, 0.000000
3036.389218, 184.227989, 0.000000, 0.000000
3036.438406, 184.175129, 0.000000, 0.000000
3036.656154, 183.845850, 0.000000, 0.000000
3036.695440, 183.786441, 0.000000, 0.000000
3036.734726, 183.727033, 0.000000, 0.000000
3036.774012, 183.667625, 0.000000, 0.000000
3036.813298, 183.608217, 0.000000, 0.000000
3037.031046, 183.278938, 0.000000, 0.000000
3037.070332, 183.219529, 0.000000, 0.000000
3037.109618, 183.160121, 0.000000, 0.000000
3037.158805, 183.107261, 0.000000, 0.000000
3037.376554, 182.777981, 0.000000, 0.000000
3037.415840, 182.718573, 0.000000, 0.000000
3037.455126, 182.659164, 0.000000, 0.000000
3037.494412, 182.599756, 0.000000, 0.000000
3037.533698, 182.540348, 0.000000, 0.000000
3037.751458, 182.211051, 0.000000, 0.000000
3037.790743, 182.151643, 0.000000, 0.000000
3037.830029, 182.092235, 0.000000, 0.000000
3037.879217, 182.039374, 0.000000, 0.000000
3037.918503, 181.979966, 0.000000, 0.000000
3038.136371, 181.650505, 0.000000, 0.000000
3038.175657, 181.591097, 0.000000, 0.000000
3038.214943, 181.531689, 0.000000, 0.000000
3038.254229, 181.472280, 0.000000, 0.000000
3038.472231, 181.142617, 0.000000, 0.000000
3038.511517, 181.083209, 0.000000, 0.000000
3038.550803, 181.023801, 0.000000, 0.000000
3038.599991, 180.970940, 0.000000, 0.000000
3038.639276, 180.911532, 0.000000, 0.000000
3038.857436, 180.581631, 0.000000, 0.000000
3038.896722, 180.522223, 0.000000, 0.000000
3038.936008, 180.462815, 0.000000, 0.000000
3038.975294, 180.403407, 0.000000, 0.000000
3039.014580, 180.343998, 0.000000, 0.000000
3039.232920, 180.013823, 0.000000, 0.000000
3039.272206, 179.954415, 0.000000, 0.000000
3039.321394, 179.901554, 0.000000, 0.000000
3039.360680, 179.842146, 0.000000, 0.000000
3039.579227, 179.511659, 0.000000, 0.000000
3039.618512, 179.452251, 0.000000, 0.000000
3039.657798, 179.392843, 0.000000, 0.000000
3039.697084, 179.333435, 0.000000, 0.000000
3039.736370, 179.274027, 0.000000, 0.000000
3039.955147, 178.943193, 0.000000, 0.000000
3039.994433, 178.883784, 0.000000, 0.000000
3040.043620, 178.830924, 0.000000, 0.000000
3040.082906, 178.771516, 0.000000, 0.000000
3040.122192, 178.712107, 0.000000, 0.000000
3040.341190, 178.380938, 0.000000, 0.000000
3040.380476, 178.321529, 0.000000, 0.000000
3040.419762, 178.262121, 0.000000, 0.000000
3040.459048, 178.202713, 0.000000, 0.000000
3040.678047, 177.871543, 0.000000, 0.000000
3040.717333, 177.812134, 0.000000, 0.000000
3040.766520, 177.759274, 0.000000, 0.000000
3040.805806, 177.699866, 0.000000, 0.000000
3040.845092, 177.640458, 0.000000, 0.000000
3041.064091, 177.309288, 0.000000, 0.000000
3041.103377, 177.249880, 0.000000, 0.000000
3041.142663, 177.190471, 0.000000, 0.000000
3041.181948, 177.131063, 0.000000, 0.000000
3041.221234, 177.071655, 0.000000, 0.000000
3041.440233, 176.740485, 0.000000, 0.000000
3041.489420, 176.687625, 0.000000, 0.000000
3041.528706, 176.628216, 0.000000, 0.000000
3041.567992, 176.568808, 0.000000, 0.000000
3041.786991, 176.237638, 0.000000, 0.000000
3041.826277, 176.178230, 0.000000, 0.000000
3041.875464, 176.125369, 1.000000, 0.000000
3041.924652, 176.072509, 1.000000, 0.000000
3041.963937, 176.013100, 1.000000, 0.000000
3042.181871, 175.682991, 1.000000, 0.000000
3042.231015, 175.630090, 1.000000, 0.000000
3042.280159, 175.577189, 1.000000, 0.000000
3042.329303, 175.524289, 1.000000, 0.000000
3042.368541, 175.464848, 1.000000, 0.000000
3042.578171, 175.142323, 1.000000, 0.000000
3042.636897, 175.095551, 1.000000, 0.000000
3042.685670, 175.042308, 1.000000, 0.000000
3042.724491, 174.982595, 1.000000, 0.000000
3042.930781, 174.660132, 1.000000, 0.000000
3042.969110, 174.600102, 1.000000, 0.000000
3043.007440, 174.540072, 1.000000, 0.000000
3043.045769, 174.480043, 1.000000, 0.000000
3043.084099, 174.420013, 1.000000, 0.000000
3043.287582, 174.095752, 1.000000, 0.000000
3043.315361, 174.029104, 1.000000, 0.000000
3043.353197, 173.968762, 1.000000, 0.000000
3043.391033, 173.908420, 1.000000, 0.000000
3043.428869, 173.848079, 1.000000, 0.000000
3043.629484, 173.522126, 1.000000, 0.000000
3043.666825, 173.461477, 1.000000, 0.000000
3043.714274, 173.407051, 1.000000, 0.000000
3043.751615, 173.346401, 1.000000, 0.000000
3043.949952, 173.018920, 1.000000, 0.000000
3043.986796, 172.957967, 1.000000, 0.000000
3044.023640, 172.897014, 1.000000, 0.000000
3044.060484, 172.836061, 1.000000, 0.000000
3044.097328, 172.775108, 1.000000, 0.000000
3044.251997, 172.421669, 1.000000, 0.000000
3044.288342, 172.360418, 1.000000, 0.000000
3044.324688, 172.299166, 1.000000, 0.000000
3044.361033, 172.237915, 1.000000, 0.000000
3044.438212, 172.200893, 1.000000, 0.000000
3044.631879, 171.868911, 1.000000, 0.000000
3044.678027, 171.813377, 1.000000, 0.000000
3044.713923, 171.751862, 1.000000, 0.000000
3044.749819, 171.690346, 1.000000, 0.000000
3044.948625, 171.348881, 1.000000, 0.000000
3044.984452, 171.287325, 1.000000, 0.000000
3045.020280, 171.225770, 1.000000, 0.000000
3045.015071, 171.140329, 1.000000, 0.000000
3045.061158, 171.084745, 1.000000, 0.000000
3045.260878, 170.741605, 1.000000, 0.000000
3045.286447, 170.674078, 1.000000, 0.000000
3045.312015, 170.606551, 0.000000, 0.000000
3045.347843, 170.544996, 0.000000, 0.000000
3045.383671, 170.483440, 0.000000, 0.000000
3045.583391, 170.140301, 0.000000, 0.000000
3045.629478, 170.084716, 0.000000, 0.000000
3045.665306, 170.023161, 0.000000, 0.000000
3045.701134, 169.961605, 0.000000, 0.000000
3045.900855, 169.618465, 0.000000, 0.000000
3045.936683, 169.556910, 0.000000, 0.000000
3045.972510, 169.495354, 0.000000, 0.000000
3046.008338, 169.433798, 0.000000, 0.000000
3046.054425, 169.378214, 0.000000, 0.000000
3046.254146, 169.035075, 0.000000, 0.000000
3046.289973, 168.973519, 0.000000, 0.000000
3046.325801, 168.911963, 0.000000, 0.000000
3046.361629, 168.850408, 0.000000, 0.000000
3046.397457, 168.788852, 0.000000, 0.000000
3046.597177, 168.445713, 0.000000, 0.000000
3046.643264, 168.390128, 0.000000, 0.000000
3046.679092, 168.328573, 0.000000, 0.000000
3046.714920, 168.267017, 0.000000, 0.000000
3046.914640, 167.923877, 0.000000, 0.000000
3046.950468, 167.862322, 0.000000, 0.000000
3046.986296, 167.800766, 0.000000, 0.000000
3047.022124, 167.739210, 0.000000, 0.000000
3047.057951, 167.677655, 0.000000, 0.000000
3047.267931, 167.340487, 0.000000, 0.000000
3047.303759, 167.278931, 0.000000, 0.000000
3047.339587, 167.217376, 0.000000, 0.000000
3047.375415, 167.155820, 0.000000, 0.000000
3047.411242, 167.094264, 0.000000, 0.000000
3047.610963, 166.751125, 0.000000, 0.000000
3047.646791, 166.689569, 0.000000, 0.000000
3047.692878, 166.633985, 0.000000, 0.000000
3047.728705, 166.572429, 0.000000, 0.000000
3047.928426, 166.229289, 0.000000, 0.000000
3047.964254, 166.167734, 0.000000, 0.000000
3048.000082, 166.106178, 0.000000, 0.000000
3048.035909, 166.044623, 0.000000, 0.000000
3048.071737, 165.983067, 0.000000, 0.000000
3048.281209, 165.646771, 0.000000, 0.000000
3048.317037, 165.585216, 0.000000, 0.000000
3048.352865, 165.523660, 0.000000, 0.000000
3048.388692, 165.462104, 0.000000, 0.000000
3048.424520, 165.400549, 0.000000, 0.000000
3048.622895, 165.059722, 0.000000, 0.000000
3048.658723, 164.998166, 0.000000, 0.000000
3048.704810, 164.942582, 0.000000, 0.000000
3048.740637, 164.881026, 0.000000, 0.000000
3048.938242, 164.541522, 0.000000, 0.000000
3048.974070, 164.479966, 0.000000, 0.000000
3049.009898, 164.418411, 0.000000, 0.000000
3049.045725, 164.356855, 0.000000, 0.000000
3049.081553, 164.295299, 0.000000, 0.000000
3049.278456, 163.957002, 0.000000, 0.000000
3049.324543, 163.901417, 0.000000, 0.000000
3049.360370, 163.839862, 0.000000, 0.000000
3049.396198, 163.778306, 0.000000, 0.000000
3049.432026, 163.716751, 0.000000, 0.000000
3049.628295, 163.379541, 0.000000, 0.000000
3049.664123, 163.317986, 0.000000, 0.000000
3049.699950, 163.256430, 0.000000, 0.000000
3049.746037, 163.200846, 0.000000, 0.000000
3049.941742, 162.864606, 0.000000, 0.000000
3049.977570, 162.803050, 0.000000, 0.000000
3050.013398, 162.741494, 0.000000, 0.000000
3050.049225, 162.679939, 0.000000, 0.000000
3050.085053, 162.618383, 0.000000, 0.000000
3050.280263, 162.282994, 0.000000, 0.000000
3050.326350, 162.227410, 0.000000, 0.000000
3050.362178, 162.165854, 0.000000, 0.000000
3050.398005, 162.104298, 0.000000, 0.000000
3050.433833, 162.042743, 0.000000, 0.000000
3050.628851, 161.707682, 0.000000, 0.000000
3050.664679, 161.646127, 0.000000, 0.000000
3050.700507, 161.584571, 0.000000, 0.000000
3050.746594, 161.528987, 0.000000, 0.000000
3050.941612, 161.193926, 0.000000, 0.000000
3050.977440, 161.132370, 0.000000, 0.000000
3051.013268, 161.070815, 0.000000, 0.000000
3051.049096, 161.009259, 1.000000, 0.000000
3051.074664, 160.941732, 1.000000, 0.000000
3051.269682, 160.606672, 1.000000, 0.000000
3051.377325, 160.586915, 1.000000, 0.000000
3051.413153, 160.525360, 1.000000, 0.000000
3051.448980, 160.463804, 1.000000, 0.000000
3051.484808, 160.402249, 1.000000, 0.000000
3051.690086, 160.073160, 1.000000, 0.000000
3051.725913, 160.011604, 1.000000, 0.000000
3051.761741, 159.950048, 1.000000, 0.000000
3051.797569, 159.888493, 1.000000, 0.000000
3051.982328, 159.547461, 1.000000, 0.000000
3052.018156, 159.485905, 1.000000, 0.000000
3052.053984, 159.424349, 1.000000, 0.000000
3052.089811, 159.362794, 1.000000, 0.000000
3052.125639, 159.301238, 1.000000, 0.000000
3052.314255, 158.973041, 1.000000, 0.000000
3052.349726, 158.911279, 1.000000, 0.000000
3052.385197, 158.849517, 1.000000, 0.000000
3052.420667, 158.787755, 1.000000, 0.000000
3052.456138, 158.725993, 1.000000, 0.000000
3052.635443, 158.404420, 1.000000, 0.000000
3052.670148, 158.342225, 1.000000, 0.000000
3052.704854, 158.280030, 1.000000, 0.000000
3052.739560, 158.217835, 1.000000, 0.000000
3052.913446, 157.896634, 1.000000, 0.000000
3052.947266, 157.833952, 1.000000, 0.000000
3052.981085, 157.771271, 1.000000, 0.000000
3053.014904, 157.708589, 1.000000, 0.000000
3053.048724, 157.645908, 1.000000, 0.000000
3053.217630, 157.322235, 1.000000, 0.000000
3053.250550, 157.259076, 1.000000, 0.000000
3053.283469, 157.195918, 1.000000, 0.000000
3053.316389, 157.132759, 1.000000, 0.000000
3053.359835, 157.075087, 1.000000, 0.000000
3053.523777, 156.748838, 1.000000, 0.000000
3053.555784, 156.685213, 1.000000, 0.000000
3053.587792, 156.621587, 1.000000, 0.000000
3053.619799, 156.557961, 1.000000, 0.000000
3053.768881, 156.224614, 1.000000, 0.000000
3053.799964, 156.160531, 1.000000, 0.000000
3053.831048, 156.096449, 1.000000, 0.000000
3053.862132, 156.032367, 1.000000, 0.000000
3053.850494, 155.947562, 1.000000, 0.000000
3054.004735, 155.617844, 1.000000, 0.000000
3054.045638, 155.558342, 1.000000, 0.000000
3054.075786, 155.493814, 1.000000, 0.000000
3054.116689, 155.434311, 1.000000, 0.000000
3054.146837, 155.369784, 0.000000, 0.000000
3054.301708, 155.030205, 0.000000, 0.000000
3054.331273, 154.965408, 0.000000, 0.000000
3054.360838, 154.900612, 0.000000, 0.000000
3054.390404, 154.835815, 0.000000, 0.000000
3054.549315, 154.485846, 0.000000, 0.000000
3054.578745, 154.420988, 0.000000, 0.000000
3054.608176, 154.356130, 0.000000, 0.000000
3054.637607, 154.291273, 0.000000, 0.000000
3054.667038, 154.226415, 0.000000, 0.000000
3054.827235, 153.873380, 0.000000, 0.000000
3054.856666, 153.808523, 0.000000, 0.000000
3054.886097, 153.743665, 0.000000, 0.000000
3054.915528, 153.678807, 0.000000, 0.000000
3054.944958, 153.613949, 0.000000, 0.000000
3055.105156, 153.260915, 0.000000, 0.000000
3055.134587, 153.196057, 0.000000, 0.000000
3055.164018, 153.131199, 0.000000, 0.000000
3055.193448, 153.066341, 0.000000, 0.000000
3055.353646, 152.713306, 0.000000, 0.000000
3055.383077, 152.648448, 0.000000, 0.000000
3055.412508, 152.583590, 0.000000, 0.000000
3055.441939, 152.518733, 0.000000, 0.000000
3055.471369, 152.453875, 0.000000, 0.000000
3055.631567, 152.100841, 0.000000, 0.000000
3055.660998, 152.035983, 0.000000, 0.000000
3055.690429, 151.971125, 0.000000, 0.000000
3055.719859, 151.906267, 0.000000, 0.000000
3055.749290, 151.841409, 0.000000, 0.000000
3055.909488, 151.488375, 0.000000, 0.000000
3055.938919, 151.423517, 0.000000, 0.000000
3055.968349, 151.358659, 0.000000, 0.000000
3055.997780, 151.293801, 0.000000, 0.000000
3056.157978, 150.940766, 0.000000, 0.000000
3056.187409, 150.875908, 0.000000, 0.000000
3056.216840, 150.811051, 0.000000, 0.000000
3056.246270, 150.746193, 0.000000, 0.000000
3056.275701, 150.681335, 0.000000, 0.000000
3056.435899, 150.328301, 0.000000, 0.000000
3056.465330, 150.263443, 0.000000, 0.000000
3056.494760, 150.198585, 0.000000, 0.000000
3056.524191, 150.133727, 0.000000, 0.000000
3056.553622, 150.068869, 0.000000, 0.000000
3056.713819, 149.715835, 0.000000, 0.000000
3056.743250, 149.650977, 0.000000, 0.000000
3056.772681, 149.586119, 0.000000, 0.000000
3056.802112, 149.521261, 0.000000, 0.000000
3056.962310, 149.168226, 0.000000, 0.000000
3056.991741, 149.103368, 0.000000, 0.000000
3057.021171, 149.038511, 0.000000, 0.000000
3057.050602, 148.973653, 0.000000, 0.000000
3057.080033, 148.908795, 0.000000, 0.000000
3057.244283, 148.546831, 0.000000, 0.000000
3057.273713, 148.481973, 0.000000, 0.000000
3057.303144, 148.417115, 0.000000, 0.000000
3057.332575, 148.352257, 0.000000, 0.000000
3057.495965, 147.992187, 0.000000, 0.000000
3057.525396, 147.927330, 0.000000, 0.000000
3057.554827, 147.862472, 0.000000, 0.000000
3057.584257, 147.797614, 0.000000, 0.000000
3057.613688, 147.732756, 0.000000, 0.000000
3057.776221, 147.374575, 0.000000, 0.000000
3057.805652, 147.309717, 0.000000, 0.000000
3057.835083, 147.244859, 0.000000, 0.000000
3057.864514, 147.180001, 0.000000, 0.000000
3058.026191, 146.823706, 0.000000, 0.000000
3058.055622, 146.758848, 0.000000, 0.000000
3058.085053, 146.693990, 0.000000, 0.000000
3058.114483, 146.629132, 0.000000, 0.000000
3058.143914, 146.564274, 0.000000, 0.000000
3058.304739, 146.209859, 0.000000, 0.000000
3058.334169, 146.145001, 0.000000, 0.000000
3058.363600, 146.080143, 0.000000, 0.000000
3058.393031, 146.015285, 0.000000, 0.000000
3058.553005, 145.662744, 0.000000, 0.000000
3058.582436, 145.597886, 0.000000, 0.000000
3058.611866, 145.533028, 0.000000, 0.000000
3058.641297, 145.468171, 0.000000, 0.000000
3058.670728, 145.403313, 0.000000, 0.000000
3058.829853, 145.052642, 0.000000, 0.000000
3058.859284, 144.987785, 0.000000, 0.000000
3058.899524, 144.927832, 1.000000, 0.000000
3058.896526, 144.848258, 1.000000, 0.000000
3059.066452, 144.502512, 1.000000, 0.000000
3059.095883, 144.437654, 1.000000, 0.000000
3059.179362, 144.397322, 1.000000, 0.000000
3059.208793, 144.332464, 1.000000, 0.000000
3059.238223, 144.267606, 1.000000, 0.000000
3059.397340, 143.916954, 1.000000, 0.000000
3059.426771, 143.852096, 1.000000, 0.000000
3059.456202, 143.787238, 1.000000, 0.000000
3059.485632, 143.722380, 1.000000, 0.000000
3059.644749, 143.371729, 1.000000, 0.000000
3059.674180, 143.306871, 1.000000, 0.000000
3059.703610, 143.242013, 1.000000, 0.000000
3059.733041, 143.177155, 1.000000, 0.000000
3059.762472, 143.112297, 1.000000, 0.000000
3059.921588, 142.761646, 1.000000, 0.000000
3059.951019, 142.696788, 1.000000, 0.000000
3059.980450, 142.631930, 1.000000, 0.000000
3060.009881, 142.567072, 1.000000, 0.000000
3060.168997, 142.216420, 1.000000, 0.000000
3060.198428, 142.151562, 1.000000, 0.000000
3060.227859, 142.086704, 1.000000, 0.000000
3060.268099, 142.026751, 1.000000, 0.000000
3060.297530, 141.961893, 1.000000, 0.000000
3060.455420, 141.612838, 1.000000, 0.000000
3060.484768, 141.547943, 1.000000, 0.000000
3060.514117, 141.483048, 1.000000, 0.000000
3060.543465, 141.418153, 1.000000, 0.000000
3060.699581, 141.070794, 1.000000, 0.000000
3060.728751, 141.005818, 1.000000, 0.000000
3060.747092, 140.935981, 1.000000, 0.000000
3060.787092, 140.875867, 1.000000, 0.000000
3060.816262, 140.810892, 1.000000, 0.000000
3060.971295, 140.463118, 1.000000, 0.000000
3061.000284, 140.398062, 1.000000, 0.000000
3061.029273, 140.333005, 1.000000, 0.000000
3061.058262, 140.267949, 1.000000, 0.000000
3061.212391, 139.919820, 1.000000, 0.000000
3061.241197, 139.854682, 1.000000, 0.000000
3061.270003, 139.789544, 1.000000, 0.000000
3061.298809, 139.724406, 1.000000, 0.000000
3061.327615, 139.659269, 1.000000, 0.000000
3061.469776, 139.305932, 1.000000, 0.000000
3061.465787, 139.226402, 1.000000, 0.000000
3061.494408, 139.161183, 1.000000, 0.000000
3061.533899, 139.100734, 1.000000, 0.000000
3061.696850, 138.756642, 1.000000, 0.000000
3061.757934, 138.705557, 1.000000, 0.000000
3061.808134, 138.649734, 0.000000, 0.000000
3061.836568, 138.584433, 0.000000, 0.000000
3061.865002, 138.519132, 0.000000, 0.000000
3062.016029, 138.169673, 0.000000, 0.000000
3062.033376, 138.099583, 0.000000, 0.000000
3062.061620, 138.034199, 0.000000, 0.000000
3062.089865, 137.968816, 0.000000, 0.000000
3062.240950, 137.617598, 0.000000, 0.000000
3062.269077, 137.552164, 0.000000, 0.000000
3062.297204, 137.486730, 0.000000, 0.000000
3062.325331, 137.421296, 0.000000, 0.000000
3062.353458, 137.355862, 0.000000, 0.000000
3062.505508, 137.002119, 0.000000, 0.000000
3062.522728, 136.931997, 0.000000, 0.000000
3062.550854, 136.866562, 0.000000, 0.000000
3062.578980, 136.801128, 0.000000, 0.000000
3062.731041, 136.447360, 0.000000, 0.000000
3062.759166, 136.381925, 0.000000, 0.000000
3062.787292, 136.316491, 0.000000, 0.000000
3062.815418, 136.251056, 0.000000, 0.000000
3062.843544, 136.185622, 0.000000, 0.000000
3062.984699, 135.827166, 0.000000, 0.000000
3063.012824, 135.761732, 0.000000, 0.000000
3063.040950, 135.696297, 0.000000, 0.000000
3063.069076, 135.630863, 0.000000, 0.000000
3063.221137, 135.277094, 0.000000, 0.000000
3063.249262, 135.211660, 0.000000, 0.000000
3063.277388, 135.146226, 0.000000, 0.000000
3063.305514, 135.080791, 0.000000, 0.000000
3063.333640, 135.015357, 0.000000, 0.000000
3063.474795, 134.656901, 0.000000, 0.000000
3063.502920, 134.591467, 0.000000, 0.000000
3063.531046, 134.526032, 0.000000, 0.000000
3063.559172, 134.460598, 0.000000, 0.000000
3063.711233, 134.106830, 0.000000, 0.000000
3063.739358, 134.041395, 0.000000, 0.000000
3063.767484, 133.975961, 0.000000, 0.000000
3063.795610, 133.910527, 0.000000, 0.000000
3063.812830, 133.840405, 0.000000, 0.000000
3063.964891, 133.486636, 0.000000, 0.000000
3063.993017, 133.421201, 0.000000, 0.000000
3064.021142, 133.355767, 0.000000, 0.000000
3064.049268, 133.290333, 0.000000, 0.000000
3064.201329, 132.936564, 0.000000, 0.000000
3064.229454, 132.871130, 0.000000, 0.000000
3064.257580, 132.805696, 0.000000, 0.000000
3064.285706, 132.740261, 0.000000, 0.000000
3064.302926, 132.670139, 0.000000, 0.000000
3064.454987, 132.316371, 0.000000, 0.000000
3064.483112, 132.250937, 0.000000, 0.000000
3064.511238, 132.185502, 0.000000, 0.000000
3064.539364, 132.120068, 0.000000, 0.000000
3064.691425, 131.766299, 0.000000, 0.000000
3064.719551, 131.700865, 0.000000, 0.000000
3064.747676, 131.635430, 0.000000, 0.000000
3064.764896, 131.565308, 0.000000, 0.000000
3064.793022, 131.499874, 0.000000, 0.000000
3064.943397, 131.150027, 0.000000, 0.000000
3064.971523, 131.084592, 0.000000, 0.000000
3064.999649, 131.019158, 0.000000, 0.000000
3065.027775, 130.953723, 0.000000, 0.000000
3065.176079, 130.608695, 0.000000, 0.000000
3065.204205, 130.543261, 0.000000, 0.000000
3065.232330, 130.477826, 0.000000, 0.000000
3065.249550, 130.407704, 0.000000, 0.000000
3065.277676, 130.342270, 0.000000, 0.000000
3065.428607, 129.991129, 0.000000, 0.000000
3065.456733, 129.925695, 0.000000, 0.000000
3065.484859, 129.860260, 0.000000, 0.000000
3065.512985, 129.794826, 0.000000, 0.000000
3065.661866, 129.448455, 0.000000, 0.000000
3065.689991, 129.383021, 0.000000, 0.000000
3065.707211, 129.312899, 0.000000, 0.000000
3065.735337, 129.247464, 0.000000, 0.000000
3065.763463, 129.182030, 0.000000, 0.000000
3065.910305, 128.840402, 0.000000, 0.000000
3065.938431, 128.774968, 1.000000, 0.000000
3065.955651, 128.704846, 1.000000, 0.000000
3065.983777, 128.639411, 1.000000, 0.000000
3066.139498, 128.307187, 1.000000, 0.000000
3066.200341, 128.255816, 1.000000, 0.000000
3066.239372, 128.195069, 1.000000, 0.000000
3066.267498, 128.129635, 1.000000, 0.000000
3066.414985, 127.786508, 1.000000, 0.000000
3066.443111, 127.721073, 1.000000, 0.000000
3066.460331, 127.650951, 1.000000, 0.000000
3066.488456, 127.585517, 1.000000, 0.000000
3066.635561, 127.243278, 1.000000, 0.000000
3066.663687, 127.177843, 1.000000, 0.000000
3066.691813, 127.112409, 1.000000, 0.000000
3066.719939, 127.046974, 1.000000, 0.000000
3066.748064, 126.981540, 1.000000, 0.000000
3066.895170, 126.639300, 1.000000, 0.000000
3066.923296, 126.573866, 1.000000, 0.000000
3066.951421, 126.508431, 1.000000, 0.000000
3066.979547, 126.442997, 1.000000, 0.000000
3067.126652, 126.100758, 1.000000, 0.000000
3067.154778, 126.035323, 1.000000, 0.000000
3067.171998, 125.965201, 1.000000, 0.000000
3067.200124, 125.899767, 1.000000, 0.000000
3067.347229, 125.557528, 1.000000, 0.000000
3067.375355, 125.492093, 1.000000, 0.000000
3067.403481, 125.426659, 1.000000, 0.000000
3067.442512, 125.365912, 1.000000, 0.000000
3067.589617, 125.023672, 1.000000, 0.000000
3067.617743, 124.958238, 1.000000, 0.000000
3067.634963, 124.888116, 1.000000, 0.000000
3067.663089, 124.822682, 1.000000, 0.000000
3067.810194, 124.480442, 1.000000, 0.000000
3067.838320, 124.415008, 1.000000, 0.000000
3067.866446, 124.349573, 1.000000, 0.000000
3067.883666, 124.279451, 1.000000, 0.000000
3068.026897, 123.942914, 1.000000, 0.000000
3068.054746, 123.877361, 1.000000, 0.000000
3068.082596, 123.811809, 1.000000, 0.000000
3068.099519, 123.741615, 1.000000, 0.000000
3068.127369, 123.676062, 1.000000, 0.000000
3068.223495, 123.322820, 1.000000, 0.000000
3068.250957, 123.257104, 1.000000, 0.000000
3068.289372, 123.195966, 1.000000, 0.000000
3068.316834, 123.130250, 1.000000, 0.000000
3068.476377, 122.804259, 1.000000, 0.000000
3068.503426, 122.738372, 0.000000, 0.000000
3068.530475, 122.672486, 0.000000, 0.000000
3068.557525, 122.606599, 0.000000, 0.000000
3068.692976, 122.270845, 0.000000, 0.000000
3068.719601, 122.204786, 0.000000, 0.000000
3068.746225, 122.138726, 0.000000, 0.000000
3068.772850, 122.072667, 0.000000, 0.000000
3068.906059, 121.736305, 0.000000, 0.000000
3068.921209, 121.665706, 0.000000, 0.000000
3068.947397, 121.599473, 0.000000, 0.000000
3068.973585, 121.533239, 0.000000, 0.000000
3069.104464, 121.196346, 0.000000, 0.000000
3069.130203, 121.129936, 0.000000, 0.000000
3069.155943, 121.063527, 0.000000, 0.000000
3069.181682, 120.997118, 0.000000, 0.000000
3069.310201, 120.659622, 0.000000, 0.000000
3069.335478, 120.593036, 0.000000, 0.000000
3069.360756, 120.526449, 0.000000, 0.000000
3069.386034, 120.459863, 0.000000, 0.000000
3069.411311, 120.393276, 0.000000, 0.000000
3069.540282, 120.049903, 0.000000, 0.000000
3069.565327, 119.983228, 0.000000, 0.000000
3069.590372, 119.916554, 0.000000, 0.000000
3069.615417, 119.849880, 0.000000, 0.000000
3069.734828, 119.497705, 0.000000, 0.000000
3069.759839, 119.431018, 0.000000, 0.000000
3069.784850, 119.364331, 0.000000, 0.000000
3069.809861, 119.297644, 0.000000, 0.000000
3069.940675, 118.948853, 0.000000, 0.000000
3069.965686, 118.882166, 0.000000, 0.000000
3069.990697, 118.815478, 0.000000, 0.000000
3070.015708, 118.748791, 0.000000, 0.000000
3070.146521, 118.400000, 0.000000, 0.000000
3070.171532, 118.333313, 0.000000, 0.000000
3070.196543, 118.266626, 0.000000, 0.000000
3070.221554, 118.199938, 0.000000, 0.000000
3070.352368, 117.851148, 0.000000, 0.000000
3070.377379, 117.784460, 0.000000, 0.000000
3070.402390, 117.717773, 0.000000, 0.000000
3070.427401, 117.651086, 0.000000, 0.000000
3070.558214, 117.302295, 0.000000, 0.000000
3070.572111, 117.231440, 0.000000, 0.000000
3070.597122, 117.164753, 0.000000, 0.000000
3070.622133, 117.098065, 0.000000, 0.000000
3070.647144, 117.031378, 0.000000, 0.000000
3070.777958, 116.682587, 0.000000, 0.000000
3070.802968, 116.615900, 0.000000, 0.000000
3070.827979, 116.549213, 0.000000, 0.000000
3070.852990, 116.482525, 0.000000, 0.000000
3070.983804, 116.133735, 0.000000, 0.000000
3071.008815, 116.067047, 0.000000, 0.000000
3071.033826, 116.000360, 0.000000, 0.000000
3071.058837, 115.933673, 0.000000, 0.000000
3071.189650, 115.584882, 0.000000, 0.000000
3071.214661, 115.518195, 0.000000, 0.000000
3071.239672, 115.451508, 0.000000, 0.000000
3071.264683, 115.384821, 0.000000, 0.000000
3071.395497, 115.036029, 0.000000, 0.000000
3071.409394, 114.965174, 0.000000, 0.000000
3071.434405, 114.898487, 0.000000, 0.000000
3071.459415, 114.831800, 0.000000, 0.000000
3071.590229, 114.483009, 0.000000, 0.000000
3071.615240, 114.416322, 0.000000, 0.000000
3071.640251, 114.349634, 0.000000, 0.000000
3071.665262, 114.282947, 0.000000, 0.000000
3071.796089, 113.934122, 0.000000, 0.000000
3071.821100, 113.867435, 0.000000, 0.000000
3071.846110, 113.800747, 0.000000, 0.000000
3071.871121, 113.734060, 0.000000, 0.000000
3071.896132, 113.667373, 0.000000, 0.000000
3072.026996, 113.318448, 0.000000, 0.000000
3072.052007, 113.251761, 0.000000, 0.000000
3072.077018, 113.185073, 0.000000, 0.000000
3072.102029, 113.118386, 0.000000, 0.000000
3072.221823, 112.765176, 0.000000, 0.000000
3072.246833, 112.698489, 0.000000, 0.000000
3072.271844, 112.631802, 0.000000, 0.000000
3072.296855, 112.565115, 0.000000, 0.000000
3072.427814, 112.215938, 0.000000, 0.000000
3072.452825, 112.149251, 0.000000, 0.000000
3072.477836, 112.082563, 0.000000, 0.000000
3072.502847, 112.015876, 0.000000, 0.000000
3072.678321, 111.683220, 1.000000, 0.000000
3072.703331, 111.616533, 1.000000, 0.000000
3072.728342, 111.549846, 1.000000, 0.000000
3072.764468, 111.487327, 1.000000, 0.000000
3072.895547, 111.137827, 1.000000, 0.000000
3072.920558, 111.071140, 1.000000, 0.000000
3072.945569, 111.004453, 1.000000, 0.000000
3072.981695, 110.941935, 1.000000, 0.000000
3073.112845, 110.592246, 1.000000, 0.000000
3073.137856, 110.525559, 1.000000, 0.000000
3073.162867, 110.458872, 1.000000, 0.000000
3073.176763, 110.388017, 1.000000, 0.000000
3073.201774, 110.321329, 1.000000, 0.000000
3073.332970, 109.971519, 1.000000, 0.000000
3073.357981, 109.904832, 1.000000, 0.000000
3073.382992, 109.838145, 1.000000, 0.000000
3073.408003, 109.771458, 1.000000, 0.000000
3073.528084, 109.417480, 1.000000, 0.000000
3073.553095, 109.350793, 1.000000, 0.000000
3073.566991, 109.279937, 1.000000, 0.000000
3073.625346, 109.225756, 1.000000, 0.000000
3073.778771, 108.884283, 1.000000, 0.000000
3073.803782, 108.817596, 1.000000, 0.000000
3073.828793, 108.750909, 1.000000, 0.000000
3073.864918, 108.688390, 1.000000, 0.000000
3073.996114, 108.338580, 1.000000, 0.000000
3074.010010, 108.267724, 1.000000, 0.000000
3074.035021, 108.201037, 1.000000, 0.000000
3074.071147, 108.138519, 1.000000, 0.000000
3074.202342, 107.788709, 1.000000, 0.000000
3074.227353, 107.722022, 1.000000, 0.000000
3074.252364, 107.655335, 1.000000, 0.000000
3074.277375, 107.588648, 1.000000, 0.000000
3074.408571, 107.238838, 1.000000, 0.000000
3074.378009, 107.151309, 1.000000, 0.000000
3074.403020, 107.084621, 1.000000, 0.000000
3074.428031, 107.017934, 1.000000, 0.000000
3074.453042, 106.951247, 0.000000, 0.000000
3074.582903, 106.603464, 0.000000, 0.000000
