2949.726989, 275.307555, 1.000000, -1.#QNAN0
2949.787532, 275.270041, 1.000000, -1.#QNAN0
2949.848075, 275.232527, 1.000000, -1.#QNAN0
2949.908617, 275.195013, 1.000000, -1.#QNAN0
2950.259379, 274.959406, 1.000000, -1.#QNAN0
2950.306836, 274.901232, 1.000000, -1.#QNAN0
2950.367000, 274.863113, 1.000000, -1.#QNAN0
2950.427163, 274.824994, 1.000000, -1.#QNAN0
2950.487327, 274.786875, 1.000000, -1.#QNAN0
2950.841765, 274.557684, 1.000000, -1.#QNAN0
2950.901542, 274.518962, 1.000000, -1.#QNAN0
2950.967773, 274.490203, 1.000000, -1.#QNAN0
2951.027550, 274.451480, 1.000000, -1.#QNAN0
2951.087327, 274.412758, 1.000000, -1.#QNAN0
2951.445994, 274.189619, 1.000000, -1.#QNAN0
2951.505378, 274.150297, 1.000000, -1.#QNAN0
2951.564762, 274.110974, 1.000000, -1.#QNAN0
2951.624146, 274.071652, 1.000000, -1.#QNAN0
2951.974284, 273.835389, 1.000000, -1.#QNAN0
2952.026615, 273.785638, 1.000000, -1.#QNAN0
2952.085599, 273.745719, 1.000000, -1.#QNAN0
2952.151237, 273.715630, 1.000000, -1.#QNAN0
2952.210221, 273.675710, 1.000000, -1.#QNAN0
2952.564593, 273.445472, 1.000000, -1.#QNAN0
2952.623171, 273.404958, 1.000000, -1.#QNAN0
2952.681749, 273.364445, 1.000000, -1.#QNAN0
2952.733574, 273.314168, 1.000000, -1.#QNAN0
2952.792152, 273.273654, 1.000000, -1.#QNAN0
2953.116787, 273.034352, 1.000000, -1.#QNAN0
2953.168577, 272.984039, 1.000000, -1.#QNAN0
2953.233886, 272.953243, 1.000000, -1.#QNAN0
2953.292435, 272.912688, 1.000000, -1.#QNAN0
2953.629395, 272.693728, 1.000000, -1.#QNAN0
2953.701462, 272.672689, 1.000000, -1.#QNAN0
2953.766771, 272.641893, 1.000000, -1.#QNAN0
2953.832079, 272.611096, 1.000000, -1.#QNAN0
2953.890628, 272.570541, 1.000000, -1.#QNAN0
2954.227588, 272.351581, 1.000000, -1.#QNAN0
2954.286137, 272.311026, 1.000000, -1.#QNAN0
2954.344687, 272.270471, 1.000000, -1.#QNAN0
2954.409995, 272.239675, 1.000000, -1.#QNAN0
2954.468544, 272.199120, 1.000000, -1.#QNAN0
2954.805505, 271.980160, 1.000000, -1.#QNAN0
2954.870813, 271.949363, 1.000000, -1.#QNAN0
2954.929363, 271.908808, 1.000000, -1.#QNAN0
2954.987912, 271.868253, 1.000000, -1.#QNAN0
2955.318113, 271.639535, 1.000000, -1.#QNAN0
2955.376662, 271.598980, 1.000000, -1.#QNAN0
2955.435211, 271.558425, 1.000000, -1.#QNAN0
2955.500519, 271.527629, 1.000000, -1.#QNAN0
2955.565828, 271.496832, 1.000000, -1.#QNAN0
2955.902788, 271.277872, 1.000000, -1.#QNAN0
2955.968096, 271.247075, 1.000000, -1.#QNAN0
2956.033405, 271.216279, 1.000000, -1.#QNAN0
2956.098713, 271.185482, 1.000000, -1.#QNAN0
2956.157262, 271.144927, 1.000000, -1.#QNAN0
2956.494223, 270.925967, 1.000000, -1.#QNAN0
2956.559531, 270.895170, 1.000000, -1.#QNAN0
2956.618080, 270.854615, 1.000000, -1.#QNAN0
2956.676630, 270.814060, 1.000000, -1.#QNAN0
2957.006830, 270.585342, 1.000000, -1.#QNAN0
2957.065380, 270.544787, 1.000000, -1.#QNAN0
2957.123929, 270.504233, 1.000000, -1.#QNAN0
2957.182478, 270.463678, 1.000000, -1.#QNAN0
2957.234268, 270.413364, 1.000000, -1.#QNAN0
2957.564469, 270.184647, 1.000000, -1.#QNAN0
2957.623018, 270.144092, 1.000000, -1.#QNAN0
2957.681567, 270.103537, 1.000000, -1.#QNAN0
2957.740117, 270.062982, 1.000000, -1.#QNAN0
2957.798666, 270.022427, 1.000000, -1.#QNAN0
2958.128867, 269.793708, 1.000000, -1.#QNAN0
2958.194176, 269.762912, 1.000000, -1.#QNAN0
2958.245966, 269.712599, 1.000000, -1.#QNAN0
2958.304515, 269.672044, 1.000000, -1.#QNAN0
2958.634829, 269.443247, 1.000000, -1.#QNAN0
2958.686619, 269.392934, 1.000000, -1.#QNAN0
2958.738409, 269.342621, 1.000000, -1.#QNAN0
2958.790199, 269.292308, 1.000000, -1.#QNAN0
2958.841989, 269.241995, 1.000000, -1.#QNAN0
2959.166127, 269.003036, 1.000000, -1.#QNAN0
2959.217917, 268.952723, 1.000000, -1.#QNAN0
2959.276467, 268.912168, 1.000000, -1.#QNAN0
2959.335016, 268.871613, 1.000000, -1.#QNAN0
2959.393565, 268.831058, 1.000000, -1.#QNAN0
2959.718360, 268.591645, 1.000000, -1.#QNAN0
2959.776909, 268.551090, 1.000000, -1.#QNAN0
2959.835458, 268.510535, 1.000000, -1.#QNAN0
2959.887249, 268.460222, 1.000000, -1.#QNAN0
2960.219531, 268.230062, 1.000000, -1.#QNAN0
2960.271321, 268.179749, 1.000000, -1.#QNAN0
2960.329871, 268.139194, 1.000000, -1.#QNAN0
2960.388420, 268.098639, 1.000000, -1.#QNAN0
2960.440210, 268.048326, 1.000000, -1.#QNAN0
2960.773295, 267.817610, 1.000000, -1.#QNAN0
2960.831844, 267.777055, 1.000000, -1.#QNAN0
2960.890393, 267.736500, 1.000000, -1.#QNAN0
2960.948943, 267.695945, 1.000000, -1.#QNAN0
2961.007492, 267.655390, 1.000000, -1.#QNAN0
2961.334692, 267.414311, 1.000000, -1.#QNAN0
2961.393242, 267.373756, 1.000000, -1.#QNAN0
2961.451791, 267.333201, 1.000000, -1.#QNAN0
2961.510340, 267.292646, 1.000000, -1.#QNAN0
2961.845245, 267.060669, 1.000000, -1.#QNAN0
2961.903795, 267.020114, 1.000000, -1.#QNAN0
2961.962344, 266.979559, 1.000000, -1.#QNAN0
2962.020893, 266.939004, 1.000000, -1.#QNAN0
2962.079443, 266.898449, 1.000000, -1.#QNAN0
2962.415146, 266.665920, 1.000000, -1.#QNAN0
2962.473695, 266.625365, 1.000000, -1.#QNAN0
2962.532245, 266.584810, 1.000000, -1.#QNAN0
2962.590794, 266.544255, 1.000000, -1.#QNAN0
2962.642584, 266.493942, 1.000000, -1.#QNAN0
2962.978288, 266.261412, 1.000000, -1.#QNAN0
2963.036838, 266.220857, 1.000000, -1.#QNAN0
2963.088628, 266.170544, 1.000000, -1.#QNAN0
2963.147177, 266.129989, 1.000000, -1.#QNAN0
2963.482880, 265.897459, 1.000000, -1.#QNAN0
2963.541430, 265.856904, 1.000000, -1.#QNAN0
2963.606738, 265.826108, 1.000000, -1.#QNAN0
2963.665287, 265.785553, 1.000000, -1.#QNAN0
2963.723837, 265.744998, 1.000000, -1.#QNAN0
2964.059540, 265.512468, 1.000000, -1.#QNAN0
2964.118090, 265.471913, 1.000000, -1.#QNAN0
2964.176639, 265.431358, 1.000000, -1.#QNAN0
2964.235188, 265.390803, 1.000000, -1.#QNAN0
2964.293737, 265.350248, 1.000000, -1.#QNAN0
2964.636234, 265.127443, 1.000000, -1.#QNAN0
2964.701542, 265.096644, 1.000000, -1.#QNAN0
2964.760090, 265.056088, 1.000000, -1.#QNAN0
2964.825398, 265.025290, 1.000000, -1.#QNAN0
2965.171937, 264.798517, 1.000000, -1.#QNAN0
2965.230379, 264.757807, 1.000000, -1.#QNAN0
2965.295605, 264.726837, 1.000000, -1.#QNAN0
2965.354046, 264.686126, 1.000000, -1.#QNAN0
2965.412487, 264.645416, 1.000000, -1.#QNAN0
2965.765515, 264.393834, 1.000000, -1.#QNAN0
2965.823476, 264.352443, 1.000000, -1.#QNAN0
2965.881437, 264.311051, 1.000000, -1.#QNAN0
2965.946296, 264.279320, 1.000000, -1.#QNAN0
2966.004257, 264.237929, 1.000000, -1.#QNAN0
2966.354207, 263.981994, 1.000000, -1.#QNAN0
2966.411681, 263.939930, 1.000000, -1.#QNAN0
2966.476167, 263.907445, 1.000000, -1.#QNAN0
2966.533641, 263.865381, 1.000000, -1.#QNAN0
2966.888076, 263.615316, 1.000000, -1.#QNAN0
2966.945058, 263.572587, 1.000000, -1.#QNAN0
2967.002041, 263.529859, 1.000000, -1.#QNAN0
2967.059023, 263.487130, 1.000000, -1.#QNAN0
2967.116005, 263.444402, 1.000000, -1.#QNAN0
2967.452919, 263.171189, 1.000000, -1.#QNAN0
2967.509404, 263.127804, 1.000000, -1.#QNAN0
2967.565888, 263.084420, 1.000000, -1.#QNAN0
2967.622373, 263.041035, 1.000000, -1.#QNAN0
2967.671627, 262.988237, 1.000000, -1.#QNAN0
2968.012235, 262.720517, 1.000000, -1.#QNAN0
2968.068217, 262.676486, 1.000000, -1.#QNAN0
2968.124199, 262.632454, 1.000000, -1.#QNAN0
2968.172842, 262.579092, 1.000000, -1.#QNAN0
2968.502877, 262.299029, 1.000000, -1.#QNAN0
2968.550912, 262.245120, 1.000000, -1.#QNAN0
2968.606391, 262.200457, 1.000000, -1.#QNAN0
2968.661870, 262.155794, 1.000000, -1.#QNAN0
2968.717349, 262.111131, 1.000000, -1.#QNAN0
2969.039952, 261.831864, 1.000000, -1.#QNAN0
2969.095047, 261.786728, 1.000000, -1.#QNAN0
2969.150143, 261.741593, 1.000000, -1.#QNAN0
2969.205238, 261.696457, 1.000000, -1.#QNAN0
2969.252811, 261.642139, 1.000000, -1.#QNAN0
2969.561187, 261.374164, 1.000000, -1.#QNAN0
2969.616282, 261.329029, 1.000000, -1.#QNAN0
2969.671378, 261.283893, 1.000000, -1.#QNAN0
2969.718951, 261.229575, 1.000000, -1.#QNAN0
2970.034849, 260.970783, 1.000000, -1.#QNAN0
2970.089944, 260.925648, 1.000000, -1.#QNAN0
2970.145040, 260.880512, 1.000000, -1.#QNAN0
2970.200135, 260.835377, 1.000000, -1.#QNAN0
2970.255230, 260.790241, 1.000000, -1.#QNAN0
2970.571129, 260.531449, 1.000000, -1.#QNAN0
2970.626224, 260.486314, 1.000000, -1.#QNAN0
2970.681319, 260.441178, 1.000000, -1.#QNAN0
2970.736415, 260.396042, 1.000000, -1.#QNAN0
2970.791510, 260.350907, 1.000000, -1.#QNAN0
2971.107409, 260.092115, 1.000000, -1.#QNAN0
2971.162504, 260.046979, 1.000000, -1.#QNAN0
2971.225122, 260.011026, 1.000000, -1.#QNAN0
2971.280218, 259.965891, 1.000000, -1.#QNAN0
2971.603639, 259.716281, 1.000000, -1.#QNAN0
2971.658734, 259.671146, 1.000000, -1.#QNAN0
2971.713829, 259.626010, 1.000000, -1.#QNAN0
2971.776447, 259.590057, 1.000000, -1.#QNAN0
2971.831543, 259.544921, 1.000000, -1.#QNAN0
2972.154963, 259.295312, 1.000000, -1.#QNAN0
2972.217581, 259.259359, 1.000000, -1.#QNAN0
2972.280199, 259.223406, 1.000000, -1.#QNAN0
2972.342817, 259.187453, 1.000000, -1.#QNAN0
2972.405435, 259.151500, 1.000000, -1.#QNAN0
2972.728857, 258.901890, 1.000000, -1.#QNAN0
2972.791475, 258.865937, 1.000000, -1.#QNAN0
2972.846570, 258.820802, 1.000000, -1.#QNAN0
2972.909188, 258.784849, 1.000000, -1.#QNAN0
2973.225086, 258.526057, 1.000000, -1.#QNAN0
2973.280182, 258.480921, 1.000000, -1.#QNAN0
2973.335277, 258.435786, 1.000000, -1.#QNAN0
2973.382850, 258.381468, 1.000000, -1.#QNAN0
2973.422900, 258.317967, 1.000000, -1.#QNAN0
2973.731276, 258.049993, 1.000000, -1.#QNAN0
2973.778848, 257.995674, 1.000000, -1.#QNAN0
2973.833944, 257.950539, 1.000000, -1.#QNAN0
2973.889039, 257.905403, 1.000000, -1.#QNAN0
2973.951657, 257.869450, 1.000000, -1.#QNAN0
2974.267556, 257.610658, 1.000000, -1.#QNAN0
2974.315129, 257.556340, 1.000000, -1.#QNAN0
2974.370224, 257.511204, 1.000000, -1.#QNAN0
2974.425320, 257.466069, 1.000000, -1.#QNAN0
2974.739679, 257.208538, 1.000000, -1.#QNAN0
2974.787251, 257.154220, 1.000000, -1.#QNAN0
2974.842347, 257.109084, 1.000000, -1.#QNAN0
2974.889919, 257.054766, 1.000000, -1.#QNAN0
2974.937492, 257.000448, 1.000000, -1.#QNAN0
2975.246735, 256.747108, 1.000000, -1.#QNAN0
2975.301831, 256.701973, 1.000000, -1.#QNAN0
2975.364449, 256.666020, 1.000000, -1.#QNAN0
2975.419544, 256.620884, 1.000000, -1.#QNAN0
2975.474639, 256.575749, 1.000000, -1.#QNAN0
2975.771268, 256.317398, 1.000000, -1.#QNAN0
2975.826363, 256.272262, 1.000000, -1.#QNAN0
2975.888981, 256.236309, 1.000000, -1.#QNAN0
2975.951599, 256.200356, 1.000000, -1.#QNAN0
2976.250681, 255.955340, 1.000000, -1.#QNAN0
2976.298254, 255.901022, 1.000000, -1.#QNAN0
2976.360872, 255.865069, 1.000000, -1.#QNAN0
2976.423490, 255.829116, 1.000000, -1.#QNAN0
2976.493631, 255.802346, 1.000000, -1.#QNAN0
2976.796852, 255.553939, 1.000000, -1.#QNAN0
2976.859470, 255.517986, 1.000000, -1.#QNAN0
2976.914566, 255.472850, 1.000000, -1.#QNAN0
2976.969661, 255.427715, 1.000000, -1.#QNAN0
2977.267866, 255.183418, 1.000000, -1.#QNAN0
2977.330484, 255.147465, 1.000000, -1.#QNAN0
2977.385579, 255.102329, 1.000000, -1.#QNAN0
2977.440675, 255.057193, 1.000000, -1.#QNAN0
2977.495770, 255.012058, 1.000000, -1.#QNAN0
2977.788984, 254.771850, 1.000000, -1.#QNAN0
2977.836557, 254.717532, 1.000000, -1.#QNAN0
2977.884129, 254.663214, 1.000000, -1.#QNAN0
2977.931702, 254.608895, 1.000000, -1.#QNAN0
2978.221439, 254.371536, 1.000000, -1.#QNAN0
2978.269011, 254.317218, 1.000000, -1.#QNAN0
2978.331629, 254.281265, 1.000000, -1.#QNAN0
2978.386725, 254.236129, 1.000000, -1.#QNAN0
2978.434298, 254.181811, 1.000000, -1.#QNAN0
2978.724034, 253.944451, 1.000000, -1.#QNAN0
2978.779130, 253.899316, 1.000000, -1.#QNAN0
2978.834225, 253.854180, 1.000000, -1.#QNAN0
2978.889321, 253.809045, 1.000000, -1.#QNAN0
2979.179057, 253.571685, 1.000000, -1.#QNAN0
2979.234152, 253.526550, 1.000000, -1.#QNAN0
2979.289248, 253.481414, 1.000000, -1.#QNAN0
2979.344343, 253.436279, 1.000000, -1.#QNAN0
2979.399439, 253.391143, 1.000000, -1.#QNAN0
2979.689175, 253.153784, 1.000000, -1.#QNAN0
2979.744270, 253.108648, 1.000000, -1.#QNAN0
2979.799366, 253.063512, 1.000000, -1.#QNAN0
2979.854461, 253.018377, 1.000000, -1.#QNAN0
2980.144198, 252.781017, 1.000000, -1.#QNAN0
2980.199293, 252.735881, 1.000000, -1.#QNAN0
2980.254389, 252.690746, 1.000000, -1.#QNAN0
2980.309484, 252.645610, 1.000000, -1.#QNAN0
2980.364580, 252.600475, 1.000000, -1.#QNAN0
2980.655591, 252.361668, 1.000000, -1.#QNAN0
2980.703115, 252.307308, 1.000000, -1.#QNAN0
2980.758171, 252.262124, 1.000000, -1.#QNAN0
2980.813226, 252.216939, 1.000000, -1.#QNAN0
2981.108002, 251.973518, 1.000000, -1.#QNAN0
2981.162893, 251.928134, 1.000000, -1.#QNAN0
2981.210221, 251.873602, 1.000000, -1.#QNAN0
2981.265112, 251.828218, 1.000000, -1.#QNAN0
2981.312439, 251.773686, 1.000000, -1.#QNAN0
2981.610008, 251.524705, 1.000000, -1.#QNAN0
2981.656988, 251.469873, 1.000000, -1.#QNAN0
2981.711589, 251.424141, 1.000000, -1.#QNAN0
2981.758568, 251.369308, 1.000000, -1.#QNAN0
2982.054846, 251.118401, 1.000000, -1.#QNAN0
2982.101465, 251.063261, 1.000000, -1.#QNAN0
2982.155765, 251.017172, 1.000000, -1.#QNAN0
2982.210065, 250.971083, 1.000000, -1.#QNAN0
2982.256684, 250.915944, 1.000000, -1.#QNAN0
2982.551309, 250.662697, 1.000000, -1.#QNAN0
2982.605296, 250.616242, 1.000000, -1.#QNAN0
2982.659284, 250.569787, 1.000000, -1.#QNAN0
2982.713271, 250.523331, 1.000000, -1.#QNAN0
2983.006617, 250.267948, 1.000000, -1.#QNAN0
2983.052474, 250.212174, 1.000000, -1.#QNAN0
2983.106136, 250.165343, 1.000000, -1.#QNAN0
2983.159799, 250.118513, 1.000000, -1.#QNAN0
2983.213461, 250.071683, 1.000000, -1.#QNAN0
2983.497206, 249.804892, 1.000000, -1.#QNAN0
2983.550531, 249.757677, 1.000000, -1.#QNAN0
2983.595986, 249.701575, 1.000000, -1.#QNAN0
2983.649311, 249.654360, 1.000000, -1.#QNAN0
2983.938876, 249.394956, 1.000000, -1.#QNAN0
2983.991869, 249.347369, 1.000000, -1.#QNAN0
2984.044861, 249.299782, 1.000000, -1.#QNAN0
2984.097853, 249.252195, 1.000000, -1.#QNAN0
2984.150846, 249.204608, 1.000000, -1.#QNAN0
2984.435077, 248.947285, 1.000000, -1.#QNAN0
2984.479891, 248.890669, 1.000000, -1.#QNAN0
2984.532675, 248.842851, 1.000000, -1.#QNAN0
2984.585459, 248.795033, 1.000000, -1.#QNAN0
2984.863040, 248.543568, 1.000000, -1.#QNAN0
2984.915824, 248.495750, 1.000000, -1.#QNAN0
2984.968608, 248.447932, 1.000000, -1.#QNAN0
2985.021392, 248.400114, 1.000000, -1.#QNAN0
2985.074176, 248.352297, 1.000000, -1.#QNAN0
2985.351757, 248.100832, 1.000000, -1.#QNAN0
2985.404541, 248.053014, 1.000000, -1.#QNAN0
2985.457325, 248.005196, 1.000000, -1.#QNAN0
2985.510109, 247.957378, 1.000000, -1.#QNAN0
2985.787691, 247.705912, 1.000000, -1.#QNAN0
2985.840475, 247.658094, 1.000000, -1.#QNAN0
2985.893259, 247.610276, 1.000000, -1.#QNAN0
2985.946043, 247.562458, 1.000000, -1.#QNAN0
2985.998827, 247.514641, 1.000000, -1.#QNAN0
2986.276408, 247.263176, 1.000000, -1.#QNAN0
2986.321222, 247.206560, 1.000000, -1.#QNAN0
2986.374006, 247.158742, 1.000000, -1.#QNAN0
2986.426791, 247.110924, 1.000000, -1.#QNAN0
2986.704371, 246.859459, 1.000000, -1.#QNAN0
2986.749186, 246.802844, 1.000000, -1.#QNAN0
2986.801970, 246.755026, 1.000000, -1.#QNAN0
2986.854754, 246.707208, 1.000000, -1.#QNAN0
2986.907538, 246.659390, 1.000000, -1.#QNAN0
2987.185119, 246.407925, 1.000000, -1.#QNAN0
2987.229934, 246.351310, 1.000000, -1.#QNAN0
2987.282718, 246.303492, 1.000000, -1.#QNAN0
2987.335502, 246.255674, 1.000000, -1.#QNAN0
2987.613083, 246.004209, 1.000000, -1.#QNAN0
2987.665867, 245.956391, 1.000000, -1.#QNAN0
2987.710681, 245.899775, 1.000000, -1.#QNAN0
2987.763465, 245.851957, 1.000000, -1.#QNAN0
2987.816249, 245.804139, 1.000000, -1.#QNAN0
2988.093830, 245.552675, 1.000000, -1.#QNAN0
2988.146614, 245.504857, 1.000000, -1.#QNAN0
2988.199398, 245.457039, 1.000000, -1.#QNAN0
2988.252182, 245.409221, 1.000000, -1.#QNAN0
2988.529764, 245.157755, 1.000000, -1.#QNAN0
2988.582548, 245.109937, 1.000000, -1.#QNAN0
2988.635332, 245.062119, 1.000000, -1.#QNAN0
2988.696086, 245.023099, 1.000000, -1.#QNAN0
2988.748870, 244.975281, 1.000000, -1.#QNAN0
2989.026451, 244.723816, 1.000000, -1.#QNAN0
2989.079235, 244.675998, 1.000000, -1.#QNAN0
2989.139988, 244.636977, 1.000000, -1.#QNAN0
2989.192773, 244.589159, 1.000000, -1.#QNAN0
2989.473996, 244.334395, 1.000000, -1.#QNAN0
2989.526780, 244.286577, 1.000000, -1.#QNAN0
2989.579564, 244.238759, 1.000000, -1.#QNAN0
2989.632348, 244.190941, 1.000000, -1.#QNAN0
2989.685132, 244.143123, 1.000000, -1.#QNAN0
2989.970021, 243.885038, 1.000000, -1.#QNAN0
2990.022805, 243.837220, 1.000000, -1.#QNAN0
2990.075589, 243.789402, 1.000000, -1.#QNAN0
2990.128373, 243.741584, 1.000000, -1.#QNAN0
2990.416946, 243.480161, 1.000000, -1.#QNAN0
2990.477700, 243.441140, 1.000000, -1.#QNAN0
2990.530484, 243.393322, 1.000000, -1.#QNAN0
2990.583268, 243.345504, 1.000000, -1.#QNAN0
2990.636052, 243.297686, 1.000000, -1.#QNAN0
2990.928332, 243.032905, 1.000000, -1.#QNAN0
2990.981116, 242.985087, 1.000000, -1.#QNAN0
2991.033900, 242.937269, 1.000000, -1.#QNAN0
2991.086684, 242.889451, 1.000000, -1.#QNAN0
2991.365924, 242.620466, 1.000000, -1.#QNAN0
2991.418708, 242.572648, 1.000000, -1.#QNAN0
2991.463522, 242.516033, 1.000000, -1.#QNAN0
2991.516307, 242.468215, 1.000000, -1.#QNAN0
2991.569091, 242.420397, 1.000000, -1.#QNAN0
2991.860046, 242.156816, 1.000000, -1.#QNAN0
2991.912830, 242.108998, 1.000000, -1.#QNAN0
2991.965614, 242.061180, 1.000000, -1.#QNAN0
2992.018398, 242.013362, 1.000000, -1.#QNAN0
2992.079152, 241.974342, 1.000000, -1.#QNAN0
2992.373873, 241.707349, 1.000000, -1.#QNAN0
2992.426657, 241.659531, 1.000000, -1.#QNAN0
2992.487411, 241.620511, 1.000000, -1.#QNAN0
2992.540195, 241.572693, 1.000000, -1.#QNAN0
2992.834916, 241.305700, 1.000000, -1.#QNAN0
2992.887700, 241.257882, 1.000000, -1.#QNAN0
2992.940484, 241.210064, 1.000000, -1.#QNAN0
2992.993268, 241.162246, 1.000000, -1.#QNAN0
2993.054022, 241.123225, 1.000000, -1.#QNAN0
2993.348743, 240.856233, 1.000000, -1.#QNAN0
2993.401527, 240.808415, 1.000000, -1.#QNAN0
2993.454311, 240.760597, 1.000000, -1.#QNAN0
2993.507095, 240.712779, 1.000000, -1.#QNAN0
2993.559879, 240.664961, 1.000000, -1.#QNAN0
2993.854600, 240.397969, 1.000000, -1.#QNAN0
2993.907384, 240.350151, 1.000000, -1.#QNAN0
2993.960168, 240.302333, 1.000000, -1.#QNAN0
2994.012952, 240.254515, 1.000000, -1.#QNAN0
2994.299704, 239.978725, 1.000000, -1.#QNAN0
2994.352488, 239.930907, 1.000000, -1.#QNAN0
2994.405272, 239.883089, 1.000000, -1.#QNAN0
2994.458056, 239.835271, 1.000000, -1.#QNAN0
2994.510840, 239.787453, 1.000000, -1.#QNAN0
2994.797591, 239.511663, 1.000000, -1.#QNAN0
2994.850376, 239.463845, 1.000000, -1.#QNAN0
2994.903160, 239.416027, 1.000000, -1.#QNAN0
2994.955944, 239.368209, 1.000000, -1.#QNAN0
2995.000758, 239.311594, 1.000000, -1.#QNAN0
2995.301256, 239.036844, 1.000000, -1.#QNAN0
2995.353810, 238.988773, 1.000000, -1.#QNAN0
2995.406364, 238.940703, 1.000000, -1.#QNAN0
2995.458919, 238.892633, 1.000000, -1.#QNAN0
2995.761098, 238.612907, 1.000000, -1.#QNAN0
2995.813309, 238.564464, 1.000000, -1.#QNAN0
2995.865520, 238.516021, 1.000000, -1.#QNAN0
2995.917731, 238.467578, 1.000000, -1.#QNAN0
2995.961868, 238.410433, 1.000000, -1.#QNAN0
2996.261675, 238.128765, 1.000000, -1.#QNAN0
2996.305414, 238.071315, 1.000000, -1.#QNAN0
2996.357287, 238.022510, 1.000000, -1.#QNAN0
2996.401026, 237.965060, 1.000000, -1.#QNAN0
2996.444766, 237.907610, 1.000000, -1.#QNAN0
2996.733940, 237.615586, 1.000000, -1.#QNAN0
2996.785480, 237.566431, 1.000000, -1.#QNAN0
2996.837021, 237.517275, 1.000000, -1.#QNAN0
2996.896754, 237.476710, 1.000000, -1.#QNAN0
2997.183983, 237.183210, 1.000000, -1.#QNAN0
2997.226947, 237.125178, 1.000000, -1.#QNAN0
2997.278161, 237.075682, 1.000000, -1.#QNAN0
2997.321125, 237.017650, 1.000000, -1.#QNAN0
2997.372338, 236.968153, 1.000000, -1.#QNAN0
2997.665472, 236.681532, 1.000000, -1.#QNAN0
2997.724668, 236.640187, 1.000000, -1.#QNAN0
2997.792169, 236.607324, 1.000000, -1.#QNAN0
2997.851365, 236.565978, 1.000000, -1.#QNAN0
2997.902257, 236.516151, 1.000000, -1.#QNAN0
2998.185115, 236.219128, 1.000000, -1.#QNAN0
2998.227333, 236.160551, 1.000000, -1.#QNAN0
2998.277908, 236.110402, 1.000000, -1.#QNAN0
2998.328484, 236.060254, 1.000000, -1.#QNAN0
2998.611882, 235.778822, 1.000000, -1.#QNAN0
2998.654047, 235.720207, 1.000000, -1.#QNAN0
2998.704578, 235.670013, 1.000000, -1.#QNAN0
2998.755109, 235.619820, 1.000000, -1.#QNAN0
2998.805639, 235.569627, 1.000000, -1.#QNAN0
2999.087776, 235.289371, 1.000000, -1.#QNAN0
2999.121576, 235.222335, 1.000000, -1.#QNAN0
2999.163741, 235.163719, 1.000000, -1.#QNAN0
2999.205905, 235.105104, 1.000000, -1.#QNAN0
2999.248070, 235.046489, 1.000000, -1.#QNAN0
2999.530208, 234.766234, 1.000000, -1.#QNAN0
2999.580738, 234.716040, 1.000000, -1.#QNAN0
2999.639634, 234.674269, 1.000000, -1.#QNAN0
2999.690165, 234.624075, 1.000000, -1.#QNAN0
2999.980668, 234.352241, 1.000000, -1.#QNAN0
3000.047930, 234.318892, 1.000000, -1.#QNAN0
3000.115191, 234.285542, 1.000000, -1.#QNAN0
3000.174087, 234.243770, 1.000000, -1.#QNAN0
3000.224618, 234.193576, 1.000000, -1.#QNAN0
3000.515121, 233.921743, 1.000000, -1.#QNAN0
3000.574017, 233.879971, 1.000000, -1.#QNAN0
3000.632913, 233.838200, 1.000000, -1.#QNAN0
3000.683443, 233.788006, 1.000000, -1.#QNAN0
3000.733974, 233.737813, 1.000000, -1.#QNAN0
3001.016111, 233.457558, 1.000000, -1.#QNAN0
3001.066642, 233.407364, 1.000000, -1.#QNAN0
3001.117172, 233.357171, 1.000000, -1.#QNAN0
3001.167703, 233.306977, 1.000000, -1.#QNAN0
3001.449840, 233.026722, 1.000000, -1.#QNAN0
3001.500371, 232.976528, 1.000000, -1.#QNAN0
3001.542536, 232.917913, 1.000000, -1.#QNAN0
3001.584701, 232.859298, 1.000000, -1.#QNAN0
3001.626866, 232.800683, 1.000000, -1.#QNAN0
3001.892272, 232.503584, 1.000000, -1.#QNAN0
3001.934437, 232.444969, 1.000000, -1.#QNAN0
3001.976602, 232.386354, 1.000000, -1.#QNAN0
3002.027132, 232.336160, 1.000000, -1.#QNAN0
3002.077663, 232.285967, 1.000000, -1.#QNAN0
3002.359800, 232.005712, 1.000000, -1.#QNAN0
3002.410330, 231.955518, 1.000000, -1.#QNAN0
3002.460861, 231.905325, 1.000000, -1.#QNAN0
3002.511392, 231.855132, 1.000000, -1.#QNAN0
3002.793529, 231.574876, 1.000000, -1.#QNAN0
3002.835694, 231.516261, 1.000000, -1.#QNAN0
3002.886225, 231.466067, 1.000000, -1.#QNAN0
3002.936755, 231.415874, 1.000000, -1.#QNAN0
3002.987286, 231.365680, 1.000000, -1.#QNAN0
3003.269410, 231.085438, 1.000000, -1.#QNAN0
3003.328307, 231.043666, 1.000000, -1.#QNAN0
3003.378837, 230.993473, 1.000000, -1.#QNAN0
3003.429368, 230.943279, 1.000000, -1.#QNAN0
3003.479898, 230.893086, 1.000000, -1.#QNAN0
3003.753294, 230.604782, 1.000000, -1.#QNAN0
3003.803824, 230.554589, 1.000000, -1.#QNAN0
3003.854355, 230.504395, 1.000000, -1.#QNAN0
3003.913251, 230.462624, 1.000000, -1.#QNAN0
3004.194749, 230.183004, 1.000000, -1.#QNAN0
3004.245279, 230.132810, 1.000000, -1.#QNAN0
3004.295810, 230.082617, 1.000000, -1.#QNAN0
3004.354706, 230.040845, 1.000000, -1.#QNAN0
3004.405237, 229.990652, 1.000000, -1.#QNAN0
3004.694936, 229.719616, 1.000000, -1.#QNAN0
3004.745467, 229.669423, 1.000000, -1.#QNAN0
3004.804363, 229.627651, 1.000000, -1.#QNAN0
3004.854893, 229.577458, 1.000000, -1.#QNAN0
3004.897058, 229.518842, 1.000000, -1.#QNAN0
3005.169963, 229.231027, 1.000000, -1.#QNAN0
3005.212128, 229.172411, 1.000000, -1.#QNAN0
3005.262658, 229.122218, 1.000000, -1.#QNAN0
3005.304823, 229.063603, 1.000000, -1.#QNAN0
3005.569400, 228.767328, 1.000000, -1.#QNAN0
3005.611565, 228.708713, 1.000000, -1.#QNAN0
3005.662095, 228.658520, 1.000000, -1.#QNAN0
3005.704260, 228.599905, 1.000000, -1.#QNAN0
3005.754791, 228.549711, 1.000000, -1.#QNAN0
3006.036234, 228.270145, 1.000000, -1.#QNAN0
3006.086765, 228.219951, 1.000000, -1.#QNAN0
3006.137295, 228.169758, 1.000000, -1.#QNAN0
3006.187826, 228.119565, 1.000000, -1.#QNAN0
3006.246722, 228.077793, 1.000000, -1.#QNAN0
3006.528394, 227.798000, 1.000000, -1.#QNAN0
3006.578925, 227.747807, 1.000000, -1.#QNAN0
3006.621089, 227.689191, 1.000000, -1.#QNAN0
3006.663254, 227.630576, 1.000000, -1.#QNAN0
3006.928196, 227.333939, 1.000000, -1.#QNAN0
3006.970361, 227.275324, 1.000000, -1.#QNAN0
3007.004160, 227.208287, 1.000000, -1.#QNAN0
3007.054691, 227.158094, 1.000000, -1.#QNAN0
3007.105221, 227.107900, 1.000000, -1.#QNAN0
3007.395259, 226.836529, 1.000000, -1.#QNAN0
3007.445789, 226.786336, 1.000000, -1.#QNAN0
3007.504685, 226.744564, 1.000000, -1.#QNAN0
3007.546850, 226.685949, 1.000000, -1.#QNAN0
3007.597381, 226.635755, 1.000000, -1.#QNAN0
3007.870687, 226.347541, 1.000000, -1.#QNAN0
3007.912852, 226.288925, 1.000000, -1.#QNAN0
3007.963382, 226.238732, 1.000000, -1.#QNAN0
3008.005547, 226.180117, 1.000000, -1.#QNAN0
3008.287220, 225.900323, 1.000000, -1.#QNAN0
3008.329385, 225.841708, 1.000000, -1.#QNAN0
3008.379915, 225.791515, 1.000000, -1.#QNAN0
3008.430446, 225.741321, 1.000000, -1.#QNAN0
3008.489342, 225.699549, 1.000000, -1.#QNAN0
3008.788111, 225.436049, 1.000000, -1.#QNAN0
3008.846992, 225.394255, 1.000000, -1.#QNAN0
3008.914241, 225.360880, 1.000000, -1.#QNAN0
3008.973122, 225.319087, 1.000000, -1.#QNAN0
3009.032002, 225.277293, 1.000000, -1.#QNAN0
3009.334489, 224.986427, 1.000000, -1.#QNAN0
3009.392849, 224.943908, 1.000000, -1.#QNAN0
3009.451208, 224.901390, 1.000000, -1.#QNAN0
3009.509567, 224.858871, 1.000000, -1.#QNAN0
3009.803044, 224.552496, 1.000000, -1.#QNAN0
3009.852182, 224.500939, 1.000000, -1.#QNAN0
3009.909914, 224.457572, 1.000000, -1.#QNAN0
3009.959052, 224.406015, 1.000000, -1.#QNAN0
3010.016783, 224.362648, 1.000000, -1.#QNAN0
3010.314467, 224.059550, 1.000000, -1.#QNAN0
3010.371557, 224.015342, 1.000000, -1.#QNAN0
3010.419935, 223.963070, 1.000000, -1.#QNAN0
3010.477025, 223.918862, 1.000000, -1.#QNAN0
3010.534115, 223.874654, 1.000000, -1.#QNAN0
3010.827552, 223.566458, 1.000000, -1.#QNAN0
3010.875159, 223.513483, 1.000000, -1.#QNAN0
3010.931595, 223.468443, 1.000000, -1.#QNAN0
3010.979201, 223.415468, 1.000000, -1.#QNAN0
3011.268845, 223.103198, 1.000000, -1.#QNAN0
3011.315670, 223.049531, 1.000000, -1.#QNAN0
3011.371439, 223.003668, 1.000000, -1.#QNAN0
3011.418264, 222.950000, 1.000000, -1.#QNAN0
3011.465088, 222.896333, 1.000000, -1.#QNAN0
3011.741021, 222.571697, 1.000000, -1.#QNAN0
3011.787054, 222.517349, 1.000000, -1.#QNAN0
3011.833087, 222.463001, 1.000000, -1.#QNAN0
3011.879120, 222.408653, 1.000000, -1.#QNAN0
3011.925153, 222.354306, 1.000000, -1.#QNAN0
3012.195659, 222.026121, 1.000000, -1.#QNAN0
3012.240912, 221.971122, 1.000000, -1.#QNAN0
3012.286165, 221.916123, 1.000000, -1.#QNAN0
3012.340584, 221.868666, 1.000000, -1.#QNAN0
3012.604229, 221.565740, 1.000000, -1.#QNAN0
3012.658544, 221.518163, 1.000000, -1.#QNAN0
3012.703675, 221.463064, 1.000000, -1.#QNAN0
3012.748807, 221.407966, 1.000000, -1.#QNAN0
3012.793938, 221.352867, 1.000000, -1.#QNAN0
3013.036328, 221.038210, 1.000000, -1.#QNAN0
3013.081460, 220.983111, 1.000000, -1.#QNAN0
3013.117408, 220.920491, 1.000000, -1.#QNAN0
3013.162539, 220.865392, 1.000000, -1.#QNAN0
3013.207671, 220.810293, 1.000000, -1.#QNAN0
3013.459244, 220.503158, 1.000000, -1.#QNAN0
3013.504376, 220.448060, 1.000000, -1.#QNAN0
3013.549507, 220.392961, 1.000000, -1.#QNAN0
3013.603822, 220.345384, 1.000000, -1.#QNAN0
3013.864579, 220.045771, 1.000000, -1.#QNAN0
3013.909710, 219.990672, 1.000000, -1.#QNAN0
3013.964025, 219.943095, 1.000000, -1.#QNAN0
3014.009156, 219.887996, 1.000000, -1.#QNAN0
3014.054288, 219.832897, 1.000000, -1.#QNAN0
3014.296678, 219.518241, 1.000000, -1.#QNAN0
3014.341809, 219.463142, 1.000000, -1.#QNAN0
3014.386941, 219.408043, 1.000000, -1.#QNAN0
3014.432072, 219.352944, 1.000000, -1.#QNAN0
3014.468020, 219.290324, 1.000000, -1.#QNAN0
3014.719594, 218.983189, 1.000000, -1.#QNAN0
3014.764725, 218.928090, 1.000000, -1.#QNAN0
3014.809857, 218.872991, 1.000000, -1.#QNAN0
3014.854988, 218.817893, 1.000000, -1.#QNAN0
3015.106562, 218.510758, 1.000000, -1.#QNAN0
3015.142510, 218.448137, 1.000000, -1.#QNAN0
3015.187642, 218.393038, 1.000000, -1.#QNAN0
3015.232773, 218.337939, 1.000000, -1.#QNAN0
3015.277905, 218.282840, 1.000000, -1.#QNAN0
3015.529478, 217.975706, 1.000000, -1.#QNAN0
3015.574610, 217.920607, 1.000000, -1.#QNAN0
3015.619741, 217.865508, 1.000000, -1.#QNAN0
3015.664872, 217.810409, 1.000000, -1.#QNAN0
3015.700821, 217.747789, 1.000000, -1.#QNAN0
3015.952394, 217.440654, 1.000000, -1.#QNAN0
3015.988342, 217.378033, 1.000000, -1.#QNAN0
2947.613711, 271.896976, 0.000000, 0.000000
2947.674253, 271.859462, 0.000000, 0.000000
2947.734796, 271.821949, 0.000000, 0.000000
2947.801591, 271.794525, 0.000000, 0.000000
2948.124699, 271.590254, 0.000000, 0.000000
2948.184862, 271.552135, 0.000000, 0.000000
2948.245025, 271.514016, 0.000000, 0.000000
2948.305189, 271.475896, 0.000000, 0.000000
2948.365352, 271.437777, 0.000000, 0.000000
2948.686225, 271.230091, 0.000000, 0.000000
2948.752456, 271.201332, 0.000000, 0.000000
2948.812233, 271.162609, 0.000000, 0.000000
2948.872010, 271.123887, 0.000000, 0.000000
2948.931787, 271.085165, 0.000000, 0.000000
2949.250489, 270.874012, 0.000000, 0.000000
2949.309873, 270.834690, 0.000000, 0.000000
2949.369257, 270.795367, 0.000000, 0.000000
2949.428641, 270.756045, 0.000000, 0.000000
2949.752089, 270.551933, 0.000000, 0.000000
2949.811073, 270.512014, 0.000000, 0.000000
2949.870057, 270.472094, 0.000000, 0.000000
2949.929042, 270.432174, 0.000000, 0.000000
2949.988026, 270.392255, 0.000000, 0.000000
2950.302586, 270.174872, 0.000000, 0.000000
2950.361163, 270.134359, 0.000000, 0.000000
2950.426494, 270.103608, 0.000000, 0.000000
2950.485072, 270.063095, 0.000000, 0.000000
2950.543649, 270.022581, 0.000000, 0.000000
2950.872748, 269.794626, 0.000000, 0.000000
2950.931297, 269.754071, 0.000000, 0.000000
2950.989846, 269.713517, 0.000000, 0.000000
2951.048395, 269.672962, 0.000000, 0.000000
2951.385355, 269.454002, 0.000000, 0.000000
2951.443904, 269.413447, 0.000000, 0.000000
2951.502454, 269.372892, 0.000000, 0.000000
2951.561003, 269.332337, 0.000000, 0.000000
2951.619552, 269.291782, 0.000000, 0.000000
2951.949753, 269.063064, 0.000000, 0.000000
2952.008302, 269.022509, 0.000000, 0.000000
2952.066851, 268.981954, 0.000000, 0.000000
2952.132160, 268.951158, 0.000000, 0.000000
2952.190709, 268.910603, 0.000000, 0.000000
2952.520910, 268.681884, 0.000000, 0.000000
2952.579460, 268.641329, 0.000000, 0.000000
2952.638009, 268.600775, 0.000000, 0.000000
2952.696558, 268.560220, 0.000000, 0.000000
2953.026759, 268.331502, 0.000000, 0.000000
2953.092067, 268.300705, 0.000000, 0.000000
2953.150617, 268.260150, 0.000000, 0.000000
2953.209166, 268.219595, 0.000000, 0.000000
2953.267715, 268.179040, 0.000000, 0.000000
2953.597916, 267.950322, 0.000000, 0.000000
2953.656465, 267.909767, 0.000000, 0.000000
2953.715014, 267.869212, 0.000000, 0.000000
2953.780323, 267.838416, 0.000000, 0.000000
2953.838872, 267.797861, 0.000000, 0.000000
2954.169073, 267.569142, 0.000000, 0.000000
2954.227623, 267.528587, 0.000000, 0.000000
2954.286172, 267.488033, 0.000000, 0.000000
2954.344721, 267.447478, 0.000000, 0.000000
2954.674922, 267.218760, 0.000000, 0.000000
2954.733471, 267.178205, 0.000000, 0.000000
2954.798780, 267.147408, 0.000000, 0.000000
2954.857329, 267.106853, 0.000000, 0.000000
2954.915878, 267.066298, 0.000000, 0.000000
2955.259597, 266.857097, 1.000000, 0.000000
2955.338424, 266.845816, 1.000000, 0.000000
2955.403732, 266.815020, 1.000000, 0.000000
2955.469041, 266.784223, 1.000000, 0.000000
2955.561386, 266.792459, 1.000000, 0.000000
2955.898346, 266.573499, 1.000000, 0.000000
2955.956895, 266.532944, 1.000000, 0.000000
2956.015445, 266.492389, 1.000000, 0.000000
2956.080753, 266.461592, 1.000000, 0.000000
2956.411067, 266.232796, 1.000000, 0.000000
2956.469616, 266.192241, 1.000000, 0.000000
2956.534925, 266.161444, 1.000000, 0.000000
2956.593474, 266.120889, 1.000000, 0.000000
2956.652023, 266.080335, 1.000000, 0.000000
2956.982920, 265.851134, 1.000000, 0.000000
2957.048229, 265.820338, 1.000000, 0.000000
2957.106778, 265.779783, 1.000000, 0.000000
2957.165327, 265.739228, 1.000000, 0.000000
2957.230635, 265.708431, 1.000000, 0.000000
2957.562189, 265.478776, 1.000000, 0.000000
2957.620739, 265.438221, 1.000000, 0.000000
2957.679288, 265.397666, 1.000000, 0.000000
2957.737837, 265.357111, 1.000000, 0.000000
2958.076879, 265.136709, 1.000000, 0.000000
2958.135428, 265.096154, 1.000000, 0.000000
2958.193978, 265.055599, 1.000000, 0.000000
2958.252527, 265.015044, 1.000000, 0.000000
2958.311076, 264.974489, 1.000000, 0.000000
2958.644161, 264.743774, 1.000000, 0.000000
2958.702710, 264.703219, 1.000000, 0.000000
2958.761259, 264.662664, 1.000000, 0.000000
2958.826568, 264.631867, 1.000000, 0.000000
2958.885117, 264.591312, 1.000000, 0.000000
2959.219077, 264.359991, 1.000000, 0.000000
2959.277626, 264.319436, 1.000000, 0.000000
2959.336175, 264.278881, 1.000000, 0.000000
2959.394725, 264.238326, 1.000000, 0.000000
2959.736389, 264.016107, 1.000000, 0.000000
2959.794938, 263.975552, 1.000000, 0.000000
2959.853488, 263.934998, 1.000000, 0.000000
2959.912037, 263.894443, 1.000000, 0.000000
2959.970586, 263.853888, 1.000000, 0.000000
2960.306290, 263.621358, 1.000000, 0.000000
2960.371598, 263.590561, 1.000000, 0.000000
2960.430147, 263.550006, 1.000000, 0.000000
2960.488697, 263.509451, 1.000000, 0.000000
2960.547246, 263.468897, 1.000000, 0.000000
2960.855914, 263.197334, 1.000000, 0.000000
2960.914463, 263.156779, 1.000000, 0.000000
2960.973012, 263.116224, 1.000000, 0.000000
2961.038320, 263.085427, 1.000000, 0.000000
2961.387542, 262.872414, 1.000000, 0.000000
2961.446092, 262.831859, 0.000000, 0.000000
2961.504641, 262.791304, 0.000000, 0.000000
2961.563190, 262.750749, 0.000000, 0.000000
2961.621739, 262.710194, 0.000000, 0.000000
2961.957443, 262.477665, 0.000000, 0.000000
2962.015992, 262.437110, 0.000000, 0.000000
2962.067782, 262.386797, 0.000000, 0.000000
2962.126332, 262.346242, 0.000000, 0.000000
2962.184881, 262.305687, 0.000000, 0.000000
2962.520550, 262.073170, 0.000000, 0.000000
2962.579099, 262.032614, 0.000000, 0.000000
2962.637647, 261.992057, 0.000000, 0.000000
2962.696195, 261.951501, 0.000000, 0.000000
2963.027856, 261.720611, 0.000000, 0.000000
2963.086297, 261.679900, 0.000000, 0.000000
2963.144738, 261.639190, 0.000000, 0.000000
2963.203180, 261.598480, 0.000000, 0.000000
2963.261621, 261.557769, 0.000000, 0.000000
2963.578679, 261.331557, 0.000000, 0.000000
2963.629742, 261.280505, 0.000000, 0.000000
2963.687703, 261.239114, 0.000000, 0.000000
2963.745664, 261.197723, 0.000000, 0.000000
2963.803625, 261.156332, 0.000000, 0.000000
2964.117804, 260.926257, 0.000000, 0.000000
2964.175279, 260.884193, 0.000000, 0.000000
2964.232753, 260.842129, 0.000000, 0.000000
2964.290228, 260.800065, 0.000000, 0.000000
2964.602101, 260.566758, 0.000000, 0.000000
2964.659083, 260.524029, 0.000000, 0.000000
2964.716065, 260.481301, 0.000000, 0.000000
2964.773048, 260.438572, 0.000000, 0.000000
2964.830030, 260.395844, 0.000000, 0.000000
2965.131851, 260.149264, 0.000000, 0.000000
2965.188335, 260.105879, 0.000000, 0.000000
2965.244820, 260.062495, 0.000000, 0.000000
2965.301304, 260.019110, 0.000000, 0.000000
2965.357789, 259.975726, 0.000000, 0.000000
2965.663883, 259.734833, 0.000000, 0.000000
2965.719865, 259.690802, 0.000000, 0.000000
2965.775846, 259.646770, 0.000000, 0.000000
2965.831828, 259.602738, 0.000000, 0.000000
2966.135740, 259.358633, 0.000000, 0.000000
2966.191219, 259.313970, 0.000000, 0.000000
2966.246698, 259.269307, 0.000000, 0.000000
2966.302177, 259.224644, 0.000000, 0.000000
2966.350213, 259.170735, 0.000000, 0.000000
2966.655290, 258.920991, 0.000000, 0.000000
2966.710386, 258.875856, 0.000000, 0.000000
2966.765481, 258.830720, 0.000000, 0.000000
2966.820577, 258.785585, 0.000000, 0.000000
2966.875672, 258.740449, 0.000000, 0.000000
2967.191571, 258.481657, 0.000000, 0.000000
2967.246666, 258.436521, 0.000000, 0.000000
2967.301762, 258.391386, 0.000000, 0.000000
2967.356857, 258.346250, 0.000000, 0.000000
2967.672755, 258.087458, 0.000000, 0.000000
2967.727851, 258.042323, 0.000000, 0.000000
2967.782946, 257.997187, 0.000000, 0.000000
2967.830519, 257.942869, 0.000000, 0.000000
2967.885614, 257.897733, 0.000000, 0.000000
2968.201512, 257.638942, 0.000000, 0.000000
2968.256608, 257.593806, 0.000000, 0.000000
2968.311703, 257.548671, 0.000000, 0.000000
2968.366798, 257.503535, 0.000000, 0.000000
2968.421894, 257.458399, 0.000000, 0.000000
2968.737793, 257.199607, 0.000000, 0.000000
2968.792888, 257.154471, 0.000000, 0.000000
2968.847983, 257.109336, 0.000000, 0.000000
2968.903079, 257.064200, 0.000000, 0.000000
2969.218977, 256.805408, 0.000000, 0.000000
2969.274072, 256.760273, 0.000000, 0.000000
2969.321645, 256.705955, 0.000000, 0.000000
2969.376741, 256.660819, 0.000000, 0.000000
2969.431836, 256.615684, 0.000000, 0.000000
2969.747734, 256.356892, 0.000000, 0.000000
2969.802830, 256.311756, 0.000000, 0.000000
2969.857925, 256.266621, 0.000000, 0.000000
2969.920543, 256.230668, 1.000000, 0.000000
2969.983161, 256.194715, 1.000000, 0.000000
2970.306582, 255.945105, 1.000000, 0.000000
2970.369200, 255.909152, 1.000000, 0.000000
2970.424296, 255.864016, 1.000000, 0.000000
2970.479391, 255.818881, 1.000000, 0.000000
2970.795289, 255.560089, 1.000000, 0.000000
2970.850385, 255.514953, 1.000000, 0.000000
2970.905480, 255.469818, 1.000000, 0.000000
2970.960575, 255.424682, 1.000000, 0.000000
2971.015671, 255.379547, 1.000000, 0.000000
2971.331569, 255.120755, 1.000000, 0.000000
2971.386665, 255.075619, 1.000000, 0.000000
2971.441760, 255.030484, 1.000000, 0.000000
2971.496855, 254.985348, 1.000000, 0.000000
2971.551951, 254.940212, 1.000000, 0.000000
2971.867849, 254.681420, 1.000000, 0.000000
2971.922945, 254.636285, 1.000000, 0.000000
2971.978040, 254.591149, 1.000000, 0.000000
2972.033135, 254.546014, 1.000000, 0.000000
2972.347494, 254.288483, 1.000000, 0.000000
2972.402590, 254.243347, 1.000000, 0.000000
2972.457685, 254.198211, 1.000000, 0.000000
2972.512781, 254.153076, 1.000000, 0.000000
2972.567876, 254.107940, 1.000000, 0.000000
2972.869596, 253.845418, 1.000000, 0.000000
2972.924692, 253.800283, 1.000000, 0.000000
2972.979787, 253.755147, 1.000000, 0.000000
2973.034883, 253.710011, 1.000000, 0.000000
2973.089978, 253.664876, 1.000000, 0.000000
2973.386606, 253.406525, 1.000000, 0.000000
2973.441702, 253.361389, 1.000000, 0.000000
2973.496797, 253.316254, 1.000000, 0.000000
2973.551892, 253.271118, 1.000000, 0.000000
2973.850975, 253.026103, 1.000000, 0.000000
2973.898548, 252.971784, 1.000000, 0.000000
2973.953643, 252.926649, 1.000000, 0.000000
2974.008738, 252.881513, 1.000000, 0.000000
2974.063834, 252.836378, 1.000000, 0.000000
2974.367055, 252.587971, 1.000000, 0.000000
2974.422151, 252.542835, 1.000000, 0.000000
2974.477246, 252.497700, 1.000000, 0.000000
2974.524819, 252.443382, 1.000000, 0.000000
2974.823024, 252.199084, 1.000000, 0.000000
2974.878119, 252.153949, 1.000000, 0.000000
2975.993900, 253.403555, -1.000000, 0.000000
2974.965742, 252.036130, 0.000000, 0.000000
2975.020838, 251.990994, 0.000000, 0.000000
2975.314051, 251.750786, 0.000000, 0.000000
2975.369147, 251.705651, 0.000000, 0.000000
2975.424242, 251.660515, 0.000000, 0.000000
2975.471815, 251.606197, 0.000000, 0.000000
2975.761551, 251.368838, 0.000000, 0.000000
2975.816647, 251.323702, 0.000000, 0.000000
2975.871742, 251.278567, 0.000000, 0.000000
2975.926837, 251.233431, 0.000000, 0.000000
2975.981933, 251.188296, 0.000000, 0.000000
2976.271670, 250.950936, 0.000000, 0.000000
2976.326765, 250.905800, 0.000000, 0.000000
2976.381860, 250.860665, 0.000000, 0.000000
2976.436956, 250.815529, 0.000000, 0.000000
2976.726692, 250.578170, 0.000000, 0.000000
2976.774265, 250.523851, 0.000000, 0.000000
2976.829360, 250.478716, 0.000000, 0.000000
2976.884456, 250.433580, 0.000000, 0.000000
2976.939551, 250.388445, 0.000000, 0.000000
2977.229288, 250.151085, 0.000000, 0.000000
2977.284383, 250.105950, 0.000000, 0.000000
2977.339478, 250.060814, 0.000000, 0.000000
2977.394574, 250.015679, 0.000000, 0.000000
2977.684311, 249.778319, 0.000000, 0.000000
2977.739406, 249.733183, 0.000000, 0.000000
2977.794501, 249.688048, 0.000000, 0.000000
2977.849597, 249.642912, 0.000000, 0.000000
2977.897170, 249.588594, 0.000000, 0.000000
2978.185513, 249.351975, 0.000000, 0.000000
2978.240568, 249.306790, 0.000000, 0.000000
2978.295624, 249.261606, 0.000000, 0.000000
2978.350679, 249.216422, 0.000000, 0.000000
2978.634593, 248.981948, 0.000000, 0.000000
2978.689484, 248.936564, 0.000000, 0.000000
2978.744375, 248.891181, 0.000000, 0.000000
2978.799266, 248.845797, 0.000000, 0.000000
2978.854157, 248.800413, 0.000000, 0.000000
2979.132853, 248.567139, 0.000000, 0.000000
2979.179832, 248.512307, 0.000000, 0.000000
2979.234433, 248.466574, 0.000000, 0.000000
2979.289034, 248.420842, 0.000000, 0.000000
2979.566028, 248.186195, 0.000000, 0.000000
2979.620328, 248.140106, 0.000000, 0.000000
2979.674628, 248.094017, 0.000000, 0.000000
2979.728928, 248.047927, 0.000000, 0.000000
2979.783228, 248.001838, 0.000000, 0.000000
2980.058210, 247.765379, 0.000000, 0.000000
2980.112198, 247.718923, 0.000000, 0.000000
2980.166185, 247.672468, 0.000000, 0.000000
2980.220172, 247.626013, 0.000000, 0.000000
2980.485584, 247.379129, 0.000000, 0.000000
2980.539246, 247.332299, 0.000000, 0.000000
2980.592908, 247.285469, 0.000000, 0.000000
2980.646571, 247.238638, 0.000000, 0.000000
2980.700233, 247.191808, 0.000000, 0.000000
2980.971222, 246.952035, 0.000000, 0.000000
2981.024546, 246.904820, 0.000000, 0.000000
2981.077871, 246.857605, 0.000000, 0.000000
2981.131195, 246.810391, 0.000000, 0.000000
2981.400899, 246.568698, 0.000000, 0.000000
2981.453891, 246.521111, 0.000000, 0.000000
2981.498952, 246.464692, 0.000000, 0.000000
2981.551945, 246.417105, 0.000000, 0.000000
2981.604937, 246.369517, 0.000000, 0.000000
2981.876815, 246.123335, 0.000000, 0.000000
2981.929599, 246.075517, 0.000000, 0.000000
2981.982384, 246.027699, 0.000000, 0.000000
2982.035168, 245.979881, 0.000000, 0.000000
2982.312748, 245.728417, 0.000000, 0.000000
2982.365533, 245.680599, 0.000000, 0.000000
2982.418317, 245.632781, 0.000000, 0.000000
2982.471101, 245.584963, 0.000000, 0.000000
2982.523885, 245.537145, 0.000000, 0.000000
2982.793496, 245.276882, 0.000000, 0.000000
2982.846280, 245.229064, 0.000000, 0.000000
2982.899064, 245.181246, 0.000000, 0.000000
2982.951848, 245.133429, 0.000000, 0.000000
2983.229430, 244.881963, 0.000000, 0.000000
2983.290183, 244.842943, 1.000000, 0.000000
2983.358907, 244.812719, 1.000000, 0.000000
2983.411691, 244.764901, 1.000000, 0.000000
2983.464475, 244.717083, 1.000000, 0.000000
2983.742056, 244.465618, 1.000000, 0.000000
2983.826718, 244.452990, 1.000000, 0.000000
2983.879502, 244.405172, 1.000000, 0.000000
2983.932287, 244.357354, 1.000000, 0.000000
2984.209867, 244.105889, 1.000000, 0.000000
2984.262651, 244.058071, 1.000000, 0.000000
2984.315436, 244.010253, 1.000000, 0.000000
2984.368220, 243.962435, 1.000000, 0.000000
2984.421004, 243.914617, 1.000000, 0.000000
2984.698585, 243.663152, 1.000000, 0.000000
2984.751369, 243.615334, 1.000000, 0.000000
2984.804153, 243.567516, 1.000000, 0.000000
2984.856937, 243.519698, 1.000000, 0.000000
2985.134518, 243.268233, 1.000000, 0.000000
2985.187302, 243.220415, 1.000000, 0.000000
2985.208208, 243.137408, 1.000000, 0.000000
2985.260992, 243.089590, 1.000000, 0.000000
2985.313776, 243.041772, 1.000000, 0.000000
2985.583387, 242.781509, 1.000000, 0.000000
2985.636171, 242.733692, 1.000000, 0.000000
2985.688955, 242.685874, 1.000000, 0.000000
2985.741739, 242.638056, 1.000000, 0.000000
2986.011351, 242.377793, 1.000000, 0.000000
2986.064135, 242.329975, 1.000000, 0.000000
2986.116919, 242.282157, 1.000000, 0.000000
2986.169703, 242.234339, 1.000000, 0.000000
2986.214518, 242.177724, 1.000000, 0.000000
2986.492098, 241.926259, 1.000000, 0.000000
2986.536913, 241.869643, 1.000000, 0.000000
2986.589697, 241.821826, 1.000000, 0.000000
2986.642481, 241.774008, 1.000000, 0.000000
2986.915735, 241.510445, 1.000000, 0.000000
2986.968519, 241.462627, 1.000000, 0.000000
2987.021303, 241.414809, 1.000000, 0.000000
2987.074087, 241.366991, 1.000000, 0.000000
2987.118901, 241.310376, 1.000000, 0.000000
2987.403790, 241.052291, 1.000000, 0.000000
2987.448604, 240.995676, 1.000000, 0.000000
2987.501388, 240.947858, 1.000000, 0.000000
2987.554172, 240.900040, 1.000000, 0.000000
2987.850715, 240.647414, 1.000000, 0.000000
2987.895530, 240.590799, 0.000000, 0.000000
2987.948314, 240.542981, 0.000000, 0.000000
2988.001098, 240.495163, 0.000000, 0.000000
2988.053882, 240.447345, 0.000000, 0.000000
2988.346162, 240.182564, 0.000000, 0.000000
2988.398946, 240.134746, 0.000000, 0.000000
2988.443760, 240.078131, 0.000000, 0.000000
2988.496544, 240.030313, 0.000000, 0.000000
2988.783754, 239.770125, 0.000000, 0.000000
2988.836538, 239.722307, 0.000000, 0.000000
2988.889322, 239.674489, 0.000000, 0.000000
2988.942106, 239.626671, 0.000000, 0.000000
2988.994890, 239.578853, 0.000000, 0.000000
2989.285845, 239.315272, 0.000000, 0.000000
2989.338629, 239.267454, 0.000000, 0.000000
2989.391414, 239.219636, 0.000000, 0.000000
2989.444198, 239.171818, 0.000000, 0.000000
2989.496982, 239.124000, 0.000000, 0.000000
2989.783733, 238.848211, 0.000000, 0.000000
2989.836517, 238.800393, 0.000000, 0.000000
2989.889301, 238.752575, 0.000000, 0.000000
2989.942085, 238.704757, 0.000000, 0.000000
2990.236806, 238.437764, 0.000000, 0.000000
2990.289591, 238.389946, 0.000000, 0.000000
2990.342375, 238.342128, 0.000000, 0.000000
2990.395159, 238.294310, 0.000000, 0.000000
2990.447943, 238.246492, 0.000000, 0.000000
2990.742664, 237.979500, 0.000000, 0.000000
2990.795448, 237.931682, 0.000000, 0.000000
2990.840262, 237.875067, 0.000000, 0.000000
2990.893046, 237.827249, 0.000000, 0.000000
2990.945830, 237.779431, 0.000000, 0.000000
2991.240551, 237.512438, 0.000000, 0.000000
2991.293335, 237.464620, 0.000000, 0.000000
2991.346119, 237.416802, 0.000000, 0.000000
2991.398903, 237.368984, 0.000000, 0.000000
2991.693625, 237.101992, 0.000000, 0.000000
2991.746409, 237.054174, 0.000000, 0.000000
2991.799193, 237.006356, 0.000000, 0.000000
2991.851977, 236.958538, 0.000000, 0.000000
2991.904761, 236.910720, 0.000000, 0.000000
2992.191512, 236.634930, 0.000000, 0.000000
2992.244296, 236.587112, 0.000000, 0.000000
2992.297080, 236.539294, 0.000000, 0.000000
2992.349865, 236.491476, 0.000000, 0.000000
2992.402649, 236.443658, 0.000000, 0.000000
2992.689436, 236.181388, 0.000000, 0.000000
2992.741990, 236.133318, 0.000000, 0.000000
2992.794544, 236.085248, 0.000000, 0.000000
2992.847099, 236.037178, 0.000000, 0.000000
2993.129028, 235.776106, 0.000000, 0.000000
2993.181239, 235.727663, 0.000000, 0.000000
2993.233450, 235.679220, 0.000000, 0.000000
2993.277587, 235.622075, 0.000000, 0.000000
2993.329798, 235.573632, 0.000000, 0.000000
2993.609955, 235.310324, 0.000000, 0.000000
2993.661828, 235.261520, 0.000000, 0.000000
2993.713701, 235.212715, 0.000000, 0.000000
2993.765574, 235.163910, 0.000000, 0.000000
2993.817447, 235.115106, 0.000000, 0.000000
2994.095919, 234.849571, 0.000000, 0.000000
2994.147460, 234.800416, 0.000000, 0.000000
2994.199000, 234.751260, 0.000000, 0.000000
2994.250541, 234.702104, 0.000000, 0.000000
2994.527679, 234.434748, 0.000000, 0.000000
2994.570643, 234.376716, 0.000000, 0.000000
2994.621856, 234.327220, 0.000000, 0.000000
2994.673070, 234.277724, 0.000000, 0.000000
2994.724284, 234.228227, 0.000000, 0.000000
2994.999724, 233.958817, 0.000000, 0.000000
2995.050616, 233.908990, 0.000000, 0.000000
2995.101508, 233.859163, 0.000000, 0.000000
2995.152399, 233.809336, 0.000000, 0.000000
2995.203291, 233.759508, 0.000000, 0.000000
2995.477116, 233.488050, 0.000000, 0.000000
2995.527691, 233.437902, 0.000000, 0.000000
2995.578267, 233.387754, 0.000000, 0.000000
2995.620484, 233.329176, 0.000000, 0.000000
2995.901436, 233.050173, 0.000000, 0.000000
2995.951966, 232.999979, 0.000000, 0.000000
2996.002497, 232.949786, 0.000000, 0.000000
2996.053027, 232.899593, 0.000000, 0.000000
2997.458781, 234.213724, -1.000000, 0.000000
2996.402426, 232.585988, 1.000000, 0.000000
2996.461322, 232.544216, 1.000000, 0.000000
2996.520218, 232.502444, 1.000000, 0.000000
2996.570749, 232.452251, 1.000000, 0.000000
2996.621279, 232.402057, 1.000000, 0.000000
2996.903417, 232.121802, 1.000000, 0.000000
2996.953947, 232.071609, 1.000000, 0.000000
2997.004478, 232.021415, 1.000000, 0.000000
2997.055008, 231.971222, 1.000000, 0.000000
2997.337146, 231.690966, 1.000000, 0.000000
2997.387676, 231.640773, 1.000000, 0.000000
2997.438207, 231.590579, 1.000000, 0.000000
2997.488737, 231.540386, 1.000000, 0.000000
2997.539268, 231.490192, 1.000000, 0.000000
2997.813040, 231.201516, 1.000000, 0.000000
2997.863570, 231.151322, 1.000000, 0.000000
2997.914101, 231.101129, 1.000000, 0.000000
2997.964631, 231.050935, 1.000000, 0.000000
2998.015162, 231.000742, 1.000000, 0.000000
2998.305664, 230.728909, 1.000000, 0.000000
2998.356195, 230.678715, 1.000000, 0.000000
2998.406725, 230.628522, 1.000000, 0.000000
2998.457256, 230.578328, 1.000000, 0.000000
2998.739394, 230.298073, 1.000000, 0.000000
2998.781559, 230.239458, 1.000000, 0.000000
2998.840455, 230.197686, 1.000000, 0.000000
2998.890985, 230.147492, 1.000000, 0.000000
2998.933150, 230.088877, 1.000000, 0.000000
2999.215287, 229.808622, 1.000000, 0.000000
2999.265818, 229.758429, 1.000000, 0.000000
2999.316348, 229.708235, 1.000000, 0.000000
2999.366879, 229.658042, 1.000000, 0.000000
2999.417410, 229.607848, 1.000000, 0.000000
2999.699547, 229.327593, 1.000000, 0.000000
2999.750077, 229.277400, 1.000000, 0.000000
2999.800608, 229.227206, 1.000000, 0.000000
2999.851138, 229.177013, 1.000000, 0.000000
3000.133276, 228.896757, 1.000000, 0.000000
3000.183806, 228.846564, 1.000000, 0.000000
3000.234337, 228.796370, 1.000000, 0.000000
3000.284868, 228.746177, 1.000000, 0.000000
3000.335398, 228.695984, 1.000000, 0.000000
3000.617523, 228.415741, 1.000000, 0.000000
3000.668053, 228.365547, 1.000000, 0.000000
3000.718584, 228.315354, 1.000000, 0.000000
3000.769114, 228.265161, 1.000000, 0.000000
3000.811279, 228.206545, 1.000000, 0.000000
3002.431533, 229.274145, -1.000000, 0.000000
3001.135205, 227.868049, 0.000000, 0.000000
3001.185736, 227.817855, 0.000000, 0.000000
3001.236267, 227.767662, 0.000000, 0.000000
3001.517765, 227.488041, 0.000000, 0.000000
3001.568295, 227.437848, 0.000000, 0.000000
3001.610460, 227.379233, 0.000000, 0.000000
3001.660991, 227.329039, 0.000000, 0.000000
3001.711521, 227.278846, 0.000000, 0.000000
3001.992855, 226.999389, 0.000000, 0.000000
3002.043385, 226.949195, 0.000000, 0.000000
3002.093916, 226.899002, 0.000000, 0.000000
3002.144447, 226.848808, 0.000000, 0.000000
3002.194977, 226.798615, 0.000000, 0.000000
3002.476247, 226.519221, 0.000000, 0.000000
3002.526778, 226.469027, 0.000000, 0.000000
3002.577308, 226.418834, 0.000000, 0.000000
3002.627839, 226.368641, 0.000000, 0.000000
3002.900781, 226.080788, 0.000000, 0.000000
3002.951311, 226.030595, 0.000000, 0.000000
3003.001842, 225.980401, 0.000000, 0.000000
3003.052372, 225.930208, 0.000000, 0.000000
3003.102903, 225.880014, 0.000000, 0.000000
3003.384347, 225.600448, 0.000000, 0.000000
3003.434877, 225.550255, 0.000000, 0.000000
3003.485408, 225.500061, 0.000000, 0.000000
3003.535938, 225.449868, 0.000000, 0.000000
3003.586469, 225.399674, 0.000000, 0.000000
3003.868141, 225.119881, 0.000000, 0.000000
3003.918671, 225.069688, 0.000000, 0.000000
3003.960836, 225.011073, 0.000000, 0.000000
3004.011367, 224.960879, 0.000000, 0.000000
3004.293039, 224.681086, 0.000000, 0.000000
3004.343570, 224.630892, 0.000000, 0.000000
3004.394100, 224.580699, 0.000000, 0.000000
3004.444631, 224.530505, 0.000000, 0.000000
3004.495161, 224.480312, 0.000000, 0.000000
3004.776833, 224.200519, 0.000000, 0.000000
3004.827364, 224.150326, 0.000000, 0.000000
3004.877894, 224.100132, 0.000000, 0.000000
3004.928425, 224.049939, 0.000000, 0.000000
3004.970590, 223.991324, 0.000000, 0.000000
3005.252262, 223.711531, 0.000000, 0.000000
3005.302792, 223.661337, 0.000000, 0.000000
3005.353323, 223.611144, 0.000000, 0.000000
3005.403853, 223.560950, 0.000000, 0.000000
3005.685526, 223.281157, 0.000000, 0.000000
3005.736056, 223.230963, 0.000000, 0.000000
3005.786587, 223.180770, 0.000000, 0.000000
3005.837117, 223.130577, 0.000000, 0.000000
3005.887648, 223.080383, 0.000000, 0.000000
3006.168713, 222.801005, 0.000000, 0.000000
3006.219225, 222.750793, 0.000000, 0.000000
3006.261368, 222.692162, 0.000000, 0.000000
3006.311880, 222.641950, 0.000000, 0.000000
3006.362392, 222.591738, 0.000000, 0.000000
3006.623398, 222.325779, 0.000000, 0.000000
3006.673285, 222.274946, 0.000000, 0.000000
3006.723172, 222.224113, 0.000000, 0.000000
3006.773059, 222.173280, 0.000000, 0.000000
3007.027555, 221.907210, 0.000000, 0.000000
3007.076693, 221.855653, 0.000000, 0.000000
3007.125832, 221.804096, 0.000000, 0.000000
3007.174970, 221.752539, 0.000000, 0.000000
3007.224109, 221.700982, 0.000000, 0.000000
3007.465684, 221.422946, 0.000000, 0.000000
3007.514062, 221.370675, 0.000000, 0.000000
3007.562441, 221.318404, 0.000000, 0.000000
3007.610819, 221.266132, 0.000000, 0.000000
3007.659197, 221.213861, 0.000000, 0.000000
3007.905108, 220.940162, 0.000000, 0.000000
3007.952714, 220.887187, 0.000000, 0.000000
3008.000321, 220.834212, 0.000000, 0.000000
3008.047927, 220.781238, 0.000000, 0.000000
3008.290315, 220.504429, 0.000000, 0.000000
3008.337140, 220.450762, 0.000000, 0.000000
3008.383964, 220.397095, 0.000000, 0.000000
3008.421844, 220.335624, 0.000000, 0.000000
3008.468669, 220.281956, 0.000000, 0.000000
3008.706602, 220.001522, 0.000000, 0.000000
3008.752635, 219.947174, 0.000000, 0.000000
3008.798668, 219.892826, 0.000000, 0.000000
3008.853759, 219.846151, 1.000000, 0.000000
3008.908850, 219.799475, 1.000000, 0.000000
3009.152367, 219.522143, 1.000000, 0.000000
3009.197620, 219.467143, 1.000000, 0.000000
3009.252039, 219.419686, 1.000000, 0.000000
3009.297291, 219.364687, 1.000000, 0.000000
3009.537063, 219.053427, 1.000000, 0.000000
3009.573011, 218.990806, 1.000000, 0.000000
3009.618142, 218.935708, 1.000000, 0.000000
3009.663274, 218.880609, 1.000000, 0.000000
3009.708405, 218.825510, 1.000000, 0.000000
3009.950795, 218.510854, 1.000000, 0.000000
3009.995927, 218.455755, 1.000000, 0.000000
3010.041058, 218.400656, 1.000000, 0.000000
3010.086190, 218.345557, 1.000000, 0.000000
3010.131321, 218.290458, 1.000000, 0.000000
3010.392078, 217.990846, 1.000000, 0.000000
3010.437209, 217.935747, 1.000000, 0.000000
3010.491524, 217.888170, 1.000000, 0.000000
3010.536655, 217.833071, 1.000000, 0.000000
3010.788229, 217.525936, 1.000000, 0.000000
3010.824177, 217.463315, 1.000000, 0.000000
3010.869309, 217.408216, 1.000000, 0.000000
3010.923623, 217.360639, 1.000000, 0.000000
3010.968755, 217.305541, 1.000000, 0.000000
3011.220328, 216.998406, 1.000000, 0.000000
3011.265460, 216.943307, 1.000000, 0.000000
3011.310591, 216.888208, 1.000000, 0.000000
3011.355722, 216.833110, 1.000000, 0.000000
3011.400854, 216.778011, 1.000000, 0.000000
3011.643244, 216.463354, 1.000000, 0.000000
3011.688376, 216.408255, 1.000000, 0.000000
3011.742690, 216.360679, 1.000000, 0.000000
3011.778638, 216.298058, 1.000000, 0.000000
3012.021029, 215.983401, 1.000000, 0.000000
3012.075344, 215.935824, 1.000000, 0.000000
3012.129658, 215.888247, 1.000000, 0.000000
3012.174790, 215.833148, 1.000000, 0.000000
3012.219921, 215.778049, 1.000000, 0.000000
3012.471495, 215.470915, 1.000000, 0.000000
3012.507443, 215.408294, 1.000000, 0.000000
3012.561757, 215.360717, 1.000000, 0.000000
3012.616072, 215.313140, 1.000000, 0.000000
3012.670386, 215.265563, 1.000000, 0.000000
3012.921960, 214.958429, 1.000000, 0.000000
3012.967091, 214.903330, 1.000000, 0.000000
