2564.899530, 242.870756, 1.000000, 0.000000
2565.321068, 242.904218, 1.000000, 0.000000
2565.392067, 242.909866, 1.000000, 0.000000
2565.463066, 242.915514, 1.000000, 0.000000
2565.534064, 242.921162, 1.000000, 0.000000
2565.605063, 242.926810, 1.000000, 0.000000
2566.026933, 242.960371, 1.000000, 0.000000
2566.097931, 242.966020, 1.000000, 0.000000
2566.168930, 242.971670, 1.000000, 0.000000
2566.239928, 242.977319, 1.000000, 0.000000
2566.310927, 242.982969, 1.000000, 0.000000
2566.733781, 243.004708, 1.000000, 0.000000
2566.804780, 243.010357, 1.000000, 0.000000
2566.875778, 243.016007, 1.000000, 0.000000
2566.946777, 243.021656, 1.000000, 0.000000
2567.017775, 243.027306, 1.000000, 0.000000
2567.439687, 243.060878, 1.000000, 0.000000
2567.510686, 243.066527, 1.000000, 0.000000
2567.581684, 243.072177, 1.000000, 0.000000
2567.652683, 243.077826, 1.000000, 0.000000
2567.723681, 243.083476, 1.000000, 0.000000
2568.145593, 243.117048, 1.000000, 0.000000
2568.216592, 243.122697, 1.000000, 0.000000
2568.287590, 243.128347, 1.000000, 0.000000
2568.358589, 243.133996, 1.000000, 0.000000
2568.429588, 243.139646, 1.000000, 0.000000
2568.859467, 243.173852, 1.000000, 0.000000
2568.930466, 243.179501, 1.000000, 0.000000
2569.001465, 243.185151, 1.000000, 0.000000
2569.072463, 243.190800, 1.000000, 0.000000
2569.143462, 243.196450, 1.000000, 0.000000
2569.571333, 243.242404, 1.000000, 0.000000
2569.642332, 243.248054, 1.000000, 0.000000
2569.713331, 243.253703, 1.000000, 0.000000
2569.785271, 243.247520, 1.000000, 0.000000
2569.856269, 243.253169, 1.000000, 0.000000
2570.295851, 243.288147, 1.000000, 0.000000
2570.366849, 243.293797, 1.000000, 0.000000
2570.437848, 243.299446, 1.000000, 0.000000
2570.508847, 243.305096, 1.000000, 0.000000
2570.579845, 243.310745, 1.000000, 0.000000
2571.017421, 243.357472, 1.000000, 0.000000
2571.087478, 243.374954, 1.000000, 0.000000
2571.158477, 243.380604, 1.000000, 0.000000
2571.228534, 243.398086, 0.000000, 0.000000
2571.299532, 243.403736, 0.000000, 0.000000
2571.370531, 243.409385, 0.000000, 0.000000
2571.819817, 243.445136, 0.000000, 0.000000
2571.890815, 243.450785, 0.000000, 0.000000
2571.961814, 243.456435, 0.000000, 0.000000
2572.032812, 243.462084, 0.000000, 0.000000
2572.103811, 243.467734, 0.000000, 0.000000
2572.552033, 243.503399, 0.000000, 0.000000
2572.623032, 243.509049, 0.000000, 0.000000
2572.694031, 243.514698, 0.000000, 0.000000
2572.765029, 243.520348, 0.000000, 0.000000
2572.836028, 243.525997, 0.000000, 0.000000
2572.907026, 243.531647, 0.000000, 0.000000
2573.366020, 243.568170, 0.000000, 0.000000
2573.437019, 243.573819, 0.000000, 0.000000
2573.508017, 243.579468, 0.000000, 0.000000
2573.579016, 243.585118, 0.000000, 0.000000
2573.650014, 243.590767, 0.000000, 0.000000
2574.111807, 243.627513, 0.000000, 0.000000
2574.182806, 243.633162, 0.000000, 0.000000
2574.253805, 243.638812, 0.000000, 0.000000
2574.324803, 243.644461, 0.000000, 0.000000
2574.395802, 243.650111, 0.000000, 0.000000
2574.466800, 243.655760, 0.000000, 0.000000
2574.928593, 243.692506, 0.000000, 0.000000
2574.999592, 243.698155, 0.000000, 0.000000
2575.070591, 243.703805, 0.000000, 0.000000
2575.141589, 243.709454, 0.000000, 0.000000
2575.212588, 243.715104, 0.000000, 0.000000
2575.674382, 243.751850, 0.000000, 0.000000
2575.745380, 243.757499, 0.000000, 0.000000
2575.816379, 243.763148, 0.000000, 0.000000
2575.887377, 243.768798, 0.000000, 0.000000
2575.958376, 243.774447, 0.000000, 0.000000
2576.029375, 243.780097, 0.000000, 0.000000
2576.491168, 243.816842, 0.000000, 0.000000
2576.562166, 243.822492, 0.000000, 0.000000
2576.633165, 243.828141, 0.000000, 0.000000
2576.704163, 243.833791, 0.000000, 0.000000
2576.775162, 243.839440, 0.000000, 0.000000
2577.236955, 243.876186, 0.000000, 0.000000
2577.307954, 243.881835, 0.000000, 0.000000
2577.378952, 243.887485, 0.000000, 0.000000
2577.449951, 243.893134, 0.000000, 0.000000
2577.520950, 243.898784, 0.000000, 0.000000
2577.591948, 243.904433, 0.000000, 0.000000
2578.053742, 243.941179, 0.000000, 0.000000
2578.124741, 243.946828, 0.000000, 0.000000
2578.195739, 243.952478, 0.000000, 0.000000
2578.266738, 243.958127, 0.000000, 0.000000
2578.337736, 243.963777, 0.000000, 0.000000
2578.799529, 244.000522, 0.000000, 0.000000
2578.870528, 244.006172, 0.000000, 0.000000
2578.941527, 244.011821, 0.000000, 0.000000
2579.012525, 244.017471, 0.000000, 0.000000
2579.083524, 244.023120, 0.000000, 0.000000
2579.154522, 244.028770, 0.000000, 0.000000
2579.616315, 244.065515, 0.000000, 0.000000
2579.687314, 244.071165, 0.000000, 0.000000
2579.758313, 244.076814, 0.000000, 0.000000
2579.829311, 244.082464, 0.000000, 0.000000
2579.900310, 244.088113, 0.000000, 0.000000
2580.362104, 244.124859, 0.000000, 0.000000
2580.433102, 244.130508, 0.000000, 0.000000
2580.504101, 244.136158, 0.000000, 0.000000
2580.575100, 244.141807, 0.000000, 0.000000
2580.646098, 244.147457, 0.000000, 0.000000
2580.717097, 244.153106, 0.000000, 0.000000
2581.178961, 244.189856, 0.000000, 0.000000
2581.249960, 244.195503, 0.000000, 0.000000
2581.320958, 244.201150, 0.000000, 0.000000
2581.391957, 244.206797, 0.000000, 0.000000
2581.462956, 244.212444, 0.000000, 0.000000
2581.925819, 244.249252, 0.000000, 0.000000
2581.996821, 244.254861, 0.000000, 0.000000
2582.067823, 244.260471, 0.000000, 0.000000
2582.138825, 244.266080, 0.000000, 0.000000
2582.209827, 244.271690, 0.000000, 0.000000
2582.280828, 244.277299, 0.000000, 0.000000
2582.746531, 244.313997, 0.000000, 0.000000
2582.817544, 244.319470, 0.000000, 0.000000
2582.888556, 244.324943, 0.000000, 0.000000
2583.115557, 242.306563, -1.000000, 0.000000
2583.029669, 244.347725, 1.000000, 0.000000
2583.494676, 244.395444, 1.000000, 0.000000
2583.564811, 244.412615, 1.000000, 0.000000
2583.635834, 244.417948, 1.000000, 0.000000
2583.706857, 244.423281, 1.000000, 0.000000
2583.777880, 244.428615, 1.000000, 0.000000
2583.848903, 244.433948, 1.000000, 0.000000
2584.315034, 244.468850, 1.000000, 0.000000
2584.386068, 244.474040, 1.000000, 0.000000
2584.457101, 244.479229, 1.000000, 0.000000
2584.528135, 244.484419, 1.000000, 0.000000
2584.599169, 244.489608, 1.000000, 0.000000
2585.065482, 244.523646, 1.000000, 0.000000
2585.136526, 244.528688, 1.000000, 0.000000
2585.207571, 244.533729, 1.000000, 0.000000
2585.278615, 244.538771, 1.000000, 0.000000
2585.349660, 244.543812, 1.000000, 0.000000
2585.420704, 244.548854, 1.000000, 0.000000
2585.887213, 244.581852, 1.000000, 0.000000
2585.958268, 244.586741, 1.000000, 0.000000
2586.029323, 244.591631, 1.000000, 0.000000
2586.100378, 244.596520, 1.000000, 0.000000
2586.171433, 244.601410, 1.000000, 0.000000
2586.637184, 244.645327, 1.000000, 0.000000
2586.708249, 244.650066, 1.000000, 0.000000
2586.779314, 244.654804, 1.000000, 0.000000
2586.850380, 244.659543, 1.000000, 0.000000
2586.922234, 244.652437, 1.000000, 0.000000
2586.993300, 244.657175, 1.000000, 0.000000
2587.457904, 244.688097, 1.000000, 0.000000
2587.528975, 244.692754, 1.000000, 0.000000
2587.600045, 244.697410, 1.000000, 0.000000
2587.671116, 244.702067, 1.000000, 0.000000
2587.742187, 244.706723, 1.000000, 0.000000
2588.204448, 244.737011, 1.000000, 0.000000
2588.274743, 244.753512, 1.000000, 0.000000
2588.345813, 244.758169, 1.000000, 0.000000
2588.416884, 244.762825, 1.000000, 0.000000
2588.487955, 244.767482, 1.000000, 0.000000
2588.559025, 244.772138, 1.000000, 0.000000
2589.021287, 244.802426, 1.000000, 0.000000
2589.092358, 244.807082, 1.000000, 0.000000
2589.163428, 244.811739, 1.000000, 0.000000
2589.234499, 244.816395, 1.000000, 0.000000
2589.305569, 244.821052, 1.000000, 0.000000
2589.767832, 244.851339, 1.000000, 0.000000
2589.838903, 244.855996, 1.000000, 0.000000
2589.909197, 244.872497, 1.000000, 0.000000
2589.980268, 244.877154, 1.000000, 0.000000
2590.051338, 244.881810, 1.000000, 0.000000
2590.121633, 244.898312, 0.000000, 0.000000
2590.583267, 244.928558, 0.000000, 0.000000
2590.654337, 244.933215, 0.000000, 0.000000
2590.725408, 244.937871, 0.000000, 0.000000
2590.796479, 244.942528, 0.000000, 0.000000
2590.867549, 244.947184, 0.000000, 0.000000
2591.322208, 244.976973, 0.000000, 0.000000
2591.393278, 244.981630, 0.000000, 0.000000
2591.464349, 244.986286, 0.000000, 0.000000
2591.535419, 244.990943, 0.000000, 0.000000
2591.607266, 244.983754, 0.000000, 0.000000
2591.678337, 244.988411, 0.000000, 0.000000
2592.126024, 245.017743, 0.000000, 0.000000
2592.197094, 245.022400, 0.000000, 0.000000
2592.268165, 245.027056, 0.000000, 0.000000
2592.339236, 245.031713, 0.000000, 0.000000
2592.410306, 245.036369, 0.000000, 0.000000
2592.862868, 245.066021, 0.000000, 0.000000
2592.933939, 245.070677, 0.000000, 0.000000
2593.005009, 245.075334, 0.000000, 0.000000
2593.076080, 245.079990, 0.000000, 0.000000
2593.147150, 245.084647, 0.000000, 0.000000
2593.592746, 245.113842, 0.000000, 0.000000
2593.663816, 245.118499, 0.000000, 0.000000
2593.734887, 245.123155, 0.000000, 0.000000
2593.805957, 245.127812, 0.000000, 0.000000
2593.877028, 245.132468, 0.000000, 0.000000
2593.948099, 245.137125, 0.000000, 0.000000
2594.386731, 245.165864, 0.000000, 0.000000
2594.458578, 245.158675, 0.000000, 0.000000
2594.529649, 245.163332, 0.000000, 0.000000
2594.600719, 245.167988, 0.000000, 0.000000
2594.671790, 245.172645, 0.000000, 0.000000
2595.115306, 245.201704, 0.000000, 0.000000
2595.186377, 245.206361, 0.000000, 0.000000
2595.257448, 245.211017, 0.000000, 0.000000
2595.328518, 245.215674, 0.000000, 0.000000
2595.399589, 245.220330, 0.000000, 0.000000
2595.836774, 245.248974, 0.000000, 0.000000
2595.907845, 245.253631, 0.000000, 0.000000
2595.978915, 245.258287, 0.000000, 0.000000
2596.049986, 245.262944, 0.000000, 0.000000
2596.121057, 245.267601, 0.000000, 0.000000
2596.558243, 245.296245, 0.000000, 0.000000
2596.629314, 245.300901, 0.000000, 0.000000
2596.700384, 245.305558, 0.000000, 0.000000
2596.771455, 245.310214, 0.000000, 0.000000
2596.842525, 245.314871, 0.000000, 0.000000
2597.279711, 245.343515, 0.000000, 0.000000
2597.351558, 245.336327, 0.000000, 0.000000
2597.422628, 245.340983, 0.000000, 0.000000
2597.493699, 245.345640, 0.000000, 0.000000
2597.564770, 245.350296, 0.000000, 0.000000
2597.635840, 245.354953, 0.000000, 0.000000
2598.073026, 245.383597, 0.000000, 0.000000
2598.144096, 245.388254, 0.000000, 0.000000
2598.215167, 245.392910, 0.000000, 0.000000
2598.286237, 245.397567, 0.000000, 0.000000
2598.357308, 245.402223, 0.000000, 0.000000
2598.794494, 245.430867, 0.000000, 0.000000
2598.865565, 245.435524, 0.000000, 0.000000
2598.936636, 245.440181, 0.000000, 0.000000
2599.007706, 245.444837, 0.000000, 0.000000
2599.078777, 245.449494, 0.000000, 0.000000
2599.515962, 245.478138, 0.000000, 0.000000
2599.587033, 245.482794, 0.000000, 0.000000
2599.658104, 245.487451, 0.000000, 0.000000
2599.729174, 245.492107, 0.000000, 0.000000
2599.801021, 245.484919, 0.000000, 0.000000
2600.238206, 245.513563, 0.000000, 0.000000
2600.309277, 245.518220, 0.000000, 0.000000
2600.380348, 245.522876, 0.000000, 0.000000
2600.451418, 245.527533, 0.000000, 0.000000
2600.522489, 245.532189, 0.000000, 0.000000
2600.959675, 245.560834, 0.000000, 0.000000
2601.030746, 245.565490, 0.000000, 0.000000
2601.101816, 245.570147, 0.000000, 0.000000
2601.172887, 245.574803, 0.000000, 0.000000
2601.244734, 245.567615, 1.000000, 0.000000
2601.681143, 245.608104, 1.000000, 0.000000
2601.752214, 245.612760, 1.000000, 0.000000
2601.823284, 245.617417, 1.000000, 0.000000
2601.894355, 245.622074, 1.000000, 0.000000
2601.965426, 245.626730, 1.000000, 0.000000
2602.036496, 245.631387, 1.000000, 0.000000
2602.473682, 245.660031, 1.000000, 0.000000
2602.544752, 245.664687, 1.000000, 0.000000
2602.615823, 245.669344, 1.000000, 0.000000
2602.686894, 245.674000, 1.000000, 0.000000
2602.757964, 245.678657, 1.000000, 0.000000
2603.195150, 245.707301, 1.000000, 0.000000
2603.266221, 245.711958, 1.000000, 0.000000
2603.337292, 245.716614, 1.000000, 0.000000
2603.408362, 245.721271, 1.000000, 0.000000
2603.479433, 245.725927, 1.000000, 0.000000
2603.916618, 245.754572, 1.000000, 0.000000
2603.987689, 245.759228, 1.000000, 0.000000
2604.058760, 245.763885, 1.000000, 0.000000
2604.129830, 245.768541, 1.000000, 0.000000
2604.200901, 245.773198, 1.000000, 0.000000
2604.632888, 245.801555, 1.000000, 0.000000
2604.703946, 245.806392, 1.000000, 0.000000
2604.775005, 245.811229, 1.000000, 0.000000
2604.846064, 245.816065, 1.000000, 0.000000
2604.917122, 245.820902, 1.000000, 0.000000
2605.348273, 245.850275, 1.000000, 0.000000
2605.419317, 245.855318, 1.000000, 0.000000
2605.494564, 245.801158, 1.000000, 0.000000
2605.565608, 245.806201, 1.000000, 0.000000
2605.637493, 245.799404, 1.000000, 0.000000
2606.068808, 245.830014, 1.000000, 0.000000
2606.139837, 245.835262, 1.000000, 0.000000
2606.210866, 245.840511, 1.000000, 0.000000
2606.281896, 245.845759, 1.000000, 0.000000
2606.352925, 245.851008, 1.000000, 0.000000
2606.423955, 245.856256, 1.000000, 0.000000
2606.855229, 245.888285, 1.000000, 0.000000
2606.926243, 245.893736, 1.000000, 0.000000
2606.997257, 245.899188, 1.000000, 0.000000
2607.068271, 245.904639, 1.000000, 0.000000
2607.138377, 245.921926, 1.000000, 0.000000
2607.564880, 246.014319, 1.000000, 0.000000
2607.634936, 246.031803, 1.000000, 0.000000
2607.705935, 246.037455, 1.000000, 0.000000
2607.777875, 246.031274, 1.000000, 0.000000
2607.847932, 246.048759, 0.000000, 0.000000
2608.278914, 246.083158, 0.000000, 0.000000
2608.349896, 246.089008, 0.000000, 0.000000
2608.420879, 246.094858, 0.000000, 0.000000
2608.491861, 246.100708, 0.000000, 0.000000
2608.562844, 246.106558, 0.000000, 0.000000
2608.993794, 246.142133, 0.000000, 0.000000
2609.064759, 246.148179, 0.000000, 0.000000
2609.135725, 246.154225, 0.000000, 0.000000
2609.206691, 246.160271, 0.000000, 0.000000
2609.277657, 246.166317, 0.000000, 0.000000
2609.712956, 246.203410, 0.000000, 0.000000
2609.783918, 246.209499, 0.000000, 0.000000
2609.854881, 246.215588, 0.000000, 0.000000
2609.925843, 246.221677, 0.000000, 0.000000
2609.996805, 246.227766, 0.000000, 0.000000
2610.433286, 246.265219, 0.000000, 0.000000
2610.504249, 246.271309, 0.000000, 0.000000
2610.575211, 246.277399, 0.000000, 0.000000
2610.646173, 246.283489, 0.000000, 0.000000
2610.717135, 246.289579, 0.000000, 0.000000
2610.788097, 246.295670, 0.000000, 0.000000
2611.224615, 246.333133, 0.000000, 0.000000
2611.295577, 246.339223, 0.000000, 0.000000
2611.366540, 246.345314, 0.000000, 0.000000
2611.437502, 246.351404, 0.000000, 0.000000
2611.508464, 246.357494, 0.000000, 0.000000
2611.944983, 246.394958, 0.000000, 0.000000
2612.015945, 246.401048, 0.000000, 0.000000
2612.086907, 246.407138, 0.000000, 0.000000
2612.157869, 246.413228, 0.000000, 0.000000
2612.228831, 246.419319, 0.000000, 0.000000
2612.665349, 246.456782, 0.000000, 0.000000
2612.736311, 246.462873, 0.000000, 0.000000
2612.807274, 246.468963, 0.000000, 0.000000
2612.878236, 246.475053, 0.000000, 0.000000
2612.949198, 246.481143, 0.000000, 0.000000
2613.388332, 246.518831, 0.000000, 0.000000
2613.459294, 246.524922, 0.000000, 0.000000
2613.529241, 246.542839, 0.000000, 0.000000
2613.600203, 246.548929, 0.000000, 0.000000
2613.671166, 246.555019, 0.000000, 0.000000
2614.113004, 246.592939, 0.000000, 0.000000
2614.183966, 246.599030, 0.000000, 0.000000
2614.254928, 246.605120, 0.000000, 0.000000
2614.325890, 246.611210, 0.000000, 0.000000
2614.396852, 246.617300, 0.000000, 0.000000
2614.467814, 246.623391, 0.000000, 0.000000
2614.900534, 246.660528, 0.000000, 0.000000
2614.971496, 246.666618, 0.000000, 0.000000
2615.042458, 246.672709, 0.000000, 0.000000
2615.113420, 246.678799, 0.000000, 0.000000
2615.184383, 246.684889, 0.000000, 0.000000
2615.619818, 246.722260, 0.000000, 0.000000
2615.690780, 246.728350, 0.000000, 0.000000
2615.761742, 246.734440, 0.000000, 0.000000
2615.832704, 246.740530, 0.000000, 0.000000
2615.903667, 246.746621, 0.000000, 0.000000
2616.341825, 246.784225, 0.000000, 0.000000
2616.412787, 246.790315, 0.000000, 0.000000
2616.483749, 246.796405, 0.000000, 0.000000
2616.554711, 246.802496, 0.000000, 0.000000
2616.625673, 246.808586, 0.000000, 0.000000
2616.696635, 246.814676, 0.000000, 0.000000
2617.137520, 246.852514, 0.000000, 0.000000
2617.208482, 246.858605, 0.000000, 0.000000
2617.279445, 246.864695, 0.000000, 0.000000
2617.350407, 246.870785, 0.000000, 0.000000
2617.421369, 246.876875, 0.000000, 0.000000
2617.864988, 246.914948, 0.000000, 0.000000
2617.935950, 246.921039, 0.000000, 0.000000
2618.006912, 246.927129, 0.000000, 0.000000
2618.077874, 246.933219, 0.000000, 0.000000
2618.148836, 246.939309, 0.000000, 0.000000
2618.592538, 246.977389, 0.000000, 0.000000
2618.663500, 246.983480, 0.000000, 0.000000
2618.734462, 246.989570, 0.000000, 0.000000
2618.805425, 246.995660, 0.000000, 0.000000
2618.877402, 246.989923, 1.000000, 0.000000
2618.947349, 247.007840, 1.000000, 0.000000
2619.390035, 247.057748, 1.000000, 0.000000
2619.460997, 247.063838, 1.000000, 0.000000
2619.531959, 247.069928, 1.000000, 0.000000
2619.602921, 247.076018, 1.000000, 0.000000
2619.673883, 247.082108, 1.000000, 0.000000
2620.117584, 247.120188, 1.000000, 0.000000
2620.188547, 247.126279, 1.000000, 0.000000
2620.259509, 247.132369, 1.000000, 0.000000
2620.330471, 247.138459, 1.000000, 0.000000
2620.401433, 247.144549, 1.000000, 0.000000
2620.845135, 247.182630, 1.000000, 0.000000
2620.915082, 247.200547, 1.000000, 0.000000
2620.986044, 247.206637, 1.000000, 0.000000
2621.058021, 247.200900, 1.000000, 0.000000
2621.128983, 247.206990, 1.000000, 0.000000
2621.199946, 247.213081, 1.000000, 0.000000
2621.643647, 247.251161, 1.000000, 0.000000
2621.714609, 247.257251, 1.000000, 0.000000
2621.785571, 247.263341, 1.000000, 0.000000
2621.856533, 247.269431, 1.000000, 0.000000
2621.927495, 247.275522, 1.000000, 0.000000
2622.371196, 247.313602, 1.000000, 0.000000
2622.442158, 247.319692, 1.000000, 0.000000
2622.513120, 247.325782, 1.000000, 0.000000
2622.584083, 247.331872, 1.000000, 0.000000
2622.654030, 247.349790, 1.000000, 0.000000
2623.097731, 247.387870, 1.000000, 0.000000
2623.168694, 247.393960, 1.000000, 0.000000
2623.239656, 247.400050, 1.000000, 0.000000
2623.310618, 247.406140, 1.000000, 0.000000
2623.381580, 247.412231, 1.000000, 0.000000
2623.452542, 247.418321, 1.000000, 0.000000
2623.895228, 247.468228, 1.000000, 0.000000
2623.966190, 247.474318, 1.000000, 0.000000
2624.037152, 247.480408, 1.000000, 0.000000
2624.108115, 247.486499, 1.000000, 0.000000
2624.179077, 247.492589, 1.000000, 0.000000
2624.622778, 247.530669, 1.000000, 0.000000
2624.693740, 247.536759, 1.000000, 0.000000
2624.764702, 247.542849, 1.000000, 0.000000
2624.835664, 247.548940, 1.000000, 0.000000
2624.906626, 247.555030, 1.000000, 0.000000
2625.349313, 247.604937, 1.000000, 0.000000
2625.420275, 247.611027, 1.000000, 0.000000
2625.491237, 247.617117, 1.000000, 0.000000
2625.561184, 247.635035, 1.000000, 0.000000
2625.632147, 247.641125, 1.000000, 0.000000
2625.702094, 247.659042, 0.000000, 0.000000
2626.145795, 247.697122, 0.000000, 0.000000
2626.216757, 247.703212, 0.000000, 0.000000
2626.287719, 247.709303, 0.000000, 0.000000
2626.358681, 247.715393, 0.000000, 0.000000
2626.429643, 247.721483, 0.000000, 0.000000
2626.873344, 247.759563, 0.000000, 0.000000
2626.944306, 247.765653, 0.000000, 0.000000
2627.016284, 247.759917, 0.000000, 0.000000
2627.087246, 247.766007, 0.000000, 0.000000
2627.158208, 247.772097, 0.000000, 0.000000
2627.604874, 247.810413, 0.000000, 0.000000
2627.675845, 247.816404, 0.000000, 0.000000
2627.746816, 247.822396, 0.000000, 0.000000
2627.817786, 247.828387, 0.000000, 0.000000
2627.888757, 247.834379, 0.000000, 0.000000
2627.959727, 247.840370, 0.000000, 0.000000
2628.408800, 247.878126, 0.000000, 0.000000
2628.479786, 247.883941, 0.000000, 0.000000
2628.550771, 247.889756, 0.000000, 0.000000
2628.621756, 247.895570, 0.000000, 0.000000
2628.692742, 247.901385, 0.000000, 0.000000
2629.142271, 247.938103, 0.000000, 0.000000
2629.213272, 247.943729, 0.000000, 0.000000
2629.285210, 247.937521, 0.000000, 0.000000
2629.356210, 247.943146, 0.000000, 0.000000
2629.427211, 247.948771, 0.000000, 0.000000
2629.876941, 247.984362, 0.000000, 0.000000
2629.947957, 247.989794, 0.000000, 0.000000
2630.018973, 247.995225, 0.000000, 0.000000
2630.089988, 248.000656, 0.000000, 0.000000
2630.161004, 248.006088, 0.000000, 0.000000
2630.232019, 248.011519, 0.000000, 0.000000
2630.682000, 248.045759, 0.000000, 0.000000
2630.753030, 248.050991, 0.000000, 0.000000
2630.824061, 248.056224, 0.000000, 0.000000
2630.895091, 248.061456, 0.000000, 0.000000
2630.966122, 248.066688, 0.000000, 0.000000
2631.416342, 248.099742, 0.000000, 0.000000
2631.488225, 248.092930, 0.000000, 0.000000
2631.559270, 248.097959, 0.000000, 0.000000
2631.630315, 248.102987, 0.000000, 0.000000
2631.701361, 248.108016, 0.000000, 0.000000
2632.151789, 248.139852, 0.000000, 0.000000
2632.222849, 248.144672, 0.000000, 0.000000
2632.293909, 248.149491, 0.000000, 0.000000
2632.364969, 248.154310, 0.000000, 0.000000
2632.436028, 248.159130, 0.000000, 0.000000
2632.507088, 248.163949, 0.000000, 0.000000
2632.953294, 248.194157, 0.000000, 0.000000
2633.024358, 248.198912, 0.000000, 0.000000
2633.095422, 248.203668, 0.000000, 0.000000
2633.166486, 248.208424, 0.000000, 0.000000
2633.237551, 248.213179, 0.000000, 0.000000
2633.682002, 248.242920, 0.000000, 0.000000
2633.753858, 248.235827, 0.000000, 0.000000
2633.824922, 248.240579, 0.000000, 0.000000
2633.895987, 248.245331, 0.000000, 0.000000
2633.967051, 248.250083, 0.000000, 0.000000
2634.411392, 248.279794, 0.000000, 0.000000
2634.482456, 248.284546, 0.000000, 0.000000
2634.553520, 248.289298, 0.000000, 0.000000
2634.624585, 248.294050, 0.000000, 0.000000
2634.695649, 248.298801, 0.000000, 0.000000
2634.766713, 248.303553, 0.000000, 0.000000
2635.211053, 248.333264, 0.000000, 0.000000
2635.282117, 248.338016, 0.000000, 0.000000
2635.353182, 248.342768, 0.000000, 0.000000
2635.424246, 248.347520, 0.000000, 0.000000
2635.495310, 248.352271, 0.000000, 0.000000
2635.939650, 248.381983, 0.000000, 0.000000
2636.011507, 248.374890, 0.000000, 0.000000
2636.082571, 248.379642, 0.000000, 0.000000
2636.153635, 248.384394, 0.000000, 0.000000
2636.224700, 248.389146, 0.000000, 0.000000
2636.663658, 248.418497, 0.000000, 0.000000
2636.734722, 248.423249, 0.000000, 0.000000
2636.805786, 248.428001, 0.000000, 0.000000
2637.016237, 246.348199, -1.000000, 0.000000
2636.947915, 248.437504, 1.000000, 0.000000
2637.018979, 248.442256, 1.000000, 0.000000
2637.451894, 248.471203, 1.000000, 0.000000
2637.522958, 248.475955, 1.000000, 0.000000
2637.594022, 248.480707, 1.000000, 0.000000
2637.665087, 248.485459, 1.000000, 0.000000
2637.736151, 248.490211, 1.000000, 0.000000
2638.174871, 248.519546, 1.000000, 0.000000
2638.245936, 248.524298, 1.000000, 0.000000
2638.317000, 248.529050, 1.000000, 0.000000
2638.388064, 248.533801, 1.000000, 0.000000
2638.459129, 248.538553, 1.000000, 0.000000
2638.891817, 248.567485, 1.000000, 0.000000
2638.962881, 248.572237, 1.000000, 0.000000
2639.033945, 248.576989, 1.000000, 0.000000
2639.105010, 248.581741, 1.000000, 0.000000
2639.176074, 248.586492, 1.000000, 0.000000
2639.602734, 248.615022, 1.000000, 0.000000
2639.673798, 248.619773, 1.000000, 0.000000
2639.744863, 248.624525, 1.000000, 0.000000
2639.815927, 248.629277, 1.000000, 0.000000
2639.886991, 248.634029, 1.000000, 0.000000
2640.306837, 248.673999, 1.000000, 0.000000
2640.377902, 248.678751, 1.000000, 0.000000
2640.448966, 248.683503, 1.000000, 0.000000
2640.520030, 248.688255, 1.000000, 0.000000
2640.591887, 248.681162, 1.000000, 0.000000
2641.017561, 248.721522, 1.000000, 0.000000
2641.088626, 248.726274, 1.000000, 0.000000
2641.160482, 248.719182, 1.000000, 0.000000
2641.231546, 248.723934, 1.000000, 0.000000
2641.302611, 248.728686, 1.000000, 0.000000
2641.727623, 248.769001, 1.000000, 0.000000
2641.798687, 248.773753, 1.000000, 0.000000
2641.869752, 248.778505, 1.000000, 0.000000
2641.941608, 248.771413, 1.000000, 0.000000
2642.011880, 248.788009, 1.000000, 0.000000
2642.437684, 248.816480, 1.000000, 0.000000
2642.507957, 248.833076, 1.000000, 0.000000
2642.579021, 248.837828, 1.000000, 0.000000
2642.650086, 248.842580, 1.000000, 0.000000
2642.721150, 248.847332, 1.000000, 0.000000
2643.146955, 248.875803, 1.000000, 0.000000
2643.218019, 248.880555, 1.000000, 0.000000
2643.288292, 248.897151, 1.000000, 0.000000
2643.359356, 248.901903, 1.000000, 0.000000
2643.432004, 248.882967, 1.000000, 0.000000
2643.857016, 248.923282, 0.000000, 0.000000
2643.928081, 248.928034, 0.000000, 0.000000
2643.999145, 248.932786, 0.000000, 0.000000
2644.070209, 248.937538, 0.000000, 0.000000
2644.141274, 248.942290, 0.000000, 0.000000
2644.567078, 248.970761, 0.000000, 0.000000
2644.638142, 248.975513, 0.000000, 0.000000
2644.709207, 248.980265, 0.000000, 0.000000
2644.780271, 248.985017, 0.000000, 0.000000
2644.851335, 248.989769, 0.000000, 0.000000
2645.277140, 249.018241, 0.000000, 0.000000
2645.348205, 249.022992, 0.000000, 0.000000
2645.419269, 249.027744, 0.000000, 0.000000
2645.490333, 249.032496, 0.000000, 0.000000
2645.561398, 249.037248, 0.000000, 0.000000
2645.987202, 249.065720, 0.000000, 0.000000
2646.058266, 249.070471, 0.000000, 0.000000
2646.129331, 249.075223, 0.000000, 0.000000
2646.201187, 249.068131, 0.000000, 0.000000
2646.272251, 249.072883, 0.000000, 0.000000
2646.698055, 249.101354, 0.000000, 0.000000
2646.769120, 249.106106, 0.000000, 0.000000
2646.840184, 249.110858, 0.000000, 0.000000
2646.911248, 249.115610, 0.000000, 0.000000
2646.982313, 249.120362, 0.000000, 0.000000
2647.408118, 249.148833, 0.000000, 0.000000
2647.479182, 249.153585, 0.000000, 0.000000
2647.550246, 249.158337, 0.000000, 0.000000
2647.621311, 249.163089, 0.000000, 0.000000
2647.692375, 249.167841, 0.000000, 0.000000
2648.118179, 249.196312, 0.000000, 0.000000
2648.189244, 249.201064, 0.000000, 0.000000
2648.260308, 249.205816, 0.000000, 0.000000
2648.331372, 249.210568, 0.000000, 0.000000
2648.402437, 249.215320, 0.000000, 0.000000
2648.827543, 249.243749, 0.000000, 0.000000
2648.898606, 249.248524, 0.000000, 0.000000
2648.969668, 249.253300, 0.000000, 0.000000
2649.040731, 249.258075, 0.000000, 0.000000
2649.111794, 249.262850, 0.000000, 0.000000
2649.533724, 249.291223, 0.000000, 0.000000
2649.604777, 249.296129, 0.000000, 0.000000
2649.675831, 249.301035, 0.000000, 0.000000
2649.746885, 249.305942, 0.000000, 0.000000
2649.817939, 249.310848, 0.000000, 0.000000
2650.236748, 249.339796, 0.000000, 0.000000
2650.307785, 249.344937, 0.000000, 0.000000
2650.378822, 249.350079, 0.000000, 0.000000
2650.449860, 249.355220, 0.000000, 0.000000
2650.520897, 249.360361, 0.000000, 0.000000
2650.939700, 249.390700, 0.000000, 0.000000
2651.010720, 249.396073, 0.000000, 0.000000
2651.081740, 249.401445, 0.000000, 0.000000
2651.152761, 249.406818, 0.000000, 0.000000
2651.224676, 249.400355, 0.000000, 0.000000
2651.643508, 249.432069, 0.000000, 0.000000
2651.714510, 249.437670, 0.000000, 0.000000
2651.785513, 249.443272, 0.000000, 0.000000
2651.856515, 249.448873, 0.000000, 0.000000
2651.927518, 249.454475, 0.000000, 0.000000
2652.346333, 249.487543, 0.000000, 0.000000
2652.417318, 249.493371, 0.000000, 0.000000
2652.488302, 249.499198, 0.000000, 0.000000
2652.559286, 249.505025, 0.000000, 0.000000
2652.630270, 249.510852, 0.000000, 0.000000
2653.049066, 249.545257, 0.000000, 0.000000
2653.120032, 249.551306, 0.000000, 0.000000
2653.190998, 249.557356, 0.000000, 0.000000
2653.261963, 249.563405, 0.000000, 0.000000
2653.332929, 249.569455, 0.000000, 0.000000
2653.752064, 249.605210, 0.000000, 0.000000
2653.823011, 249.611466, 0.000000, 0.000000
2654.077485, 247.536591, -1.000000, 0.000000
2653.964907, 249.623979, 1.000000, 0.000000
2654.034812, 249.642061, 1.000000, 0.000000
2654.456531, 249.679267, 1.000000, 0.000000
2654.527468, 249.685638, 1.000000, 0.000000
2654.597344, 249.703832, 1.000000, 0.000000
2654.668281, 249.710203, 1.000000, 0.000000
2654.739219, 249.716575, 1.000000, 0.000000
2655.164263, 249.754750, 1.000000, 0.000000
2655.235200, 249.761121, 1.000000, 0.000000
2655.306138, 249.767493, 1.000000, 0.000000
2655.377075, 249.773864, 1.000000, 0.000000
2655.448013, 249.780235, 1.000000, 0.000000
2655.873058, 249.818411, 1.000000, 0.000000
2655.943995, 249.824782, 1.000000, 0.000000
2656.014932, 249.831153, 1.000000, 0.000000
2656.085870, 249.837525, 1.000000, 0.000000
2656.156807, 249.843896, 1.000000, 0.000000
2656.581852, 249.882071, 1.000000, 0.000000
2656.652789, 249.888443, 1.000000, 0.000000
2656.723726, 249.894814, 1.000000, 0.000000
2656.794664, 249.901185, 1.000000, 0.000000
2656.865601, 249.907557, 1.000000, 0.000000
2657.290645, 249.945732, 1.000000, 0.000000
2657.361583, 249.952103, 1.000000, 0.000000
2657.432520, 249.958475, 1.000000, 0.000000
2657.503458, 249.964846, 1.000000, 0.000000
2657.574395, 249.971217, 1.000000, 0.000000
2658.000744, 250.009510, 1.000000, 0.000000
2658.070619, 250.027704, 1.000000, 0.000000
2658.141557, 250.034075, 1.000000, 0.000000
2658.212494, 250.040447, 1.000000, 0.000000
2658.283432, 250.046818, 1.000000, 0.000000
2658.712964, 250.085397, 1.000000, 0.000000
2658.782840, 250.103591, 1.000000, 0.000000
2658.853777, 250.109962, 1.000000, 0.000000
2658.924715, 250.116333, 1.000000, 0.000000
2658.996714, 250.110882, 1.000000, 0.000000
2659.417616, 250.148685, 1.000000, 0.000000
2659.488554, 250.155056, 1.000000, 0.000000
2659.559491, 250.161428, 1.000000, 0.000000
2659.630429, 250.167799, 1.000000, 0.000000
2659.701366, 250.174170, 1.000000, 0.000000
2659.772304, 250.180542, 1.000000, 0.000000
2660.196407, 250.218633, 1.000000, 0.000000
2660.266283, 250.236827, 1.000000, 0.000000
2660.337220, 250.243198, 1.000000, 0.000000
2660.407096, 250.261392, 0.000000, 0.000000
2660.478033, 250.267764, 0.000000, 0.000000
2660.905344, 250.306143, 0.000000, 0.000000
2660.976281, 250.312514, 0.000000, 0.000000
2661.047219, 250.318885, 0.000000, 0.000000
2661.118156, 250.325256, 0.000000, 0.000000
2661.190156, 250.319805, 0.000000, 0.000000
2661.620682, 250.358473, 0.000000, 0.000000
2661.691619, 250.364844, 0.000000, 0.000000
2661.762557, 250.371215, 0.000000, 0.000000
2661.833494, 250.377587, 0.000000, 0.000000
2661.904432, 250.383958, 0.000000, 0.000000
2662.338182, 250.422915, 0.000000, 0.000000
2662.409119, 250.429287, 0.000000, 0.000000
2662.480057, 250.435658, 0.000000, 0.000000
2662.550994, 250.442029, 0.000000, 0.000000
2662.621932, 250.448400, 0.000000, 0.000000
2663.057587, 250.487529, 0.000000, 0.000000
2663.128524, 250.493900, 0.000000, 0.000000
2663.200523, 250.488449, 0.000000, 0.000000
2663.271461, 250.494820, 0.000000, 0.000000
2663.342398, 250.501191, 0.000000, 0.000000
2663.778053, 250.540320, 0.000000, 0.000000
2663.848990, 250.546691, 0.000000, 0.000000
2663.919928, 250.553062, 0.000000, 0.000000
2663.990865, 250.559434, 0.000000, 0.000000
2664.061803, 250.565805, 0.000000, 0.000000
2664.132740, 250.572176, 0.000000, 0.000000
2664.568396, 250.611305, 0.000000, 0.000000
2664.639333, 250.617676, 0.000000, 0.000000
2664.710270, 250.624047, 0.000000, 0.000000
2664.781208, 250.630418, 0.000000, 0.000000
2664.853207, 250.624967, 0.000000, 0.000000
2665.288862, 250.664095, 0.000000, 0.000000
2665.359799, 250.670467, 0.000000, 0.000000
2665.430737, 250.676838, 0.000000, 0.000000
2665.501674, 250.683209, 0.000000, 0.000000
2665.572612, 250.689580, 0.000000, 0.000000
2666.008266, 250.728709, 0.000000, 0.000000
2666.079204, 250.735080, 0.000000, 0.000000
2666.150141, 250.741452, 0.000000, 0.000000
2666.221079, 250.747823, 0.000000, 0.000000
2666.292016, 250.754194, 0.000000, 0.000000
2666.727671, 250.793323, 0.000000, 0.000000
2666.799671, 250.787871, 0.000000, 0.000000
2666.870608, 250.794242, 0.000000, 0.000000
2666.941546, 250.800614, 0.000000, 0.000000
2667.012483, 250.806985, 0.000000, 0.000000
2667.448138, 250.846113, 0.000000, 0.000000
2667.519075, 250.852485, 0.000000, 0.000000
2667.590013, 250.858856, 0.000000, 0.000000
2667.660950, 250.865227, 0.000000, 0.000000
2667.731888, 250.871598, 0.000000, 0.000000
2668.167542, 250.910727, 0.000000, 0.000000
2668.238480, 250.917098, 0.000000, 0.000000
2668.309417, 250.923470, 0.000000, 0.000000
2668.380355, 250.929841, 0.000000, 0.000000
2668.452354, 250.924389, 0.000000, 0.000000
2668.523291, 250.930760, 0.000000, 0.000000
2668.958947, 250.969889, 0.000000, 0.000000
2669.029884, 250.976260, 0.000000, 0.000000
2669.100822, 250.982632, 0.000000, 0.000000
2669.171759, 250.989003, 0.000000, 0.000000
2669.242697, 250.995374, 0.000000, 0.000000
2669.678351, 251.034503, 0.000000, 0.000000
2669.749289, 251.040874, 0.000000, 0.000000
2669.820226, 251.047245, 0.000000, 0.000000
2669.891164, 251.053617, 0.000000, 0.000000
2669.962101, 251.059988, 0.000000, 0.000000
2670.397756, 251.099116, 0.000000, 0.000000
2670.469755, 251.093665, 0.000000, 0.000000
2670.540693, 251.100036, 0.000000, 0.000000
2670.611630, 251.106407, 0.000000, 0.000000
2670.682567, 251.112778, 0.000000, 0.000000
2671.118223, 251.151907, 0.000000, 0.000000
2671.189160, 251.158278, 0.000000, 0.000000
2671.261160, 251.152827, 1.000000, 0.000000
2671.331035, 251.171021, 1.000000, 0.000000
2671.401973, 251.177392, 1.000000, 0.000000
2671.836845, 251.216455, 1.000000, 0.000000
2671.906713, 251.234675, 1.000000, 0.000000
2671.977648, 251.241073, 1.000000, 0.000000
2672.049650, 251.235649, 1.000000, 0.000000
2672.120585, 251.242047, 1.000000, 0.000000
2672.555288, 251.281256, 1.000000, 0.000000
2672.625148, 251.299508, 1.000000, 0.000000
2672.697152, 251.294116, 1.000000, 0.000000
2672.768084, 251.300546, 1.000000, 0.000000
2672.839016, 251.306976, 1.000000, 0.000000
2672.909949, 251.313407, 1.000000, 0.000000
2673.343570, 251.364661, 1.000000, 0.000000
2673.414499, 251.371123, 1.000000, 0.000000
2673.485428, 251.377585, 1.000000, 0.000000
2673.556357, 251.384047, 1.000000, 0.000000
2673.627287, 251.390509, 1.000000, 0.000000
2674.061985, 251.430131, 1.000000, 0.000000
2674.132912, 251.436624, 1.000000, 0.000000
2674.203838, 251.443117, 1.000000, 0.000000
2674.274765, 251.449609, 1.000000, 0.000000
2674.345691, 251.456102, 1.000000, 0.000000
2674.780396, 251.495910, 1.000000, 0.000000
2674.851320, 251.502433, 1.000000, 0.000000
2674.922244, 251.508955, 1.000000, 0.000000
2674.993167, 251.515478, 1.000000, 0.000000
2675.064091, 251.522001, 1.000000, 0.000000
2675.498802, 251.561990, 1.000000, 0.000000
2675.569724, 251.568541, 1.000000, 0.000000
2675.640645, 251.575093, 1.000000, 0.000000
2675.711566, 251.581645, 1.000000, 0.000000
2675.782487, 251.588197, 1.000000, 0.000000
2676.221590, 251.581084, 1.000000, 0.000000
2676.292508, 251.587664, 1.000000, 0.000000
2676.363426, 251.594244, 1.000000, 0.000000
2676.434345, 251.600825, 1.000000, 0.000000
2676.504166, 251.619225, 1.000000, 0.000000
2676.939402, 251.659610, 1.000000, 0.000000
2677.010320, 251.666201, 1.000000, 0.000000
2677.081237, 251.672792, 1.000000, 0.000000
2677.151056, 251.691203, 1.000000, 0.000000
2677.217580, 251.745072, 1.000000, 0.000000
2677.287399, 251.763482, 1.000000, 0.000000
2677.722900, 251.803958, 1.000000, 0.000000
2677.792719, 251.822369, 1.000000, 0.000000
2677.863636, 251.828961, 1.000000, 0.000000
2677.936751, 251.811914, 1.000000, 0.000000
2678.006569, 251.830325, 0.000000, 0.000000
2678.442100, 251.870809, 0.000000, 0.000000
2678.513017, 251.877401, 0.000000, 0.000000
2678.583935, 251.883993, 0.000000, 0.000000
2678.654852, 251.890585, 0.000000, 0.000000
2678.725769, 251.897177, 0.000000, 0.000000
2679.161300, 251.937660, 0.000000, 0.000000
2679.231119, 251.956072, 0.000000, 0.000000
2679.302036, 251.962664, 0.000000, 0.000000
2679.372953, 251.969256, 0.000000, 0.000000
2679.443870, 251.975847, 0.000000, 0.000000
2679.879402, 252.016331, 0.000000, 0.000000
2679.950319, 252.022923, 0.000000, 0.000000
2680.021237, 252.029515, 0.000000, 0.000000
2680.092154, 252.036107, 0.000000, 0.000000
2680.163071, 252.042699, 0.000000, 0.000000
2680.604428, 252.083724, 0.000000, 0.000000
2680.675345, 252.090316, 0.000000, 0.000000
2680.746263, 252.096908, 0.000000, 0.000000
2680.817180, 252.103500, 0.000000, 0.000000
2680.888097, 252.110092, 0.000000, 0.000000
2680.959015, 252.116684, 0.000000, 0.000000
2681.395026, 252.157212, 0.000000, 0.000000
2681.464844, 252.175623, 0.000000, 0.000000
2681.535762, 252.182215, 0.000000, 0.000000
2681.606679, 252.188807, 0.000000, 0.000000
2681.677596, 252.195399, 0.000000, 0.000000
2682.120082, 252.236529, 0.000000, 0.000000
2682.190999, 252.243121, 0.000000, 0.000000
2682.261917, 252.249713, 0.000000, 0.000000
2682.332834, 252.256305, 0.000000, 0.000000
2682.403751, 252.262897, 0.000000, 0.000000
2682.852710, 252.304629, 0.000000, 0.000000
2682.923628, 252.311221, 0.000000, 0.000000
2682.994545, 252.317813, 0.000000, 0.000000
2683.065462, 252.324404, 0.000000, 0.000000
2683.136380, 252.330996, 0.000000, 0.000000
2683.207297, 252.337588, 0.000000, 0.000000
2683.650910, 252.378823, 0.000000, 0.000000
2683.720729, 252.397235, 0.000000, 0.000000
2683.791646, 252.403827, 0.000000, 0.000000
2683.862564, 252.410419, 0.000000, 0.000000
2683.933481, 252.417010, 0.000000, 0.000000
2684.383570, 252.458847, 0.000000, 0.000000
2684.454487, 252.465439, 0.000000, 0.000000
2684.525404, 252.472031, 0.000000, 0.000000
2684.596322, 252.478623, 0.000000, 0.000000
2684.667239, 252.485215, 0.000000, 0.000000
2684.738156, 252.491807, 0.000000, 0.000000
2685.194719, 252.534245, 0.000000, 0.000000
2685.265636, 252.540837, 0.000000, 0.000000
2685.336553, 252.547429, 0.000000, 0.000000
2685.407471, 252.554021, 0.000000, 0.000000
2685.478388, 252.560613, 0.000000, 0.000000
2685.935598, 252.603112, 0.000000, 0.000000
2686.005416, 252.621523, 0.000000, 0.000000
2686.076334, 252.628115, 0.000000, 0.000000
2686.147251, 252.634707, 0.000000, 0.000000
2686.218168, 252.641299, 0.000000, 0.000000
2686.289086, 252.647891, 0.000000, 0.000000
2686.746296, 252.690390, 0.000000, 0.000000
2686.817214, 252.696982, 0.000000, 0.000000
2686.888131, 252.703574, 0.000000, 0.000000
2686.959048, 252.710166, 0.000000, 0.000000
2687.029966, 252.716758, 0.000000, 0.000000
2687.487175, 252.759256, 0.000000, 0.000000
2687.558093, 252.765848, 0.000000, 0.000000
2687.629010, 252.772440, 0.000000, 0.000000
2687.699927, 252.779032, 0.000000, 0.000000
2687.770845, 252.785624, 0.000000, 0.000000
2687.841762, 252.792216, 0.000000, 0.000000
2688.297873, 252.846534, 0.000000, 0.000000
2688.368790, 252.853126, 0.000000, 0.000000
2688.439708, 252.859718, 0.000000, 0.000000
2688.510625, 252.866310, 0.000000, 0.000000
2688.581542, 252.872902, 0.000000, 0.000000
2689.038753, 252.915401, 0.000000, 0.000000
2689.109670, 252.921993, 0.000000, 0.000000
2689.180588, 252.928585, 0.000000, 0.000000
2689.251505, 252.935176, 1.000000, 0.000000
2689.320225, 252.965407, 1.000000, 0.000000
2689.391142, 252.971999, 1.000000, 0.000000
2689.847253, 253.026318, 1.000000, 0.000000
2689.918171, 253.032910, 1.000000, 0.000000
2689.989088, 253.039502, 1.000000, 0.000000
2690.060005, 253.046093, 1.000000, 0.000000
2690.130923, 253.052685, 1.000000, 0.000000
2690.588133, 253.095184, 1.000000, 0.000000
2690.657951, 253.113596, 1.000000, 0.000000
2690.728869, 253.120187, 1.000000, 0.000000
2690.799786, 253.126779, 1.000000, 0.000000
2690.870703, 253.133371, 1.000000, 0.000000
2690.941621, 253.139963, 1.000000, 0.000000
2691.398831, 253.182462, 1.000000, 0.000000
2691.469748, 253.189054, 1.000000, 0.000000
2691.540666, 253.195646, 1.000000, 0.000000
2691.611583, 253.202238, 1.000000, 0.000000
2691.682500, 253.208830, 1.000000, 0.000000
2692.139710, 253.251328, 1.000000, 0.000000
2692.210628, 253.257920, 1.000000, 0.000000
2692.281545, 253.264512, 1.000000, 0.000000
2692.352462, 253.271104, 1.000000, 0.000000
2692.423379, 253.277696, 1.000000, 0.000000
2692.494297, 253.284288, 1.000000, 0.000000
2692.951507, 253.326787, 1.000000, 0.000000
2693.021325, 253.345198, 1.000000, 0.000000
2693.093341, 253.339971, 1.000000, 0.000000
2693.164259, 253.346563, 1.000000, 0.000000
2693.235176, 253.353155, 1.000000, 0.000000
2693.690344, 253.407390, 1.000000, 0.000000
2693.761258, 253.414012, 1.000000, 0.000000
2693.832173, 253.420634, 1.000000, 0.000000
2693.903087, 253.427256, 1.000000, 0.000000
2693.974002, 253.433877, 1.000000, 0.000000
2694.044916, 253.440499, 1.000000, 0.000000
2694.497756, 253.482873, 1.000000, 0.000000
2694.568657, 253.489633, 1.000000, 0.000000
2694.639559, 253.496393, 1.000000, 0.000000
2694.710460, 253.503153, 1.000000, 0.000000
2694.781362, 253.509912, 1.000000, 0.000000
2695.230905, 253.564721, 1.000000, 0.000000
2695.301787, 253.571684, 1.000000, 0.000000
2695.372669, 253.578647, 1.000000, 0.000000
2695.443551, 253.585610, 1.000000, 0.000000
2695.515593, 253.580759, 1.000000, 0.000000
2695.586475, 253.587722, 1.000000, 0.000000
2696.035615, 253.643902, 0.000000, 0.000000
2696.106476, 253.651076, 0.000000, 0.000000
2696.177337, 253.658249, 0.000000, 0.000000
2696.248198, 253.665423, 0.000000, 0.000000
2696.319058, 253.672596, 0.000000, 0.000000
2696.768989, 253.718170, 0.000000, 0.000000
2696.839827, 253.725562, 0.000000, 0.000000
2696.910666, 253.732953, 0.000000, 0.000000
2696.981504, 253.740345, 0.000000, 0.000000
2697.052342, 253.747737, 0.000000, 0.000000
2697.123181, 253.755129, 0.000000, 0.000000
2697.572698, 253.802175, 0.000000, 0.000000
2697.643513, 253.809793, 0.000000, 0.000000
2697.714327, 253.817411, 0.000000, 0.000000
2697.785141, 253.825029, 0.000000, 0.000000
2697.855956, 253.832647, 0.000000, 0.000000
2698.305063, 253.880988, 0.000000, 0.000000
2698.375851, 253.888841, 0.000000, 0.000000
2698.446640, 253.896694, 0.000000, 0.000000
2698.517429, 253.904547, 0.000000, 0.000000
2698.588218, 253.912400, 0.000000, 0.000000
2698.659007, 253.920253, 0.000000, 0.000000
2699.110040, 253.970395, 0.000000, 0.000000
2699.180810, 253.978416, 0.000000, 0.000000
2699.251580, 253.986437, 0.000000, 0.000000
2699.322350, 253.994458, 0.000000, 0.000000
2699.393120, 254.002480, 0.000000, 0.000000
2699.848062, 254.054051, 0.000000, 0.000000
2699.918827, 254.062114, 0.000000, 0.000000
2699.989592, 254.070177, 0.000000, 0.000000
2700.060357, 254.078240, 0.000000, 0.000000
2700.131122, 254.086302, 0.000000, 0.000000
2700.201887, 254.094365, 0.000000, 0.000000
2700.658117, 254.146347, 0.000000, 0.000000
2700.728882, 254.154410, 0.000000, 0.000000
2700.799647, 254.162473, 0.000000, 0.000000
2700.870413, 254.170536, 0.000000, 0.000000
2700.941178, 254.178599, 0.000000, 0.000000
2701.397407, 254.230581, 0.000000, 0.000000
2701.468172, 254.238643, 0.000000, 0.000000
2701.538937, 254.246706, 0.000000, 0.000000
2701.611046, 254.242975, 0.000000, 0.000000
2701.681811, 254.251038, 0.000000, 0.000000
2701.752576, 254.259101, 0.000000, 0.000000
2702.208805, 254.311083, 0.000000, 0.000000
2702.279570, 254.319146, 0.000000, 0.000000
2702.350335, 254.327208, 0.000000, 0.000000
2702.421101, 254.335271, 0.000000, 0.000000
2702.491866, 254.343334, 0.000000, 0.000000
2702.942759, 254.394708, 0.000000, 0.000000
2703.013524, 254.402771, 0.000000, 0.000000
2703.084289, 254.410834, 0.000000, 0.000000
2703.155054, 254.418897, 0.000000, 0.000000
2703.225820, 254.426960, 0.000000, 0.000000
2703.296585, 254.435022, 0.000000, 0.000000
2703.750231, 254.486710, 0.000000, 0.000000
2703.820997, 254.494773, 0.000000, 0.000000
2703.891762, 254.502836, 0.000000, 0.000000
2703.962527, 254.510899, 0.000000, 0.000000
2704.033292, 254.518962, 0.000000, 0.000000
2704.477905, 254.569620, 0.000000, 0.000000
2704.548670, 254.577683, 0.000000, 0.000000
2704.619435, 254.585746, 0.000000, 0.000000
2704.690200, 254.593809, 0.000000, 0.000000
2704.760966, 254.601871, 0.000000, 0.000000
2705.196552, 254.651501, 0.000000, 0.000000
2705.267317, 254.659564, 0.000000, 0.000000
2705.338082, 254.667627, 0.000000, 0.000000
2705.408847, 254.675690, 0.000000, 0.000000
2705.479612, 254.683753, 0.000000, 0.000000
2705.917971, 254.733699, 0.000000, 0.000000
2705.988736, 254.741761, 0.000000, 0.000000
2706.059501, 254.749824, 0.000000, 0.000000
2706.130266, 254.757887, 0.000000, 0.000000
2706.201031, 254.765950, 0.000000, 0.000000
2706.271797, 254.774013, 0.000000, 0.000000
2706.701141, 254.822932, 0.000000, 0.000000
2706.771906, 254.830994, 0.000000, 0.000000
2706.842671, 254.839057, 0.000000, 0.000000
2706.913436, 254.847120, 0.000000, 0.000000
2706.984201, 254.855183, 0.000000, 0.000000
2707.404539, 254.903076, 0.000000, 0.000000
2707.729284, 252.682036, -1.000000, 0.000000
2707.544725, 254.930996, 1.000000, 0.000000
2707.614147, 254.950853, 1.000000, 0.000000
2707.690287, 254.911739, 1.000000, 0.000000
2708.120071, 254.948760, 1.000000, 0.000000
2708.190836, 254.956823, 1.000000, 0.000000
2708.262945, 254.953092, 1.000000, 0.000000
2708.333710, 254.961155, 1.000000, 0.000000
2708.403132, 254.981012, 1.000000, 0.000000
2708.831572, 255.029827, 1.000000, 0.000000
2708.903681, 255.026096, 1.000000, 0.000000
2708.974446, 255.034159, 1.000000, 0.000000
2709.045211, 255.042222, 1.000000, 0.000000
2709.115977, 255.050285, 1.000000, 0.000000
2709.544417, 255.099100, 1.000000, 0.000000
2709.615183, 255.107163, 1.000000, 0.000000
2709.685948, 255.115226, 1.000000, 0.000000
2709.756713, 255.123289, 1.000000, 0.000000
2709.827478, 255.131352, 1.000000, 0.000000
2710.255918, 255.180168, 1.000000, 0.000000
2710.326683, 255.188230, 1.000000, 0.000000
2710.397449, 255.196293, 1.000000, 0.000000
2710.468214, 255.204356, 1.000000, 0.000000
2710.538979, 255.212419, 1.000000, 0.000000
2710.967419, 255.261235, 1.000000, 0.000000
2711.038184, 255.269298, 1.000000, 0.000000
2711.108949, 255.277361, 1.000000, 0.000000
2711.179715, 255.285423, 1.000000, 0.000000
2711.250480, 255.293486, 1.000000, 0.000000
2711.678921, 255.342302, 1.000000, 0.000000
2711.749686, 255.350365, 1.000000, 0.000000
2711.820451, 255.358428, 1.000000, 0.000000
2711.891216, 255.366491, 1.000000, 0.000000
2711.960638, 255.386348, 1.000000, 0.000000
2712.389078, 255.435163, 1.000000, 0.000000
2712.459843, 255.443226, 1.000000, 0.000000
2712.530608, 255.451289, 1.000000, 0.000000
2712.601373, 255.459352, 1.000000, 0.000000
2712.670795, 255.479209, 1.000000, 0.000000
2713.099235, 255.528025, 1.000000, 0.000000
2713.170000, 255.536088, 1.000000, 0.000000
2713.240765, 255.544151, 1.000000, 0.000000
2713.311530, 255.552213, 1.000000, 0.000000
2713.380952, 255.572070, 1.000000, 0.000000
2713.801330, 255.691651, 1.000000, 0.000000
2713.870751, 255.711509, 1.000000, 0.000000
2713.941516, 255.719571, 0.000000, 0.000000
2714.012281, 255.727634, 0.000000, 0.000000
2714.083047, 255.735697, 0.000000, 0.000000
2714.511487, 255.784513, 0.000000, 0.000000
2714.582252, 255.792576, 0.000000, 0.000000
2714.653017, 255.800639, 0.000000, 0.000000
2714.723782, 255.808701, 0.000000, 0.000000
2714.794548, 255.816764, 0.000000, 0.000000
2715.223636, 255.865640, 0.000000, 0.000000
2715.294403, 255.873683, 0.000000, 0.000000
2715.366511, 255.869932, 0.000000, 0.000000
2715.437279, 255.877975, 0.000000, 0.000000
2715.508046, 255.886018, 0.000000, 0.000000
2715.941262, 255.935150, 0.000000, 0.000000
2716.012046, 255.943046, 0.000000, 0.000000
2716.082830, 255.950942, 0.000000, 0.000000
2716.153614, 255.958838, 0.000000, 0.000000
2716.224398, 255.966734, 0.000000, 0.000000
2716.662619, 256.015396, 0.000000, 0.000000
2716.733435, 256.022994, 0.000000, 0.000000
2716.804252, 256.030592, 0.000000, 0.000000
2716.875069, 256.038189, 0.000000, 0.000000
2716.945885, 256.045787, 0.000000, 0.000000
2717.384116, 256.092587, 0.000000, 0.000000
2717.454963, 256.099892, 0.000000, 0.000000
2717.525811, 256.107197, 0.000000, 0.000000
2717.596658, 256.114502, 0.000000, 0.000000
2717.667505, 256.121807, 0.000000, 0.000000
2718.105740, 256.166782, 0.000000, 0.000000
2718.177786, 256.161987, 0.000000, 0.000000
2718.248662, 256.169006, 0.000000, 0.000000
2718.319538, 256.176024, 0.000000, 0.000000
2718.390415, 256.183042, 0.000000, 0.000000
2718.828597, 256.226224, 0.000000, 0.000000
2718.899501, 256.232961, 0.000000, 0.000000
2718.970405, 256.239698, 0.000000, 0.000000
2719.041308, 256.246435, 0.000000, 0.000000
2719.112212, 256.253171, 0.000000, 0.000000
2719.550385, 256.294601, 0.000000, 0.000000
2719.621315, 256.301062, 0.000000, 0.000000
2719.692244, 256.307523, 0.000000, 0.000000
2719.763174, 256.313984, 0.000000, 0.000000
2565.201913, 239.060434, 1.000000, -1.#QNAN0
2565.624175, 239.093953, 1.000000, -1.#QNAN0
2565.695174, 239.099601, 1.000000, -1.#QNAN0
2565.766172, 239.105249, 1.000000, -1.#QNAN0
2565.837171, 239.110897, 1.000000, -1.#QNAN0
2565.908170, 239.116545, 1.000000, -1.#QNAN0
2566.330121, 239.150112, 1.000000, -1.#QNAN0
2566.401119, 239.155762, 1.000000, -1.#QNAN0
2566.472118, 239.161411, 1.000000, -1.#QNAN0
2566.543117, 239.167060, 1.000000, -1.#QNAN0
2566.614115, 239.172710, 1.000000, -1.#QNAN0
2567.036028, 239.206282, 1.000000, -1.#QNAN0
2567.107026, 239.211932, 1.000000, -1.#QNAN0
2567.178025, 239.217581, 1.000000, -1.#QNAN0
2567.249024, 239.223231, 0.000000, -1.#QNAN0
2567.320022, 239.228880, 0.000000, -1.#QNAN0
2567.741934, 239.262452, 0.000000, -1.#QNAN0
2567.812932, 239.268102, 0.000000, -1.#QNAN0
2567.883931, 239.273751, 0.000000, -1.#QNAN0
2567.954930, 239.279401, 0.000000, -1.#QNAN0
2568.024987, 239.296883, 0.000000, -1.#QNAN0
2568.446898, 239.330455, 0.000000, -1.#QNAN0
2568.517897, 239.336105, 0.000000, -1.#QNAN0
2568.588896, 239.341754, 0.000000, -1.#QNAN0
2568.659894, 239.347404, 0.000000, -1.#QNAN0
2568.730893, 239.353053, 0.000000, -1.#QNAN0
2569.160773, 239.387260, 0.000000, -1.#QNAN0
2569.231771, 239.392909, 0.000000, -1.#QNAN0
2569.302770, 239.398558, 0.000000, -1.#QNAN0
2569.373768, 239.404208, 0.000000, -1.#QNAN0
2569.444767, 239.409857, 0.000000, -1.#QNAN0
2569.873580, 239.443979, 0.000000, -1.#QNAN0
2569.943637, 239.461461, 0.000000, -1.#QNAN0
2570.014636, 239.467111, 0.000000, -1.#QNAN0
2570.085634, 239.472760, 0.000000, -1.#QNAN0
2570.156633, 239.478410, 0.000000, -1.#QNAN0
2570.596214, 239.513388, 0.000000, -1.#QNAN0
2570.667213, 239.519037, 0.000000, -1.#QNAN0
2570.738211, 239.524687, 0.000000, -1.#QNAN0
2570.809210, 239.530336, 0.000000, -1.#QNAN0
2570.880209, 239.535986, 0.000000, -1.#QNAN0
2571.318726, 239.570879, 0.000000, -1.#QNAN0
2571.389725, 239.576529, 0.000000, -1.#QNAN0
2571.460723, 239.582178, 0.000000, -1.#QNAN0
2571.530780, 239.599661, 0.000000, -1.#QNAN0
2571.601779, 239.605310, 0.000000, -1.#QNAN0
2571.672778, 239.610960, 0.000000, -1.#QNAN0
2572.122063, 239.646710, 0.000000, -1.#QNAN0
2572.193062, 239.652360, 0.000000, -1.#QNAN0
2572.264061, 239.658009, 0.000000, -1.#QNAN0
2572.335059, 239.663659, 1.000000, -1.#QNAN0
2572.406999, 239.657475, 1.000000, -1.#QNAN0
2572.856163, 239.681308, 1.000000, -1.#QNAN0
2572.928104, 239.675124, 1.000000, -1.#QNAN0
2572.999102, 239.680773, 1.000000, -1.#QNAN0
2573.071042, 239.674590, 1.000000, -1.#QNAN0
2573.142041, 239.680239, 1.000000, -1.#QNAN0
2573.213040, 239.685889, 1.000000, -1.#QNAN0
2573.672033, 239.722412, 1.000000, -1.#QNAN0
2573.743032, 239.728061, 1.000000, -1.#QNAN0
2573.814030, 239.733711, 1.000000, -1.#QNAN0
2573.885029, 239.739360, 1.000000, -1.#QNAN0
2573.956027, 239.745009, 1.000000, -1.#QNAN0
2574.417820, 239.781755, 1.000000, -1.#QNAN0
2574.487877, 239.799238, 1.000000, -1.#QNAN0
2574.558876, 239.804887, 1.000000, -1.#QNAN0
2574.629875, 239.810537, 1.000000, -1.#QNAN0
2574.700873, 239.816186, 1.000000, -1.#QNAN0
2574.771872, 239.821836, 1.000000, -1.#QNAN0
2575.234606, 239.846748, 1.000000, -1.#QNAN0
2575.305605, 239.852398, 1.000000, -1.#QNAN0
2575.376604, 239.858047, 1.000000, -1.#QNAN0
2575.447602, 239.863696, 1.000000, -1.#QNAN0
2575.518601, 239.869346, 1.000000, -1.#QNAN0
2575.980395, 239.906092, 1.000000, -1.#QNAN0
2576.051393, 239.911741, 1.000000, -1.#QNAN0
2576.122392, 239.917391, 1.000000, -1.#QNAN0
2576.193391, 239.923040, 1.000000, -1.#QNAN0
2576.264389, 239.928689, 1.000000, -1.#QNAN0
2576.335388, 239.934339, 1.000000, -1.#QNAN0
2576.797181, 239.971085, 1.000000, -1.#QNAN0
2576.868179, 239.976734, 1.000000, -1.#QNAN0
2576.939178, 239.982384, 1.000000, -1.#QNAN0
2577.010177, 239.988033, 1.000000, -1.#QNAN0
2577.081175, 239.993682, 1.000000, -1.#QNAN0
2577.542968, 240.030428, 1.000000, -1.#QNAN0
2577.613967, 240.036078, 1.000000, -1.#QNAN0
2577.684965, 240.041727, 1.000000, -1.#QNAN0
2577.755964, 240.047376, 1.000000, -1.#QNAN0
2577.826963, 240.053026, 1.000000, -1.#QNAN0
2577.897961, 240.058675, 1.000000, -1.#QNAN0
2578.359755, 240.095421, 1.000000, -1.#QNAN0
2578.431695, 240.089237, 1.000000, -1.#QNAN0
2578.502694, 240.094887, 1.000000, -1.#QNAN0
2578.573692, 240.100536, 1.000000, -1.#QNAN0
2578.644691, 240.106186, 1.000000, -1.#QNAN0
2579.106484, 240.142931, 1.000000, -1.#QNAN0
2579.177483, 240.148581, 1.000000, -1.#QNAN0
2579.248481, 240.154230, 1.000000, -1.#QNAN0
2579.319480, 240.159880, 1.000000, -1.#QNAN0
2579.390478, 240.165529, 1.000000, -1.#QNAN0
2579.460536, 240.183012, 0.000000, -1.#QNAN0
2579.922328, 240.219758, 0.000000, -1.#QNAN0
2579.993327, 240.225407, 0.000000, -1.#QNAN0
2580.064326, 240.231056, 0.000000, -1.#QNAN0
2580.135324, 240.236706, 0.000000, -1.#QNAN0
2580.206323, 240.242355, 0.000000, -1.#QNAN0
2580.667175, 240.290934, 0.000000, -1.#QNAN0
2580.738174, 240.296584, 0.000000, -1.#QNAN0
2580.809172, 240.302233, 0.000000, -1.#QNAN0
2580.880171, 240.307883, 0.000000, -1.#QNAN0
2580.951170, 240.313532, 0.000000, -1.#QNAN0
2581.022168, 240.319182, 0.000000, -1.#QNAN0
2581.483898, 240.355920, 0.000000, -1.#QNAN0
2581.554897, 240.361567, 0.000000, -1.#QNAN0
2581.625896, 240.367214, 0.000000, -1.#QNAN0
2581.696894, 240.372861, 0.000000, -1.#QNAN0
2581.767893, 240.378508, 0.000000, -1.#QNAN0
2582.228732, 240.415156, 0.000000, -1.#QNAN0
2582.299734, 240.420765, 0.000000, -1.#QNAN0
2582.369800, 240.438208, 0.000000, -1.#QNAN0
2582.440802, 240.443818, 0.000000, -1.#QNAN0
2582.511804, 240.449427, 0.000000, -1.#QNAN0
2582.582806, 240.455037, 0.000000, -1.#QNAN0
2583.041177, 240.491162, 0.000000, -1.#QNAN0
2583.112189, 240.496636, 0.000000, -1.#QNAN0
2583.183202, 240.502109, 0.000000, -1.#QNAN0
2583.254214, 240.507582, 0.000000, -1.#QNAN0
2583.325226, 240.513056, 0.000000, -1.#QNAN0
2583.783565, 240.548362, 0.000000, -1.#QNAN0
2583.854588, 240.553695, 0.000000, -1.#QNAN0
2583.925611, 240.559029, 0.000000, -1.#QNAN0
2583.996634, 240.564362, 0.000000, -1.#QNAN0
2584.066768, 240.581533, 0.000000, -1.#QNAN0
2584.137791, 240.586866, 0.000000, -1.#QNAN0
2584.596129, 240.621191, 0.000000, -1.#QNAN0
2584.667163, 240.626380, 0.000000, -1.#QNAN0
2584.738197, 240.631570, 0.000000, -1.#QNAN0
2584.809230, 240.636759, 0.000000, -1.#QNAN0
2584.880264, 240.641949, 0.000000, -1.#QNAN0
2585.339405, 240.663569, 1.000000, -1.#QNAN0
2585.410450, 240.668610, 1.000000, -1.#QNAN0
2585.482334, 240.661811, 1.000000, -1.#QNAN0
2585.553379, 240.666853, 1.000000, -1.#QNAN0
2585.624423, 240.671894, 1.000000, -1.#QNAN0
2585.695467, 240.676936, 1.000000, -1.#QNAN0
2586.153686, 240.709355, 1.000000, -1.#QNAN0
2586.224741, 240.714244, 1.000000, -1.#QNAN0
2586.295796, 240.719134, 1.000000, -1.#QNAN0
2586.366851, 240.724023, 1.000000, -1.#QNAN0
2586.437906, 240.728912, 1.000000, -1.#QNAN0
2586.896216, 240.760428, 1.000000, -1.#QNAN0
2586.967281, 240.765167, 1.000000, -1.#QNAN0
2587.038346, 240.769905, 1.000000, -1.#QNAN0
2587.109412, 240.774644, 1.000000, -1.#QNAN0
2587.180477, 240.779382, 1.000000, -1.#QNAN0
2587.251542, 240.784120, 1.000000, -1.#QNAN0
2587.711685, 240.814747, 1.000000, -1.#QNAN0
2587.782756, 240.819404, 1.000000, -1.#QNAN0
2587.853826, 240.824061, 1.000000, -1.#QNAN0
2587.924897, 240.828717, 1.000000, -1.#QNAN0
2587.995968, 240.833374, 1.000000, -1.#QNAN0
2588.457453, 240.875506, 1.000000, -1.#QNAN0
2588.528524, 240.880162, 1.000000, -1.#QNAN0
2588.599594, 240.884819, 1.000000, -1.#QNAN0
2588.670665, 240.889476, 1.000000, -1.#QNAN0
2588.741736, 240.894132, 1.000000, -1.#QNAN0
2588.812806, 240.898789, 1.000000, -1.#QNAN0
2589.275068, 240.929076, 1.000000, -1.#QNAN0
2589.346138, 240.933732, 1.000000, -1.#QNAN0
2589.417209, 240.938389, 1.000000, -1.#QNAN0
2589.488280, 240.943045, 1.000000, -1.#QNAN0
2589.559350, 240.947702, 1.000000, -1.#QNAN0
2590.021613, 240.977989, 1.000000, -1.#QNAN0
2590.092683, 240.982646, 1.000000, -1.#QNAN0
2590.163754, 240.987302, 1.000000, -1.#QNAN0
2590.234825, 240.991959, 1.000000, -1.#QNAN0
2590.305895, 240.996615, 1.000000, -1.#QNAN0
2590.376966, 241.001272, 1.000000, -1.#QNAN0
2590.838600, 241.031518, 1.000000, -1.#QNAN0
2590.908894, 241.048020, 1.000000, -1.#QNAN0
2590.979965, 241.052676, 1.000000, -1.#QNAN0
2591.051035, 241.057333, 1.000000, -1.#QNAN0
2591.122882, 241.050144, 1.000000, -1.#QNAN0
2591.577541, 241.079933, 1.000000, -1.#QNAN0
2591.648611, 241.084590, 1.000000, -1.#QNAN0
2591.718906, 241.101091, 1.000000, -1.#QNAN0
2591.789976, 241.105748, 1.000000, -1.#QNAN0
2591.743858, 242.899015, -1.000000, -1.#QNAN0
2591.932118, 241.115061, 0.000000, -1.#QNAN0
2592.379804, 241.144393, 0.000000, -1.#QNAN0
2592.450875, 241.149050, 0.000000, -1.#QNAN0
2592.521946, 241.153706, 0.000000, -1.#QNAN0
2592.593016, 241.158363, 0.000000, -1.#QNAN0
2592.664087, 241.163019, 0.000000, -1.#QNAN0
2593.116649, 241.192671, 0.000000, -1.#QNAN0
2593.187719, 241.197328, 0.000000, -1.#QNAN0
2593.258790, 241.201984, 0.000000, -1.#QNAN0
2593.329861, 241.206641, 0.000000, -1.#QNAN0
2593.400931, 241.211297, 0.000000, -1.#QNAN0
2593.846526, 241.240493, 0.000000, -1.#QNAN0
2593.917597, 241.245149, 0.000000, -1.#QNAN0
2593.988668, 241.249806, 0.000000, -1.#QNAN0
2594.059738, 241.254462, 0.000000, -1.#QNAN0
2594.130809, 241.259119, 0.000000, -1.#QNAN0
2594.201880, 241.263775, 0.000000, -1.#QNAN0
2594.640512, 241.292514, 0.000000, -1.#QNAN0
2594.711583, 241.297171, 0.000000, -1.#QNAN0
2594.781877, 241.313672, 0.000000, -1.#QNAN0
2594.852948, 241.318329, 0.000000, -1.#QNAN0
2594.924018, 241.322985, 0.000000, -1.#QNAN0
2595.367535, 241.352045, 0.000000, -1.#QNAN0
2595.438605, 241.356701, 0.000000, -1.#QNAN0
2595.509676, 241.361358, 0.000000, -1.#QNAN0
2595.580747, 241.366014, 0.000000, -1.#QNAN0
2595.651817, 241.370671, 0.000000, -1.#QNAN0
2596.089003, 241.399315, 0.000000, -1.#QNAN0
2596.160073, 241.403971, 0.000000, -1.#QNAN0
2596.231144, 241.408628, 0.000000, -1.#QNAN0
2596.302215, 241.413284, 0.000000, -1.#QNAN0
2596.373285, 241.417941, 0.000000, -1.#QNAN0
2596.810472, 241.446585, 0.000000, -1.#QNAN0
2596.881542, 241.451242, 0.000000, -1.#QNAN0
2596.952613, 241.455898, 0.000000, -1.#QNAN0
2597.023683, 241.460555, 0.000000, -1.#QNAN0
2597.094754, 241.465211, 0.000000, -1.#QNAN0
2597.531939, 241.493856, 0.000000, -1.#QNAN0
2597.603786, 241.486667, 1.000000, -1.#QNAN0
2597.674857, 241.491324, 1.000000, -1.#QNAN0
2597.746704, 241.484135, 1.000000, -1.#QNAN0
2597.817774, 241.488792, 1.000000, -1.#QNAN0
2597.888845, 241.493448, 1.000000, -1.#QNAN0
2598.326806, 241.510247, 1.000000, -1.#QNAN0
2598.397877, 241.514904, 1.000000, -1.#QNAN0
2598.468948, 241.519560, 1.000000, -1.#QNAN0
2598.540018, 241.524217, 1.000000, -1.#QNAN0
2598.611089, 241.528873, 1.000000, -1.#QNAN0
2599.048275, 241.557518, 1.000000, -1.#QNAN0
2599.119346, 241.562174, 1.000000, -1.#QNAN0
2599.190416, 241.566831, 1.000000, -1.#QNAN0
2599.261487, 241.571487, 1.000000, -1.#QNAN0
2599.332558, 241.576144, 1.000000, -1.#QNAN0
2599.769743, 241.604788, 1.000000, -1.#QNAN0
2599.840038, 241.621290, 1.000000, -1.#QNAN0
2599.911108, 241.625946, 1.000000, -1.#QNAN0
2599.982179, 241.630603, 1.000000, -1.#QNAN0
2600.053250, 241.635259, 1.000000, -1.#QNAN0
2600.490435, 241.663904, 1.000000, -1.#QNAN0
2600.561506, 241.668560, 1.000000, -1.#QNAN0
2600.632576, 241.673217, 1.000000, -1.#QNAN0
2600.703647, 241.677873, 1.000000, -1.#QNAN0
2600.774718, 241.682530, 1.000000, -1.#QNAN0
2601.212680, 241.699329, 1.000000, -1.#QNAN0
2601.283750, 241.703985, 1.000000, -1.#QNAN0
2601.354821, 241.708642, 1.000000, -1.#QNAN0
2601.425892, 241.713299, 1.000000, -1.#QNAN0
2601.496962, 241.717955, 1.000000, -1.#QNAN0
2601.934148, 241.746599, 1.000000, -1.#QNAN0
2602.005218, 241.751256, 1.000000, -1.#QNAN0
2602.075513, 241.767757, 1.000000, -1.#QNAN0
2602.146584, 241.772414, 1.000000, -1.#QNAN0
2602.217654, 241.777071, 1.000000, -1.#QNAN0
2602.288725, 241.781727, 1.000000, -1.#QNAN0
2602.725910, 241.810371, 1.000000, -1.#QNAN0
2602.796981, 241.815028, 1.000000, -1.#QNAN0
2602.868052, 241.819684, 1.000000, -1.#QNAN0
2602.938346, 241.836186, 1.000000, -1.#QNAN0
2603.009417, 241.840843, 1.000000, -1.#QNAN0
2603.446603, 241.869487, 1.000000, -1.#QNAN0
2603.517673, 241.874143, 1.000000, -1.#QNAN0
2603.588744, 241.878800, 1.000000, -1.#QNAN0
2603.659815, 241.883456, 1.000000, -1.#QNAN0
2603.730885, 241.888113, 1.000000, -1.#QNAN0
2604.050882, 243.705368, -1.000000, -1.#QNAN0
2604.238365, 241.933259, 0.000000, -1.#QNAN0
2604.309436, 241.937915, 0.000000, -1.#QNAN0
2604.380507, 241.942572, 0.000000, -1.#QNAN0
2604.451577, 241.947228, 0.000000, -1.#QNAN0
2604.893263, 241.976234, 0.000000, -1.#QNAN0
2604.964321, 241.981070, 0.000000, -1.#QNAN0
2605.035380, 241.985907, 0.000000, -1.#QNAN0
2605.106438, 241.990744, 0.000000, -1.#QNAN0
2605.176691, 242.007423, 0.000000, -1.#QNAN0
2605.618933, 242.037567, 0.000000, -1.#QNAN0
2605.689977, 242.042611, 0.000000, -1.#QNAN0
2605.761021, 242.047654, 0.000000, -1.#QNAN0
2605.832065, 242.052697, 0.000000, -1.#QNAN0
2605.903110, 242.057741, 0.000000, -1.#QNAN0
2606.345225, 242.089133, 0.000000, -1.#QNAN0
2606.416254, 242.094382, 0.000000, -1.#QNAN0
2606.487284, 242.099630, 0.000000, -1.#QNAN0
2606.558313, 242.104879, 0.000000, -1.#QNAN0
2606.629342, 242.110127, 0.000000, -1.#QNAN0
2606.700372, 242.115376, 0.000000, -1.#QNAN0
2607.142326, 242.148209, 0.000000, -1.#QNAN0
2607.213340, 242.153660, 0.000000, -1.#QNAN0
2607.284354, 242.159112, 0.000000, -1.#QNAN0
2607.355368, 242.164563, 0.000000, -1.#QNAN0
2607.426382, 242.170014, 0.000000, -1.#QNAN0
2607.867248, 242.215903, 0.000000, -1.#QNAN0
2607.938246, 242.221554, 0.000000, -1.#QNAN0
2608.009245, 242.227206, 0.000000, -1.#QNAN0
2608.080243, 242.232858, 0.000000, -1.#QNAN0
2608.151241, 242.238510, 0.000000, -1.#QNAN0
2608.592865, 242.273771, 0.000000, -1.#QNAN0
2608.663848, 242.279621, 0.000000, -1.#QNAN0
2608.734830, 242.285471, 0.000000, -1.#QNAN0
2608.805812, 242.291321, 0.000000, -1.#QNAN0
2608.876795, 242.297171, 1.000000, -1.#QNAN0
2609.318268, 242.333628, 1.000000, -1.#QNAN0
2609.389234, 242.339674, 1.000000, -1.#QNAN0
2609.460200, 242.345720, 1.000000, -1.#QNAN0
2609.532173, 242.339939, 1.000000, -1.#QNAN0
2609.603139, 242.345985, 1.000000, -1.#QNAN0
2610.041759, 242.371448, 1.000000, -1.#QNAN0
2610.112721, 242.377537, 1.000000, -1.#QNAN0
2610.183683, 242.383626, 1.000000, -1.#QNAN0
2610.254646, 242.389715, 1.000000, -1.#QNAN0
2610.325608, 242.395804, 1.000000, -1.#QNAN0
2610.762159, 242.433262, 1.000000, -1.#QNAN0
2610.833121, 242.439352, 1.000000, -1.#QNAN0
2610.904083, 242.445442, 1.000000, -1.#QNAN0
2610.975045, 242.451533, 1.000000, -1.#QNAN0
2611.046007, 242.457623, 1.000000, -1.#QNAN0
2611.116970, 242.463713, 1.000000, -1.#QNAN0
2611.553488, 242.501177, 1.000000, -1.#QNAN0
2611.623435, 242.519094, 1.000000, -1.#QNAN0
2611.694397, 242.525184, 1.000000, -1.#QNAN0
2611.766374, 242.519447, 1.000000, -1.#QNAN0
2611.837336, 242.525538, 1.000000, -1.#QNAN0
2612.273855, 242.563001, 1.000000, -1.#QNAN0
2612.344817, 242.569091, 1.000000, -1.#QNAN0
2612.415779, 242.575182, 1.000000, -1.#QNAN0
2612.486742, 242.581272, 1.000000, -1.#QNAN0
2612.557704, 242.587362, 1.000000, -1.#QNAN0
2612.994222, 242.624826, 1.000000, -1.#QNAN0
2613.065184, 242.630916, 1.000000, -1.#QNAN0
2613.136146, 242.637006, 1.000000, -1.#QNAN0
2613.207108, 242.643096, 1.000000, -1.#QNAN0
2613.278070, 242.649187, 1.000000, -1.#QNAN0
2613.717204, 242.686875, 1.000000, -1.#QNAN0
2613.788167, 242.692965, 1.000000, -1.#QNAN0
2613.859129, 242.699055, 1.000000, -1.#QNAN0
2613.930091, 242.705145, 1.000000, -1.#QNAN0
2614.001053, 242.711236, 1.000000, -1.#QNAN0
2614.442891, 242.749156, 1.000000, -1.#QNAN0
2614.513853, 242.755246, 1.000000, -1.#QNAN0
2614.583800, 242.773163, 1.000000, -1.#QNAN0
2614.654762, 242.779254, 1.000000, -1.#QNAN0
2614.725725, 242.785344, 1.000000, -1.#QNAN0
2614.796687, 242.791434, 1.000000, -1.#QNAN0
2615.229406, 242.828572, 1.000000, -1.#QNAN0
2615.300369, 242.834662, 1.000000, -1.#QNAN0
2615.371331, 242.840752, 1.000000, -1.#QNAN0
2615.442293, 242.846842, 1.000000, -1.#QNAN0
2615.512240, 242.864760, 1.000000, -1.#QNAN0
2615.947675, 242.902130, 0.000000, -1.#QNAN0
2616.018638, 242.908220, 0.000000, -1.#QNAN0
2616.089600, 242.914311, 0.000000, -1.#QNAN0
2616.160562, 242.920401, 0.000000, -1.#QNAN0
2616.231524, 242.926491, 0.000000, -1.#QNAN0
2616.669682, 242.964095, 0.000000, -1.#QNAN0
2616.740644, 242.970186, 0.000000, -1.#QNAN0
2616.811606, 242.976276, 0.000000, -1.#QNAN0
2616.882568, 242.982366, 0.000000, -1.#QNAN0
2616.952516, 243.000283, 0.000000, -1.#QNAN0
2617.023478, 243.006374, 0.000000, -1.#QNAN0
2617.464363, 243.044212, 0.000000, -1.#QNAN0
2617.535325, 243.050302, 0.000000, -1.#QNAN0
2617.606287, 243.056392, 0.000000, -1.#QNAN0
2617.677249, 243.062483, 0.000000, -1.#QNAN0
2617.748211, 243.068573, 0.000000, -1.#QNAN0
2618.191830, 243.106646, 0.000000, -1.#QNAN0
2618.262792, 243.112736, 0.000000, -1.#QNAN0
2618.333754, 243.118826, 0.000000, -1.#QNAN0
2618.404717, 243.124917, 0.000000, -1.#QNAN0
2618.475679, 243.131007, 0.000000, -1.#QNAN0
2618.919380, 243.169087, 0.000000, -1.#QNAN0
2618.990343, 243.175177, 0.000000, -1.#QNAN0
2619.061305, 243.181267, 0.000000, -1.#QNAN0
2619.132267, 243.187358, 0.000000, -1.#QNAN0
2619.203229, 243.193448, 0.000000, -1.#QNAN0
2619.274191, 243.199538, 0.000000, -1.#QNAN0
2619.716877, 243.249445, 0.000000, -1.#QNAN0
2619.787839, 243.255535, 0.000000, -1.#QNAN0
2619.858801, 243.261626, 0.000000, -1.#QNAN0
2619.929764, 243.267716, 0.000000, -1.#QNAN0
2620.000726, 243.273806, 0.000000, -1.#QNAN0
2620.444427, 243.311886, 0.000000, -1.#QNAN0
2620.515389, 243.317976, 0.000000, -1.#QNAN0
2620.586351, 243.324066, 0.000000, -1.#QNAN0
2620.657313, 243.330157, 0.000000, -1.#QNAN0
2620.580080, 245.062993, -1.000000, -1.#QNAN0
2621.172992, 243.362500, 1.000000, -1.#QNAN0
2621.243954, 243.368590, 1.000000, -1.#QNAN0
2621.315932, 243.362853, 1.000000, -1.#QNAN0
2621.387909, 243.357117, 1.000000, -1.#QNAN0
2621.458871, 243.363207, 1.000000, -1.#QNAN0
2621.529833, 243.369297, 1.000000, -1.#QNAN0
2621.973534, 243.407377, 1.000000, -1.#QNAN0
2622.044496, 243.413467, 1.000000, -1.#QNAN0
2622.115458, 243.419558, 1.000000, -1.#QNAN0
2622.186420, 243.425648, 1.000000, -1.#QNAN0
2622.257383, 243.431738, 1.000000, -1.#QNAN0
2622.701084, 243.469818, 1.000000, -1.#QNAN0
2622.772046, 243.475908, 1.000000, -1.#QNAN0
2622.844023, 243.470172, 1.000000, -1.#QNAN0
2622.914985, 243.476262, 1.000000, -1.#QNAN0
2622.985947, 243.482352, 1.000000, -1.#QNAN0
2623.429649, 243.520432, 1.000000, -1.#QNAN0
2623.500611, 243.526522, 1.000000, -1.#QNAN0
2623.571573, 243.532613, 1.000000, -1.#QNAN0
2623.642536, 243.538703, 1.000000, -1.#QNAN0
2623.713498, 243.544793, 1.000000, -1.#QNAN0
2623.784460, 243.550883, 1.000000, -1.#QNAN0
2624.228161, 243.588963, 1.000000, -1.#QNAN0
2624.299123, 243.595053, 1.000000, -1.#QNAN0
2624.370085, 243.601144, 1.000000, -1.#QNAN0
2624.441047, 243.607234, 1.000000, -1.#QNAN0
2624.512009, 243.613324, 1.000000, -1.#QNAN0
2624.955710, 243.651404, 1.000000, -1.#QNAN0
2625.026672, 243.657494, 1.000000, -1.#QNAN0
2625.097635, 243.663585, 1.000000, -1.#QNAN0
2625.168597, 243.669675, 1.000000, -1.#QNAN0
2625.239559, 243.675765, 1.000000, -1.#QNAN0
2625.683261, 243.713845, 1.000000, -1.#QNAN0
2625.754223, 243.719935, 1.000000, -1.#QNAN0
2625.825185, 243.726026, 1.000000, -1.#QNAN0
2625.896147, 243.732116, 1.000000, -1.#QNAN0
2625.967109, 243.738206, 1.000000, -1.#QNAN0
2626.038071, 243.744296, 1.000000, -1.#QNAN0
2626.481772, 243.782376, 1.000000, -1.#QNAN0
2626.553750, 243.776640, 1.000000, -1.#QNAN0
2626.624712, 243.782730, 1.000000, -1.#QNAN0
2626.695674, 243.788820, 1.000000, -1.#QNAN0
2626.766636, 243.794910, 1.000000, -1.#QNAN0
2627.210337, 243.832990, 1.000000, -1.#QNAN0
2627.282314, 243.827254, 1.000000, -1.#QNAN0
2627.353276, 243.833344, 1.000000, -1.#QNAN0
2627.423224, 243.851261, 1.000000, -1.#QNAN0
2627.494186, 243.857351, 1.000000, -1.#QNAN0
2627.935403, 243.895203, 1.000000, -1.#QNAN0
2628.006373, 243.901195, 0.000000, -1.#QNAN0
2628.077344, 243.907186, 0.000000, -1.#QNAN0
2628.147316, 243.925006, 0.000000, -1.#QNAN0
2628.218287, 243.930998, 0.000000, -1.#QNAN0
2628.289257, 243.936989, 0.000000, -1.#QNAN0
2628.728599, 243.973936, 0.000000, -1.#QNAN0
2628.799585, 243.979751, 0.000000, -1.#QNAN0
2628.869601, 243.997396, 0.000000, -1.#QNAN0
2628.940586, 244.003210, 0.000000, -1.#QNAN0
2629.011571, 244.009025, 0.000000, -1.#QNAN0
2629.450725, 244.044908, 0.000000, -1.#QNAN0
2629.520788, 244.062367, 0.000000, -1.#QNAN0
2629.591788, 244.067992, 0.000000, -1.#QNAN0
2629.662789, 244.073617, 0.000000, -1.#QNAN0
2629.733789, 244.079242, 0.000000, -1.#QNAN0
2630.172948, 244.114011, 0.000000, -1.#QNAN0
2630.243058, 244.131278, 0.000000, -1.#QNAN0
2630.314074, 244.136709, 0.000000, -1.#QNAN0
2630.385090, 244.142140, 0.000000, -1.#QNAN0
2630.456105, 244.147572, 0.000000, -1.#QNAN0
2630.526216, 244.164839, 0.000000, -1.#QNAN0
2630.965424, 244.198270, 0.000000, -1.#QNAN0
2631.036454, 244.203503, 0.000000, -1.#QNAN0
2631.107485, 244.208735, 0.000000, -1.#QNAN0
2631.178515, 244.213967, 0.000000, -1.#QNAN0
2631.248674, 244.231038, 0.000000, -1.#QNAN0
2631.687881, 244.263297, 0.000000, -1.#QNAN0
2631.758926, 244.268325, 0.000000, -1.#QNAN0
2631.829971, 244.273354, 0.000000, -1.#QNAN0
2631.900179, 244.290223, 0.000000, -1.#QNAN0
2631.971224, 244.295252, 0.000000, -1.#QNAN0
2632.410427, 244.326311, 0.000000, -1.#QNAN0
2632.481487, 244.331130, 0.000000, -1.#QNAN0
2632.552547, 244.335949, 0.000000, -1.#QNAN0
2632.622803, 244.352612, 0.000000, -1.#QNAN0
2632.693863, 244.357431, 0.000000, -1.#QNAN0
2632.765726, 244.350407, 1.000000, -1.#QNAN0
2633.209303, 244.368541, 1.000000, -1.#QNAN0
2633.281160, 244.361452, 1.000000, -1.#QNAN0
2633.353017, 244.354364, 1.000000, -1.#QNAN0
2633.424081, 244.359119, 1.000000, -1.#QNAN0
2633.495145, 244.363875, 1.000000, -1.#QNAN0
2633.939390, 244.393602, 1.000000, -1.#QNAN0
2634.010455, 244.398354, 1.000000, -1.#QNAN0
2634.081519, 244.403105, 1.000000, -1.#QNAN0
2634.152583, 244.407857, 1.000000, -1.#QNAN0
2634.223648, 244.412609, 1.000000, -1.#QNAN0
2634.668780, 244.430476, 1.000000, -1.#QNAN0
2634.739844, 244.435228, 1.000000, -1.#QNAN0
2634.810909, 244.439980, 1.000000, -1.#QNAN0
2634.881181, 244.456576, 1.000000, -1.#QNAN0
2634.952245, 244.461327, 1.000000, -1.#QNAN0
2635.023310, 244.466079, 1.000000, -1.#QNAN0
2635.466858, 244.507634, 1.000000, -1.#QNAN0
2635.537922, 244.512386, 1.000000, -1.#QNAN0
2635.608986, 244.517138, 1.000000, -1.#QNAN0
2635.680051, 244.521890, 1.000000, -1.#QNAN0
2635.751907, 244.514798, 1.000000, -1.#QNAN0
2636.196247, 244.544509, 1.000000, -1.#QNAN0
2636.267311, 244.549261, 1.000000, -1.#QNAN0
2636.339168, 244.542168, 1.000000, -1.#QNAN0
2636.410232, 244.546920, 1.000000, -1.#QNAN0
2636.481296, 244.551672, 1.000000, -1.#QNAN0
2636.920254, 244.581023, 1.000000, -1.#QNAN0
2636.991319, 244.585775, 1.000000, -1.#QNAN0
2637.062383, 244.590527, 1.000000, -1.#QNAN0
2637.133447, 244.595279, 1.000000, -1.#QNAN0
2637.204512, 244.600030, 1.000000, -1.#QNAN0
2637.275576, 244.604782, 1.000000, -1.#QNAN0
2637.707698, 244.645574, 1.000000, -1.#QNAN0
2637.778763, 244.650325, 1.000000, -1.#QNAN0
2637.849827, 244.655077, 1.000000, -1.#QNAN0
2637.920891, 244.659829, 1.000000, -1.#QNAN0
2637.991956, 244.664581, 1.000000, -1.#QNAN0
2638.430676, 244.693916, 1.000000, -1.#QNAN0
2638.501740, 244.698668, 1.000000, -1.#QNAN0
2638.572805, 244.703420, 1.000000, -1.#QNAN0
2638.643869, 244.708172, 1.000000, -1.#QNAN0
2638.714933, 244.712923, 1.000000, -1.#QNAN0
2639.147621, 244.741855, 1.000000, -1.#QNAN0
2639.219478, 244.734763, 1.000000, -1.#QNAN0
2639.290542, 244.739515, 1.000000, -1.#QNAN0
2639.361606, 244.744267, 1.000000, -1.#QNAN0
2639.433463, 244.737174, 1.000000, -1.#QNAN0
2639.860123, 244.765704, 1.000000, -1.#QNAN0
2639.931187, 244.770455, 0.000000, -1.#QNAN0
2640.002251, 244.775207, 0.000000, -1.#QNAN0
2640.073316, 244.779959, 0.000000, -1.#QNAN0
2640.144380, 244.784711, 0.000000, -1.#QNAN0
2640.565018, 244.812837, 0.000000, -1.#QNAN0
2640.635290, 244.829433, 0.000000, -1.#QNAN0
2640.706355, 244.834185, 0.000000, -1.#QNAN0
2640.777419, 244.838937, 0.000000, -1.#QNAN0
2640.848483, 244.843688, 0.000000, -1.#QNAN0
2641.274950, 244.872204, 0.000000, -1.#QNAN0
2641.346014, 244.876956, 0.000000, -1.#QNAN0
2641.417078, 244.881708, 0.000000, -1.#QNAN0
2641.488143, 244.886460, 0.000000, -1.#QNAN0
2641.559207, 244.891212, 0.000000, -1.#QNAN0
2641.985011, 244.919683, 0.000000, -1.#QNAN0
2642.056076, 244.924435, 0.000000, -1.#QNAN0
2642.127140, 244.929187, 0.000000, -1.#QNAN0
2642.197412, 244.945783, 0.000000, -1.#QNAN0
2642.268477, 244.950535, 0.000000, -1.#QNAN0
2642.694281, 244.979006, 0.000000, -1.#QNAN0
2642.765345, 244.983758, 0.000000, -1.#QNAN0
2642.836410, 244.988510, 0.000000, -1.#QNAN0
2642.907474, 244.993262, 0.000000, -1.#QNAN0
2642.978538, 244.998014, 0.000000, -1.#QNAN0
2643.404343, 245.026485, 0.000000, -1.#QNAN0
2643.475408, 245.031237, 0.000000, -1.#QNAN0
2643.546472, 245.035989, 0.000000, -1.#QNAN0
2643.617536, 245.040741, 0.000000, -1.#QNAN0
2643.688601, 245.045493, 0.000000, -1.#QNAN0
2644.113613, 245.085809, 0.000000, -1.#QNAN0
2644.184677, 245.090560, 0.000000, -1.#QNAN0
2644.255742, 245.095312, 0.000000, -1.#QNAN0
2644.326806, 245.100064, 0.000000, -1.#QNAN0
2644.397870, 245.104816, 0.000000, -1.#QNAN0
2644.823675, 245.133288, 1.000000, -1.#QNAN0
2644.895531, 245.126195, 1.000000, -1.#QNAN0
2644.966595, 245.130947, 1.000000, -1.#QNAN0
2645.038451, 245.123855, 1.000000, -1.#QNAN0
2645.109516, 245.128607, 1.000000, -1.#QNAN0
2645.536113, 245.145234, 1.000000, -1.#QNAN0
2645.607177, 245.149986, 1.000000, -1.#QNAN0
2645.678241, 245.154738, 1.000000, -1.#QNAN0
2645.750098, 245.147646, 1.000000, -1.#QNAN0
2645.821162, 245.152398, 1.000000, -1.#QNAN0
2646.246966, 245.180869, 1.000000, -1.#QNAN0
2646.318823, 245.173777, 1.000000, -1.#QNAN0
2646.389887, 245.178529, 1.000000, -1.#QNAN0
2646.460951, 245.183281, 1.000000, -1.#QNAN0
2646.532016, 245.188032, 1.000000, -1.#QNAN0
2646.957820, 245.216504, 1.000000, -1.#QNAN0
2647.028884, 245.221256, 1.000000, -1.#QNAN0
2647.099949, 245.226008, 1.000000, -1.#QNAN0
2647.171013, 245.230760, 1.000000, -1.#QNAN0
2647.242077, 245.235511, 1.000000, -1.#QNAN0
2647.667882, 245.263983, 1.000000, -1.#QNAN0
2647.738947, 245.268735, 1.000000, -1.#QNAN0
2647.810011, 245.273487, 1.000000, -1.#QNAN0
2647.881075, 245.278239, 1.000000, -1.#QNAN0
2647.952140, 245.282990, 1.000000, -1.#QNAN0
2648.377944, 245.311462, 1.000000, -1.#QNAN0
2648.449008, 245.316214, 1.000000, -1.#QNAN0
2648.520072, 245.320966, 1.000000, -1.#QNAN0
2648.591137, 245.325718, 1.000000, -1.#QNAN0
2648.662201, 245.330469, 1.000000, -1.#QNAN0
2649.088601, 245.358985, 1.000000, -1.#QNAN0
2649.158867, 245.375604, 1.000000, -1.#QNAN0
2649.230726, 245.368536, 1.000000, -1.#QNAN0
2649.301789, 245.373311, 1.000000, -1.#QNAN0
2649.372851, 245.378087, 1.000000, -1.#QNAN0
2649.801942, 245.406947, 1.000000, -1.#QNAN0
2649.872996, 245.411853, 1.000000, -1.#QNAN0
2649.944049, 245.416760, 1.000000, -1.#QNAN0
2650.015103, 245.421666, 1.000000, -1.#QNAN0
2650.086157, 245.426573, 1.000000, -1.#QNAN0
2650.517806, 245.456428, 1.000000, -1.#QNAN0
2650.588843, 245.461569, 1.000000, -1.#QNAN0
2650.659880, 245.466711, 1.000000, -1.#QNAN0
2650.730917, 245.471852, 1.000000, -1.#QNAN0
2650.801098, 245.488833, 1.000000, -1.#QNAN0
2651.232528, 245.520106, 1.000000, -1.#QNAN0
2651.303548, 245.525479, 0.000000, -1.#QNAN0
2651.374568, 245.530852, 0.000000, -1.#QNAN0
2651.445588, 245.536225, 0.000000, -1.#QNAN0
2651.515713, 245.553435, 0.000000, -1.#QNAN0
2651.946925, 245.586105, 0.000000, -1.#QNAN0
2652.017927, 245.591707, 0.000000, -1.#QNAN0
2652.088930, 245.597308, 0.000000, -1.#QNAN0
2652.159932, 245.602910, 0.000000, -1.#QNAN0
2652.230934, 245.608511, 0.000000, -1.#QNAN0
2652.661963, 245.642563, 0.000000, -1.#QNAN0
2652.731976, 245.660221, 0.000000, -1.#QNAN0
2652.802960, 245.666048, 0.000000, -1.#QNAN0
2652.873945, 245.671875, 0.000000, -1.#QNAN0
2652.944929, 245.677702, 0.000000, -1.#QNAN0
2653.375736, 245.713112, 0.000000, -1.#QNAN0
2653.446702, 245.719162, 0.000000, -1.#QNAN0
2653.517668, 245.725211, 0.000000, -1.#QNAN0
2653.587625, 245.743088, 0.000000, -1.#QNAN0
2653.658591, 245.749137, 0.000000, -1.#QNAN0
2654.088875, 245.785859, 0.000000, -1.#QNAN0
2654.159823, 245.792116, 0.000000, -1.#QNAN0
2654.230770, 245.798372, 0.000000, -1.#QNAN0
2654.301718, 245.804629, 0.000000, -1.#QNAN0
2654.371623, 245.822710, 0.000000, -1.#QNAN0
2654.799518, 245.860466, 0.000000, -1.#QNAN0
2654.870456, 245.866837, 0.000000, -1.#QNAN0
2654.941393, 245.873208, 0.000000, -1.#QNAN0
2655.012330, 245.879580, 0.000000, -1.#QNAN0
2655.083268, 245.885951, 0.000000, -1.#QNAN0
2655.508312, 245.924126, 0.000000, -1.#QNAN0
2655.578188, 245.942321, 0.000000, -1.#QNAN0
2655.649125, 245.948692, 0.000000, -1.#QNAN0
2655.720063, 245.955063, 0.000000, -1.#QNAN0
2655.791000, 245.961434, 1.000000, -1.#QNAN0
2656.216045, 245.999610, 1.000000, -1.#QNAN0
2656.288044, 245.994158, 1.000000, -1.#QNAN0
2656.358982, 246.000530, 1.000000, -1.#QNAN0
2656.430981, 245.995078, 1.000000, -1.#QNAN0
2656.501918, 246.001449, 1.000000, -1.#QNAN0
2656.926963, 246.039625, 1.000000, -1.#QNAN0
2656.997900, 246.045996, 1.000000, -1.#QNAN0
2657.068837, 246.052367, 1.000000, -1.#QNAN0
2657.139775, 246.058739, 1.000000, -1.#QNAN0
2657.211774, 246.053287, 1.000000, -1.#QNAN0
2657.636818, 246.091463, 1.000000, -1.#QNAN0
2657.707756, 246.097834, 1.000000, -1.#QNAN0
2657.778693, 246.104205, 1.000000, -1.#QNAN0
2657.849631, 246.110576, 1.000000, -1.#QNAN0
2657.920568, 246.116948, 1.000000, -1.#QNAN0
2658.346917, 246.155240, 1.000000, -1.#QNAN0
2658.417854, 246.161612, 1.000000, -1.#QNAN0
2658.488792, 246.167983, 1.000000, -1.#QNAN0
2658.559729, 246.174354, 1.000000, -1.#QNAN0
2658.630666, 246.180725, 1.000000, -1.#QNAN0
2659.060199, 246.219304, 1.000000, -1.#QNAN0
2659.131136, 246.225675, 1.000000, -1.#QNAN0
2659.202074, 246.232047, 1.000000, -1.#QNAN0
2659.273011, 246.238418, 1.000000, -1.#QNAN0
2659.343949, 246.244789, 1.000000, -1.#QNAN0
2659.764851, 246.282593, 1.000000, -1.#QNAN0
2659.835788, 246.288964, 1.000000, -1.#QNAN0
2659.906726, 246.295335, 1.000000, -1.#QNAN0
2659.977663, 246.301707, 1.000000, -1.#QNAN0
2660.047539, 246.319901, 1.000000, -1.#QNAN0
2660.118476, 246.326272, 1.000000, -1.#QNAN0
2660.542580, 246.364363, 1.000000, -1.#QNAN0
2660.612455, 246.382557, 1.000000, -1.#QNAN0
2660.683393, 246.388928, 1.000000, -1.#QNAN0
2660.754330, 246.395300, 1.000000, -1.#QNAN0
2660.825268, 246.401671, 1.000000, -1.#QNAN0
2661.252579, 246.440050, 1.000000, -1.#QNAN0
2661.323516, 246.446421, 1.000000, -1.#QNAN0
2661.394453, 246.452793, 1.000000, -1.#QNAN0
2661.465391, 246.459164, 1.000000, -1.#QNAN0
2661.537390, 246.453712, 1.000000, -1.#QNAN0
2661.967917, 246.492380, 1.000000, -1.#QNAN0
2662.038854, 246.498752, 1.000000, -1.#QNAN0
2662.109792, 246.505123, 1.000000, -1.#QNAN0
2662.180729, 246.511494, 1.000000, -1.#QNAN0
2662.095570, 248.255834, -1.000000, -1.#QNAN0
2662.684355, 246.568646, 0.000000, -1.#QNAN0
2662.755292, 246.575017, 0.000000, -1.#QNAN0
2662.826230, 246.581388, 0.000000, -1.#QNAN0
2662.897167, 246.587760, 0.000000, -1.#QNAN0
2662.968105, 246.594131, 0.000000, -1.#QNAN0
2663.403759, 246.633259, 0.000000, -1.#QNAN0
2663.474697, 246.639631, 0.000000, -1.#QNAN0
2663.545634, 246.646002, 0.000000, -1.#QNAN0
2663.616572, 246.652373, 0.000000, -1.#QNAN0
2663.688571, 246.646922, 0.000000, -1.#QNAN0
2664.124226, 246.686050, 0.000000, -1.#QNAN0
2664.195163, 246.692421, 0.000000, -1.#QNAN0
2664.266101, 246.698793, 0.000000, -1.#QNAN0
2664.337038, 246.705164, 0.000000, -1.#QNAN0
2664.407976, 246.711535, 0.000000, -1.#QNAN0
2664.478913, 246.717907, 0.000000, -1.#QNAN0
2664.914568, 246.757035, 0.000000, -1.#QNAN0
2664.985506, 246.763406, 0.000000, -1.#QNAN0
2665.056443, 246.769778, 0.000000, -1.#QNAN0
2665.127381, 246.776149, 0.000000, -1.#QNAN0
2665.198318, 246.782520, 0.000000, -1.#QNAN0
2665.633973, 246.821649, 0.000000, -1.#QNAN0
2665.704910, 246.828020, 0.000000, -1.#QNAN0
2665.775848, 246.834391, 0.000000, -1.#QNAN0
2665.846785, 246.840763, 0.000000, -1.#QNAN0
2665.917723, 246.847134, 0.000000, -1.#QNAN0
2666.353377, 246.886262, 0.000000, -1.#QNAN0
2666.425377, 246.880811, 0.000000, -1.#QNAN0
2666.496314, 246.887182, 0.000000, -1.#QNAN0
2666.567252, 246.893553, 0.000000, -1.#QNAN0
2666.638189, 246.899925, 0.000000, -1.#QNAN0
2667.073844, 246.939053, 0.000000, -1.#QNAN0
2667.144782, 246.945424, 0.000000, -1.#QNAN0
2667.215719, 246.951796, 0.000000, -1.#QNAN0
2667.286657, 246.958167, 0.000000, -1.#QNAN0
2667.357594, 246.964538, 0.000000, -1.#QNAN0
2667.793249, 247.003667, 1.000000, -1.#QNAN0
2667.864186, 247.010038, 1.000000, -1.#QNAN0
2667.936186, 247.004586, 1.000000, -1.#QNAN0
2668.007123, 247.010958, 1.000000, -1.#QNAN0
2668.079122, 247.005506, 1.000000, -1.#QNAN0
2668.514777, 247.044635, 1.000000, -1.#QNAN0
2668.585714, 247.051006, 1.000000, -1.#QNAN0
2668.656652, 247.057377, 1.000000, -1.#QNAN0
2668.727589, 247.063748, 1.000000, -1.#QNAN0
2668.798527, 247.070120, 1.000000, -1.#QNAN0
2668.869464, 247.076491, 1.000000, -1.#QNAN0
2669.304058, 247.127442, 1.000000, -1.#QNAN0
2669.374995, 247.133814, 1.000000, -1.#QNAN0
2669.445933, 247.140185, 1.000000, -1.#QNAN0
2669.516870, 247.146556, 1.000000, -1.#QNAN0
2669.587808, 247.152928, 1.000000, -1.#QNAN0
2670.023462, 247.192056, 1.000000, -1.#QNAN0
2670.093338, 247.210250, 1.000000, -1.#QNAN0
2670.164275, 247.216621, 1.000000, -1.#QNAN0
2670.236275, 247.211170, 1.000000, -1.#QNAN0
2670.306150, 247.229364, 1.000000, -1.#QNAN0
2670.741805, 247.268493, 1.000000, -1.#QNAN0
2670.812742, 247.274864, 1.000000, -1.#QNAN0
2670.883680, 247.281235, 1.000000, -1.#QNAN0
2670.954617, 247.287606, 1.000000, -1.#QNAN0
2671.025555, 247.293978, 1.000000, -1.#QNAN0
2671.461210, 247.333106, 1.000000, -1.#QNAN0
2671.532147, 247.339478, 1.000000, -1.#QNAN0
2671.603085, 247.345849, 1.000000, -1.#QNAN0
2671.674022, 247.352220, 1.000000, -1.#QNAN0
2671.744960, 247.358591, 1.000000, -1.#QNAN0
2672.182342, 247.385961, 1.000000, -1.#QNAN0
2672.253277, 247.392359, 1.000000, -1.#QNAN0
2672.324212, 247.398758, 1.000000, -1.#QNAN0
2672.395147, 247.405156, 1.000000, -1.#QNAN0
2672.466082, 247.411554, 1.000000, -1.#QNAN0
2672.902519, 247.450919, 1.000000, -1.#QNAN0
2672.972380, 247.469171, 1.000000, -1.#QNAN0
2673.044384, 247.463780, 1.000000, -1.#QNAN0
2673.115316, 247.470210, 1.000000, -1.#QNAN0
2673.186248, 247.476640, 1.000000, -1.#QNAN0
2673.257180, 247.483070, 1.000000, -1.#QNAN0
2673.693586, 247.522658, 1.000000, -1.#QNAN0
2673.764515, 247.529120, 1.000000, -1.#QNAN0
2673.836521, 247.523761, 1.000000, -1.#QNAN0
2673.907451, 247.530222, 1.000000, -1.#QNAN0
2673.978380, 247.536684, 0.000000, -1.#QNAN0
2674.414752, 247.576460, 0.000000, -1.#QNAN0
2674.485679, 247.582952, 0.000000, -1.#QNAN0
2674.556605, 247.589445, 0.000000, -1.#QNAN0
2674.626450, 247.607759, 0.000000, -1.#QNAN0
2674.697376, 247.614251, 0.000000, -1.#QNAN0
2675.133707, 247.654209, 0.000000, -1.#QNAN0
2675.204631, 247.660731, 0.000000, -1.#QNAN0
2675.275555, 247.667254, 0.000000, -1.#QNAN0
2675.346478, 247.673777, 0.000000, -1.#QNAN0
2675.417402, 247.680299, 0.000000, -1.#QNAN0
2675.853699, 247.720434, 0.000000, -1.#QNAN0
2675.924620, 247.726986, 0.000000, -1.#QNAN0
2675.995541, 247.733538, 0.000000, -1.#QNAN0
2676.065370, 247.751910, 0.000000, -1.#QNAN0
2676.136291, 247.758462, 0.000000, -1.#QNAN0
2676.572547, 247.798770, 0.000000, -1.#QNAN0
2676.643466, 247.805350, 0.000000, -1.#QNAN0
2676.714384, 247.811931, 0.000000, -1.#QNAN0
2676.785303, 247.818511, 0.000000, -1.#QNAN0
2676.856221, 247.825092, 0.000000, -1.#QNAN0
2677.292016, 247.865529, 0.000000, -1.#QNAN0
2677.362933, 247.872120, 0.000000, -1.#QNAN0
2677.432752, 247.890530, 0.000000, -1.#QNAN0
2677.503670, 247.897121, 0.000000, -1.#QNAN0
2677.574587, 247.903712, 0.000000, -1.#QNAN0
2677.645504, 247.910303, 0.000000, -1.#QNAN0
2678.081061, 247.950784, 0.000000, -1.#QNAN0
2678.151979, 247.957376, 0.000000, -1.#QNAN0
2678.222896, 247.963967, 0.000000, -1.#QNAN0
2678.293813, 247.970559, 0.000000, -1.#QNAN0
2678.364731, 247.977151, 0.000000, -1.#QNAN0
2678.799163, 248.029454, 0.000000, -1.#QNAN0
2678.870080, 248.036046, 0.000000, -1.#QNAN0
2678.940997, 248.042638, 0.000000, -1.#QNAN0
2679.011915, 248.049230, 0.000000, -1.#QNAN0
2678.922428, 249.781477, -1.000000, -1.#QNAN0
2679.518363, 248.096306, 1.000000, -1.#QNAN0
2679.590379, 248.091078, 1.000000, -1.#QNAN0
2679.661296, 248.097670, 1.000000, -1.#QNAN0
2679.732213, 248.104262, 1.000000, -1.#QNAN0
2679.803131, 248.110854, 1.000000, -1.#QNAN0
2680.238662, 248.151338, 1.000000, -1.#QNAN0
2680.309579, 248.157929, 1.000000, -1.#QNAN0
2680.380497, 248.164521, 1.000000, -1.#QNAN0
2680.451414, 248.171113, 1.000000, -1.#QNAN0
2680.522331, 248.177705, 1.000000, -1.#QNAN0
2680.964787, 248.206911, 1.000000, -1.#QNAN0
2681.035704, 248.213503, 1.000000, -1.#QNAN0
2681.106621, 248.220095, 1.000000, -1.#QNAN0
2681.177539, 248.226687, 1.000000, -1.#QNAN0
2681.249555, 248.221459, 1.000000, -1.#QNAN0
2681.319373, 248.239870, 1.000000, -1.#QNAN0
2681.755384, 248.280399, 1.000000, -1.#QNAN0
2681.826302, 248.286991, 1.000000, -1.#QNAN0
2681.897219, 248.293583, 1.000000, -1.#QNAN0
2681.968136, 248.300175, 1.000000, -1.#QNAN0
2682.039054, 248.306766, 1.000000, -1.#QNAN0
2682.481539, 248.347896, 1.000000, -1.#QNAN0
2682.552457, 248.354488, 1.000000, -1.#QNAN0
2682.623374, 248.361080, 1.000000, -1.#QNAN0
2682.694291, 248.367672, 1.000000, -1.#QNAN0
2682.766307, 248.362445, 1.000000, -1.#QNAN0
2683.214168, 248.415996, 1.000000, -1.#QNAN0
2683.285085, 248.422588, 1.000000, -1.#QNAN0
2683.356002, 248.429180, 1.000000, -1.#QNAN0
2683.428018, 248.423952, 1.000000, -1.#QNAN0
2683.498936, 248.430544, 1.000000, -1.#QNAN0
2683.569853, 248.437136, 1.000000, -1.#QNAN0
2684.014565, 248.466551, 1.000000, -1.#QNAN0
2684.085482, 248.473143, 1.000000, -1.#QNAN0
2684.156400, 248.479735, 1.000000, -1.#QNAN0
2684.227317, 248.486327, 1.000000, -1.#QNAN0
2684.298234, 248.492919, 1.000000, -1.#QNAN0
2684.747224, 248.546575, 1.000000, -1.#QNAN0
2684.818142, 248.553167, 1.000000, -1.#QNAN0
2684.887960, 248.571579, 1.000000, -1.#QNAN0
2684.958878, 248.578171, 1.000000, -1.#QNAN0
2685.029795, 248.584763, 1.000000, -1.#QNAN0
2685.100712, 248.591355, 1.000000, -1.#QNAN0
2685.556176, 248.645613, 1.000000, -1.#QNAN0
2685.627093, 248.652205, 1.000000, -1.#QNAN0
2685.698011, 248.658797, 1.000000, -1.#QNAN0
2685.768928, 248.665389, 1.000000, -1.#QNAN0
2685.840944, 248.660161, 1.000000, -1.#QNAN0
2686.298154, 248.702660, 0.000000, -1.#QNAN0
2686.369071, 248.709252, 0.000000, -1.#QNAN0
2686.439988, 248.715843, 0.000000, -1.#QNAN0
2686.509807, 248.734255, 0.000000, -1.#QNAN0
2686.580724, 248.740847, 0.000000, -1.#QNAN0
2686.651642, 248.747439, 0.000000, -1.#QNAN0
2687.108852, 248.789938, 0.000000, -1.#QNAN0
2687.179770, 248.796530, 0.000000, -1.#QNAN0
2687.249588, 248.814941, 0.000000, -1.#QNAN0
2687.320506, 248.821533, 0.000000, -1.#QNAN0
2687.391423, 248.828125, 0.000000, -1.#QNAN0
2687.848633, 248.870624, 0.000000, -1.#QNAN0
2687.919550, 248.877216, 0.000000, -1.#QNAN0
2687.990467, 248.883807, 0.000000, -1.#QNAN0
2688.060286, 248.902219, 0.000000, -1.#QNAN0
2688.131203, 248.908811, 0.000000, -1.#QNAN0
2688.202121, 248.915403, 0.000000, -1.#QNAN0
2688.659331, 248.957901, 0.000000, -1.#QNAN0
2688.730248, 248.964493, 0.000000, -1.#QNAN0
2688.801165, 248.971085, 0.000000, -1.#QNAN0
2688.870984, 248.989497, 0.000000, -1.#QNAN0
2688.941901, 248.996089, 0.000000, -1.#QNAN0
2689.399112, 249.038588, 0.000000, -1.#QNAN0
2689.470029, 249.045179, 0.000000, -1.#QNAN0
2689.540946, 249.051771, 0.000000, -1.#QNAN0
2689.610765, 249.070183, 0.000000, -1.#QNAN0
2689.681682, 249.076775, 0.000000, -1.#QNAN0
2689.752600, 249.083367, 0.000000, -1.#QNAN0
2690.209810, 249.125865, 0.000000, -1.#QNAN0
2690.280727, 249.132457, 0.000000, -1.#QNAN0
2690.351644, 249.139049, 0.000000, -1.#QNAN0
2690.421463, 249.157461, 0.000000, -1.#QNAN0
2690.492380, 249.164053, 0.000000, -1.#QNAN0
2690.949590, 249.206551, 0.000000, -1.#QNAN0
2691.020507, 249.213143, 0.000000, -1.#QNAN0
2691.091425, 249.219735, 0.000000, -1.#QNAN0
2691.162342, 249.226327, 0.000000, -1.#QNAN0
2691.232161, 249.244739, 0.000000, -1.#QNAN0
2691.303078, 249.251331, 0.000000, -1.#QNAN0
2691.605378, 250.960386, -1.000000, -1.#QNAN0
2691.832304, 249.288602, 1.000000, -1.#QNAN0
2691.903222, 249.295194, 1.000000, -1.#QNAN0
2691.975238, 249.289966, 1.000000, -1.#QNAN0
2692.046155, 249.296558, 1.000000, -1.#QNAN0
2692.503365, 249.339057, 1.000000, -1.#QNAN0
2692.574282, 249.345649, 1.000000, -1.#QNAN0
2692.645200, 249.352241, 1.000000, -1.#QNAN0
2692.716117, 249.358832, 1.000000, -1.#QNAN0
2692.787034, 249.365424, 1.000000, -1.#QNAN0
2692.856853, 249.383836, 1.000000, -1.#QNAN0
2693.314063, 249.426335, 1.000000, -1.#QNAN0
2693.384980, 249.432927, 1.000000, -1.#QNAN0
2693.455897, 249.439518, 1.000000, -1.#QNAN0
2693.526815, 249.446110, 1.000000, -1.#QNAN0
2693.597732, 249.452702, 1.000000, -1.#QNAN0
2694.055651, 249.495272, 1.000000, -1.#QNAN0
2694.126566, 249.501894, 1.000000, -1.#QNAN0
2694.197480, 249.508516, 1.000000, -1.#QNAN0
2694.268395, 249.515138, 1.000000, -1.#QNAN0
2694.339309, 249.521760, 1.000000, -1.#QNAN0
2694.410224, 249.528382, 1.000000, -1.#QNAN0
2694.869543, 249.583290, 1.000000, -1.#QNAN0
2694.940445, 249.590050, 1.000000, -1.#QNAN0
2695.010220, 249.608627, 1.000000, -1.#QNAN0
2695.081121, 249.615386, 1.000000, -1.#QNAN0
2695.152023, 249.622146, 1.000000, -1.#QNAN0
2695.613868, 249.666220, 1.000000, -1.#QNAN0
2695.683589, 249.684996, 1.000000, -1.#QNAN0
2695.754471, 249.691959, 1.000000, -1.#QNAN0
2695.824192, 249.710736, 1.000000, -1.#QNAN0
2695.895074, 249.717699, 1.000000, -1.#QNAN0
2695.967116, 249.712848, 1.000000, -1.#QNAN0
2696.430157, 249.746555, 1.000000, -1.#QNAN0
2696.501017, 249.753729, 1.000000, -1.#QNAN0
2696.571878, 249.760902, 1.000000, -1.#QNAN0
2696.643935, 249.756266, 1.000000, -1.#QNAN0
2696.713600, 249.775249, 1.000000, -1.#QNAN0
2697.175534, 249.822057, 1.000000, -1.#QNAN0
2697.246372, 249.829449, 1.000000, -1.#QNAN0
2697.317210, 249.836841, 1.000000, -1.#QNAN0
2697.386817, 249.856039, 1.000000, -1.#QNAN0
2697.456423, 249.875237, 1.000000, -1.#QNAN0
2697.526030, 249.894435, 1.000000, -1.#QNAN0
2697.987882, 249.942788, 1.000000, -1.#QNAN0
2698.058696, 249.950406, 1.000000, -1.#QNAN0
2698.129511, 249.958025, 1.000000, -1.#QNAN0
2698.200325, 249.965643, 1.000000, -1.#QNAN0
2698.272409, 249.961458, 1.000000, -1.#QNAN0
2698.553736, 251.639344, -1.000000, -1.#QNAN0
2698.805141, 250.019054, 0.000000, -1.#QNAN0
2698.875929, 250.026907, 0.000000, -1.#QNAN0
2698.946718, 250.034760, 0.000000, -1.#QNAN0
2699.017507, 250.042613, 0.000000, -1.#QNAN0
2699.086987, 250.062264, 0.000000, -1.#QNAN0
2699.547200, 250.113435, 0.000000, -1.#QNAN0
2699.617970, 250.121457, 0.000000, -1.#QNAN0
2699.688740, 250.129478, 0.000000, -1.#QNAN0
2699.759510, 250.137499, 0.000000, -1.#QNAN0
2699.830280, 250.145521, 0.000000, -1.#QNAN0
2700.287488, 250.197349, 0.000000, -1.#QNAN0
2700.358253, 250.205412, 0.000000, -1.#QNAN0
2700.429018, 250.213475, 0.000000, -1.#QNAN0
2700.499783, 250.221538, 0.000000, -1.#QNAN0
2700.569204, 250.241395, 0.000000, -1.#QNAN0
2700.639970, 250.249458, 0.000000, -1.#QNAN0
2701.096199, 250.301440, 0.000000, -1.#QNAN0
2701.166964, 250.309503, 0.000000, -1.#QNAN0
2701.237730, 250.317565, 0.000000, -1.#QNAN0
2701.308495, 250.325628, 0.000000, -1.#QNAN0
2701.379260, 250.333691, 0.000000, -1.#QNAN0
2701.835489, 250.385673, 0.000000, -1.#QNAN0
2701.906254, 250.393736, 0.000000, -1.#QNAN0
2701.977019, 250.401799, 0.000000, -1.#QNAN0
2702.046440, 250.421656, 0.000000, -1.#QNAN0
2702.117206, 250.429719, 0.000000, -1.#QNAN0
2702.187971, 250.437782, 0.000000, -1.#QNAN0
2702.644200, 250.489764, 0.000000, -1.#QNAN0
2702.714965, 250.497826, 0.000000, -1.#QNAN0
2702.785730, 250.505889, 0.000000, -1.#QNAN0
2702.856495, 250.513952, 0.000000, -1.#QNAN0
2702.927260, 250.522015, 0.000000, -1.#QNAN0
2703.378153, 250.573389, 0.000000, -1.#QNAN0
2703.448919, 250.581452, 0.000000, -1.#QNAN0
2703.518340, 250.601309, 0.000000, -1.#QNAN0
2703.589105, 250.609372, 0.000000, -1.#QNAN0
2703.659870, 250.617435, 0.000000, -1.#QNAN0
2703.730635, 250.625497, 0.000000, -1.#QNAN0
2704.004212, 252.257607, -1.000000, -1.#QNAN0
2704.256391, 250.673454, 1.000000, -1.#QNAN0
2704.327156, 250.681517, 1.000000, -1.#QNAN0
2704.397922, 250.689580, 1.000000, -1.#QNAN0
2704.470030, 250.685848, 1.000000, -1.#QNAN0
2704.914643, 250.736507, 1.000000, -1.#QNAN0
2704.985408, 250.744570, 1.000000, -1.#QNAN0
2705.056174, 250.752632, 1.000000, -1.#QNAN0
2705.126939, 250.760695, 1.000000, -1.#QNAN0
2705.197704, 250.768758, 1.000000, -1.#QNAN0
2705.633290, 250.818388, 1.000000, -1.#QNAN0
2705.704055, 250.826451, 1.000000, -1.#QNAN0
2705.774820, 250.834514, 1.000000, -1.#QNAN0
2705.845585, 250.842577, 1.000000, -1.#QNAN0
2705.915007, 250.862434, 1.000000, -1.#QNAN0
2706.353365, 250.912379, 1.000000, -1.#QNAN0
2706.424130, 250.920442, 1.000000, -1.#QNAN0
2706.493552, 250.940299, 1.000000, -1.#QNAN0
2706.564317, 250.948362, 1.000000, -1.#QNAN0
2706.635082, 250.956425, 1.000000, -1.#QNAN0
2706.705847, 250.964488, 1.000000, -1.#QNAN0
2707.135191, 251.013407, 1.000000, -1.#QNAN0
2707.205956, 251.021470, 1.000000, -1.#QNAN0
2707.276722, 251.029532, 1.000000, -1.#QNAN0
2707.347487, 251.037595, 1.000000, -1.#QNAN0
2707.418252, 251.045658, 1.000000, -1.#QNAN0
2707.838590, 251.093551, 1.000000, -1.#QNAN0
2707.909355, 251.101614, 1.000000, -1.#QNAN0
2707.980120, 251.109676, 1.000000, -1.#QNAN0
2708.050885, 251.117739, 1.000000, -1.#QNAN0
2708.121650, 251.125802, 1.000000, -1.#QNAN0
2708.548747, 251.186412, 1.000000, -1.#QNAN0
2708.619512, 251.194475, 1.000000, -1.#QNAN0
2708.690277, 251.202538, 1.000000, -1.#QNAN0
2708.761042, 251.210601, 1.000000, -1.#QNAN0
2708.830463, 251.230458, 1.000000, -1.#QNAN0
2709.258904, 251.279273, 1.000000, -1.#QNAN0
2709.329669, 251.287336, 1.000000, -1.#QNAN0
2709.400434, 251.295399, 1.000000, -1.#QNAN0
2709.471199, 251.303462, 1.000000, -1.#QNAN0
2709.543308, 251.299731, 1.000000, -1.#QNAN0
2709.971749, 251.348547, 1.000000, -1.#QNAN0
2710.042514, 251.356609, 1.000000, -1.#QNAN0
2710.113279, 251.364672, 1.000000, -1.#QNAN0
2710.185388, 251.360941, 1.000000, -1.#QNAN0
2710.256154, 251.369004, 1.000000, -1.#QNAN0
2710.684594, 251.417820, 1.000000, -1.#QNAN0
2710.755359, 251.425882, 0.000000, -1.#QNAN0
2710.826124, 251.433945, 0.000000, -1.#QNAN0
2710.896889, 251.442008, 0.000000, -1.#QNAN0
2710.967654, 251.450071, 0.000000, -1.#QNAN0
2711.396095, 251.498887, 0.000000, -1.#QNAN0
2711.466860, 251.506950, 0.000000, -1.#QNAN0
2711.537625, 251.515012, 0.000000, -1.#QNAN0
2711.608390, 251.523075, 0.000000, -1.#QNAN0
2711.679155, 251.531138, 0.000000, -1.#QNAN0
2712.107596, 251.579954, 0.000000, -1.#QNAN0
2712.178361, 251.588017, 0.000000, -1.#QNAN0
2712.249127, 251.596080, 0.000000, -1.#QNAN0
2712.319892, 251.604143, 0.000000, -1.#QNAN0
2712.390657, 251.612205, 0.000000, -1.#QNAN0
2712.819097, 251.661021, 0.000000, -1.#QNAN0
2712.889862, 251.669084, 0.000000, -1.#QNAN0
2712.960627, 251.677147, 0.000000, -1.#QNAN0
2713.031393, 251.685210, 0.000000, -1.#QNAN0
2713.102158, 251.693273, 0.000000, -1.#QNAN0
2713.530598, 251.742088, 0.000000, -1.#QNAN0
2713.601363, 251.750151, 0.000000, -1.#QNAN0
2713.672128, 251.758214, 0.000000, -1.#QNAN0
2713.742893, 251.766277, 0.000000, -1.#QNAN0
2713.813659, 251.774340, 0.000000, -1.#QNAN0
2714.242100, 251.823156, 0.000000, -1.#QNAN0
2714.312865, 251.831218, 0.000000, -1.#QNAN0
2714.383630, 251.839281, 0.000000, -1.#QNAN0
2714.454395, 251.847344, 0.000000, -1.#QNAN0
2714.525160, 251.855407, 0.000000, -1.#QNAN0
2714.953600, 251.904223, 0.000000, -1.#QNAN0
2715.024366, 251.912286, 0.000000, -1.#QNAN0
2715.095131, 251.920348, 0.000000, -1.#QNAN0
2715.165896, 251.928411, 0.000000, -1.#QNAN0
2715.236661, 251.936474, 0.000000, -1.#QNAN0
2715.664658, 251.985226, 0.000000, -1.#QNAN0
2715.735426, 251.993269, 0.000000, -1.#QNAN0
2715.806193, 252.001312, 0.000000, -1.#QNAN0
2715.876961, 252.009355, 0.000000, -1.#QNAN0
2715.947728, 252.017398, 0.000000, -1.#QNAN0
2716.372912, 252.065626, 0.000000, -1.#QNAN0
2716.443696, 252.073522, 0.000000, -1.#QNAN0
2716.514480, 252.081418, 0.000000, -1.#QNAN0
2716.585264, 252.089314, 0.000000, -1.#QNAN0
2716.656048, 252.097210, 0.000000, -1.#QNAN0
2717.077961, 252.144088, 0.000000, -1.#QNAN0
2717.148777, 252.151685, 0.000000, -1.#QNAN0
2717.219594, 252.159283, 0.000000, -1.#QNAN0
2717.290410, 252.166881, 0.000000, -1.#QNAN0
2717.361227, 252.174479, 0.000000, -1.#QNAN0
2717.783465, 252.219596, 0.000000, -1.#QNAN0
2717.691164, 253.809159, -1.000000, -1.#QNAN0
2717.926377, 252.222398, 1.000000, -1.#QNAN0
2717.997224, 252.229703, 1.000000, -1.#QNAN0
2718.068072, 252.237008, 1.000000, -1.#QNAN0
2718.491744, 252.268580, 1.000000, -1.#QNAN0
2718.562620, 252.275599, 1.000000, -1.#QNAN0
2718.634666, 252.270804, 1.000000, -1.#QNAN0
2718.705543, 252.277822, 1.000000, -1.#QNAN0
2718.776419, 252.284841, 1.000000, -1.#QNAN0
2719.200248, 252.314704, 1.000000, -1.#QNAN0
2719.271152, 252.321441, 1.000000, -1.#QNAN0
2719.343178, 252.316360, 1.000000, -1.#QNAN0
2719.414082, 252.323097, 1.000000, -1.#QNAN0
2719.484985, 252.329834, 1.000000, -1.#QNAN0
2719.908964, 252.358021, 1.000000, -1.#QNAN0
2719.979893, 252.364482, 1.000000, -1.#QNAN0
2720.050823, 252.370943, 1.000000, -1.#QNAN0
2720.122829, 252.365582, 1.000000, -1.#QNAN0
